 -0.2460138719  -0.2127430200  -0.2127430200  -0.0076982521  -0.2453976033  -0.2453976033  -0.0019569457  -0.1660812659  -0.1660812659  -0.0002473526  -0.1727439521  -0.1727439521  -0.0152672859  -0.2484132207  -0.2484132207  -0.0086187600  -0.2121058450  -0.2121058450  -0.0024096658  -0.1630812247  -0.1630812247  -0.0164931323  -0.2484266440  -0.2484266440 
 -0.2773877458  -0.2775817997  -0.2775817997  -0.0104386729  -0.2777802814  -0.2777802814  -0.0017047766  -0.2495163882  -0.2495163882  -0.0001880529  -0.2083960529  -0.2083960529  -0.0187454778  -0.2777610066  -0.2777610066  -0.0113818118  -0.2777064716  -0.2777064716  -0.0020682799  -0.2109430168  -0.2109430168  -0.0199418595  -0.2777326853  -0.2777326853 
 -0.3894757396  -0.3899749968  -0.3899749968  -0.0130508821  -0.3900998042  -0.3900998042  -0.0014644053  -0.3900370010  -0.3900370010  -0.0001315276  -0.3903167464  -0.3903167464  -0.0220609414  -0.3903748392  -0.3903748392  -0.0140155934  -0.3900513746  -0.3900513746  -0.0017428659  -0.3901085892  -0.3901085892  -0.0232292368  -0.3903501620  -0.3903501620 
 -0.2683400290  -0.2680450218  -0.2680450218  -0.0102640463  -0.2677413574  -0.2677413574  -0.0017208454  -0.2182280134  -0.2182280134  -0.0001918316  -0.2342811544  -0.2342811544  -0.0185238387  -0.2683793830  -0.2683793830  -0.0112057432  -0.2676903311  -0.2676903311  -0.0020900339  -0.2068391710  -0.2068391710  -0.0197220979  -0.2683899564  -0.2683899564 
 -0.7032662015  -0.7032662015  -0.7032631656  -0.0130508821  -0.7411931742  -0.7411928145  -0.0014644053  -0.7032401944  -0.7032522646  -0.0001315276  -0.7032203954  -0.7032483581  -0.0220609414  -0.7411971465  -0.7411920981  -0.0140155934  -0.7411914903  -0.7411932802  -0.0017428659  -0.7032577149  -0.7032640290  -0.0232292368  -0.7411896649  -0.7411941564 
 -0.7874510820  -0.7874509978  -0.7874509944  -0.0072774701  -0.6892011330  -0.6892381656  -0.0019956654  -0.6683055291  -0.6897359849  -0.0002564579  -0.6891954039  -0.6891983917  -0.0147332218  -0.6891392973  -0.6901975283  -0.0081945031  -0.6892402221  -0.6892414677  -0.0024620844  -0.6890088856  -0.6898463166  -0.0159635924  -0.6891254655  -0.6902186786 
 -0.5907215403  -0.5907215403  -0.5900305939  -0.0117861250  -0.5908223378  -0.5907452192  -0.0015807862  -0.5907671968  -0.5906643673  -0.0001588955  -0.5907152170  -0.5906939068  -0.0204556887  -0.5907363754  -0.5898102139  -0.0127403916  -0.5906488324  -0.5906103689  -0.0019004220  -0.5905953982  -0.5904151340  -0.0216375826  -0.5903943061  -0.5903887835 
 -0.0767540600  -0.0767436145  -0.0767436145  -0.0073218088  -0.0919946926  -0.0920001217  -0.0019915854  -0.0453999452  -0.0527485804  -0.0002554985  -0.0739081809  -0.0766211828  -0.0147894973  -0.0951319537  -0.0907346159  -0.0082392080  -0.0761777628  -0.0766486464  -0.0024565609  -0.0672986226  -0.0744499428  -0.0160193912  -0.0936323089  -0.0916884553 
 -0.1418593088  -0.1034426849  -0.1034426849  -0.0108602586  -0.1417644401  -0.1417814461  -0.0016659830  -0.0908214452  -0.0906698949  -0.0001789303  -0.0962437913  -0.0959554165  -0.0192805621  -0.1418296545  -0.1418125281  -0.0118068791  -0.1419697585  -0.1417500263  -0.0020157612  -0.0908160184  -0.0907524806  -0.0204724109  -0.1417988800  -0.1418619512 
 -0.3972646201  -0.3972646201  -0.3290836080  -0.0112622455  -0.3968616910  -0.3972532721  -0.0016289928  -0.3290821081  -0.3977683558  -0.0001702317  -0.3290906356  -0.3298644309  -0.0197907712  -0.3972583361  -0.3959039636  -0.0122121857  -0.3290924847  -0.3291048445  -0.0019656840  -0.3290711280  -0.3290985065  -0.0209782979  -0.3290805752  -0.3290650009 
 -0.1186590724  -0.1143417787  -0.1143417818  -0.0083958070  -0.1516003368  -0.1282876441  -0.0018927578  -0.1149486189  -0.1149085856  -0.0002322583  -0.1110017565  -0.0979602813  -0.0161526354  -0.1512474835  -0.1154495727  -0.0093220755  -0.1507001904  -0.1198166657  -0.0023227684  -0.0911392964  -0.0982565072  -0.0173709817  -0.1282255311  -0.1151585594 
 -0.0565546286  -0.0565546286  -0.0566165535  -0.0077634285  -0.0869946823  -0.0870338264  -0.0019509482  -0.0478418916  -0.0557254040  -0.0002459423  -0.0220520440  -0.0395933806  -0.0153500090  -0.0434705103  -0.0869776551  -0.0086844746  -0.0788086130  -0.0870318157  -0.0024015465  -0.0412146717  -0.0412097231  -0.0151744891  -0.0869841893  -0.0870357953 
 -0.0133238440  -0.0133245149  -0.0133245149  -0.0072043047  -0.0065637401  -0.0116636056  -0.0019936937  -0.0076333675  -0.0076434824  -0.0002580411  -0.0133189034  -0.0133171636  -0.0061079723  -0.0093862081  -0.0096877020  -0.0073749992  -0.0073750915  -0.0132993726  -0.0021353968  -0.0075433685  -0.0132964732  -0.0061095283  -0.0093861083  -0.0096877162 
 -0.0803524058  -0.0803524058  -0.0803497060  -0.0117861250  -0.0801297849  -0.0773053446  -0.0015807862  -0.0766845303  -0.0649124844  -0.0001588955  -0.0622383290  -0.0803004746  -0.0204556887  -0.0947572658  -0.0544088912  -0.0127403916  -0.0790082574  -0.0790058094  -0.0019004220  -0.0633949851  -0.0766637946  -0.0210044975  -0.0544088962  -0.0544469767 
 -0.3021277821  -0.3084191466  -0.3084191466  -0.0130508821  -0.3085701692  -0.3085701692  -0.0014644053  -0.3085405568  -0.3085405568  -0.0001315276  -0.3105920259  -0.3105920259  -0.0220609414  -0.3085735557  -0.3085735557  -0.0140155934  -0.3087514154  -0.3087514154  -0.0017428659  -0.3038291285  -0.3038291285  -0.0232292368  -0.3084866574  -0.3084866574 
 -0.8129347653  -0.8129765924  -0.8129765923  -0.0130508821  -0.8655911078  -0.8658333119  -0.0014644053  -0.8132476348  -0.8132829807  -0.0001315276  -0.8128814729  -0.8129693479  -0.0220609414  -0.8659497808  -0.8657673404  -0.0140155934  -0.8655803149  -0.8656757562  -0.0017428659  -0.8130750475  -0.8131881298  -0.0232292368  -0.8659469425  -0.8656171564 
 -0.2809833033  -0.2809833033  -0.2810269944  -0.0130508821  -0.2810220235  -0.2810141323  -0.0014644053  -0.2810283952  -0.2809987827  -0.0001315276  -0.2809135953  -0.2810159535  -0.0220609414  -0.2810272799  -0.2810041082  -0.0140155934  -0.2810130336  -0.2810019956  -0.0017428659  -0.2810284557  -0.2810200094  -0.0232292368  -0.2810079743  -0.2810337748 
 -0.8590279615  -0.8590275555  -0.8590275555  -0.0130508821  -0.8590374699  -0.8590248750  -0.0014644053  -0.8588285236  -0.8588205207  -0.0001315276  -0.8593154473  -0.8593237283  -0.0220609414  -0.8588362953  -0.8588144208  -0.0140155934  -0.8592852456  -0.8593106003  -0.0017428659  -0.8589188594  -0.8589272425  -0.0232292368  -0.8589272987  -0.8588708802 
 -0.3190589073  -0.3190589111  -0.2594631761  -0.0074451904  -0.2595101876  -0.2594251817  -0.0019802320  -0.2561680665  -0.3036259101  -0.0002528286  -0.2588860628  -0.2561145222  -0.0149460955  -0.2978513521  -0.3275408542  -0.0083636085  -0.2594864763  -0.3010409992  -0.0024411907  -0.2593773535  -0.2634852754  -0.0161746628  -0.3032732109  -0.3311508745 
 -0.8188795581  -0.8197034401  -0.8197034401  -0.0076635269  -0.8197012923  -0.8196799620  -0.0019601410  -0.8189161973  -0.8189251535  -0.0002481040  -0.8197030605  -0.8196977602  -0.0152232120  -0.8188973472  -0.8189667706  -0.0085837480  -0.8196967342  -0.8196677721  -0.0024139916  -0.8197040068  -0.8197039659  -0.0164494318  -0.8196997745  -0.8196769643 
 -0.2796249693  -0.2796249693  -0.2796251700  -0.0086696350  -0.2796214475  -0.2796175613  -0.0018675606  -0.2796284573  -0.2796180809  -0.0002263330  -0.2796259973  -0.2796273846  -0.0165001828  -0.2796166255  -0.2796303237  -0.0095981648  -0.2796155990  -0.2796332370  -0.0022886565  -0.2796195474  -0.2796294301  -0.0177155850  -0.2796311598  -0.2796277367 
 -0.5428153837  -0.5428153835  -0.5428123695  -0.0077311337  -0.5426045328  -0.5426090582  -0.0019539200  -0.5427508836  -0.5426044823  -0.0002466411  -0.5426110572  -0.5426047767  -0.0153090199  -0.5426031343  -0.5426029928  -0.0086519131  -0.5426008958  -0.5425974697  -0.0024055696  -0.5425991271  -0.5426448418  -0.0165345128  -0.5426010912  -0.5426636052 
 -0.2630740892  -0.2672941186  -0.2672941186  -0.0076635269  -0.3133971232  -0.3133971232  -0.0019601410  -0.2634193758  -0.2634193758  -0.0002481040  -0.2676896693  -0.2676896693  -0.0152232120  -0.2630606012  -0.2630606012  -0.0085837480  -0.2675857488  -0.2675857488  -0.0024139916  -0.2676607696  -0.2676607696  -0.0164494318  -0.2675749962  -0.2675749962 
 -0.0095153582  -0.0095126523  -0.0095126523  -0.0108602586  -0.0151023733  -0.0150931741  -0.0016608541  -0.0069803838  -0.0079740997  -0.0001789303  -0.0064843724  -0.0068262557  -0.0129174920  -0.0151088402  -0.0150920683  -0.0108211337  -0.0108211968  -0.0150940989  -0.0017983466  -0.0069747244  -0.0084916082  -0.0129576216  -0.0129576217  -0.0150937444 
 -0.0224873662  -0.0224855156  -0.0224855156  -0.0062051835  -0.0118158633  -0.0095798311  -0.0020876797  -0.0102700615  -0.0108032936  -0.0002796610  -0.0224950968  -0.0224948658  -0.0070375691  -0.0096946614  -0.0102147872  -0.0063272046  -0.0101848092  -0.0224949145  -0.0023951670  -0.0184965497  -0.0224907599  -0.0082297249  -0.0096893504  -0.0102143302 
 -0.0244791249  -0.0244791250  -0.0627998658  -0.0075639863  -0.0631689411  -0.0630096617  -0.0019693006  -0.0458655981  -0.0571651911  -0.0002502580  -0.0191101603  -0.0191164620  -0.0150968734  -0.0244324764  -0.0244324765  -0.0084833854  -0.0423794424  -0.0209181746  -0.0024263918  -0.0319372778  -0.0320818503  -0.0154811067  -0.0244324770  -0.0630090082 
 -0.3752907173  -0.3752907169  -0.3752931448  -0.0104472193  -0.3752930515  -0.3752933597  -0.0017039902  -0.3752911496  -0.3725519204  -0.0001878680  -0.3752914490  -0.3752980622  -0.0187563251  -0.3752957065  -0.3752652038  -0.0113904289  -0.3752946138  -0.3752947186  -0.0020672152  -0.3752907863  -0.3033214316  -0.0199526149  -0.3752982551  -0.3752985298 
 -0.3569095911  -0.3569095911  -0.3034388902  -0.0080615589  -0.3352035666  -0.3351510567  -0.0019235148  -0.2674032144  -0.2798631346  -0.0002394911  -0.3119171975  -0.2589199498  -0.0157284015  -0.3345619952  -0.3324889227  -0.0089850670  -0.3342590282  -0.3346291282  -0.0023644071  -0.3105655373  -0.2579767769  -0.0169503417  -0.3343909107  -0.3345893682 
 -0.0366500781  -0.0366500781  -0.0366490127  -0.0080847862  -0.0356158960  -0.0354099683  -0.0019213774  -0.0309560452  -0.0304096095  -0.0002389885  -0.0173885646  -0.0222614792  -0.0157578821  -0.0557188242  -0.0557188248  -0.0090084862  -0.0354249917  -0.0352452829  -0.0023615136  -0.0304255809  -0.0299199414  -0.0161595990  -0.0557188257  -0.0518758775 
 -0.0451380183  -0.0451380183  -0.0451183324  -0.0086696350  -0.0453766911  -0.0451930549  -0.0018675606  -0.0656375096  -0.0451930472  -0.0002263330  -0.0587606796  -0.0452013758  -0.0165001828  -0.0451930548  -0.0452124001  -0.0095981648  -0.1020774380  -0.0453278690  -0.0022886565  -0.0591521905  -0.0454681885  -0.0167582804  -0.1020823000  -0.0453274831 
 -0.5231249377  -0.5231249376  -0.5231249376  -0.0098620594  -0.5230744279  -0.5230647835  -0.0017578356  -0.5230836169  -0.5230490639  -0.0002005302  -0.5228483309  -0.5229139451  -0.0180136296  -0.5230461141  -0.5230243469  -0.0108004366  -0.5231249741  -0.5231236783  -0.0021401111  -0.5227434041  -0.5230935697  -0.0192162109  -0.5230858788  -0.5230686739 
 -0.2652784141  -0.2461088163  -0.2461088163  -0.0106859349  -0.2653489875  -0.2653489875  -0.0016820239  -0.1965144958  -0.1965144958  -0.0001827024  -0.2006500188  -0.2006500188  -0.0190593074  -0.2652746091  -0.2652746091  -0.0116311159  -0.2642931314  -0.2642931314  -0.0020374774  -0.1967865485  -0.1967865485  -0.0202530305  -0.2652660832  -0.2652660832 
 -0.3816938196  -0.3816938196  -0.3805234191  -0.0106859349  -0.3809022841  -0.3809072930  -0.0016820239  -0.3816948732  -0.3465872730  -0.0001827024  -0.3805386088  -0.2994067172  -0.0190593074  -0.3810489171  -0.3810728728  -0.0116311159  -0.3809090797  -0.3809090397  -0.0020374774  -0.3805603376  -0.3027878555  -0.0202530305  -0.3808086643  -0.3808378847 
 -0.8535455082  -0.8535454452  -0.8535454452  -0.0101300507  -0.8534860871  -0.8535004377  -0.0017331755  -0.8535607936  -0.8535589338  -0.0001947312  -0.8536042085  -0.8535752305  -0.0183537690  -0.8535331907  -0.8535543057  -0.0110706410  -0.8535088602  -0.8535474096  -0.0021067263  -0.8535474005  -0.8536046242  -0.0195534689  -0.8535564482  -0.8535993088 
 -0.2200783309  -0.2200783309  -0.2200790089  -0.0074374092  -0.2200790112  -0.2200777320  -0.0019809480  -0.2183749438  -0.2200770911  -0.0002529970  -0.1270464182  -0.1272181193  -0.0149362194  -0.2200664561  -0.2200749747  -0.0083557630  -0.2200757440  -0.2200740875  -0.0024421601  -0.1519682863  -0.2006577720  -0.0161648704  -0.2200766250  -0.2200767839 
 -0.1002067296  -0.1002067296  -0.0401536487  -0.0086696350  -0.0404990383  -0.0402078371  -0.0018675606  -0.0816649844  -0.0403531694  -0.0002263330  -0.0632278696  -0.0401699390  -0.0165001828  -0.0401699390  -0.0404641121  -0.0095981648  -0.0998457627  -0.0404990383  -0.0022886565  -0.0573266673  -0.0999611280  -0.0167814875  -0.1002078316  -0.1002078316 
 -0.3060168283  -0.3060168303  -0.3060710896  -0.0077568752  -0.3059903095  -0.3060035311  -0.0019515513  -0.3060640216  -0.2674138290  -0.0002460841  -0.3060601519  -0.2652745475  -0.0153416914  -0.3054630803  -0.3518392234  -0.0086778672  -0.3059924182  -0.3059926741  -0.0024023628  -0.3060351599  -0.2678047666  -0.0165669075  -0.3054491764  -0.3518963514 
 -0.2721587625  -0.2721587780  -0.2644468817  -0.0072903726  -0.2608018955  -0.2618216463  -0.0019944781  -0.2739755833  -0.2706534500  -0.0002561787  -0.2635328411  -0.2728492358  -0.0147495979  -0.2641394169  -0.2629193884  -0.0082075121  -0.2658383946  -0.2644061082  -0.0024604771  -0.2647701299  -0.2646363280  -0.0159798298  -0.2660382235  -0.2647998395 
 -0.5840759448  -0.5840759448  -0.5840760077  -0.0075014887  -0.5840760143  -0.5840757294  -0.0019750515  -0.5840739756  -0.5840731425  -0.0002516104  -0.5840729149  -0.5840723320  -0.0150175503  -0.5840720386  -0.5840720937  -0.0084203717  -0.5840730291  -0.5840719119  -0.0024341774  -0.5840721411  -0.5840706865  -0.0162455123  -0.5840689898  -0.5840691340 
 -0.2288424925  -0.1927861820  -0.1927861820  -0.0080615589  -0.2325977453  -0.2325977453  -0.0019235148  -0.2151007484  -0.2151007484  -0.0002394911  -0.1700708878  -0.1700708878  -0.0157284015  -0.2421335135  -0.2421335135  -0.0089850670  -0.2326385191  -0.2326385191  -0.0023644071  -0.1656414867  -0.1656414867  -0.0169503417  -0.2121558810  -0.2121558810 
 -0.0551612388  -0.0551612388  -0.0551632093  -0.0112622455  -0.0672919423  -0.0672194687  -0.0016289928  -0.0474694107  -0.0527792568  -0.0001702317  -0.0546947162  -0.0655983268  -0.0197907712  -0.0272787572  -0.0273122337  -0.0122121857  -0.0655512713  -0.0672554677  -0.0019656840  -0.0434253619  -0.0524072622  -0.0203245009  -0.0804935143  -0.0806583685 
 -0.0510961083  -0.0510961083  -0.0531389559  -0.0130508821  -0.0504351220  -0.0504500509  -0.0014644053  -0.0299434289  -0.0744600636  -0.0001315276  -0.0531951244  -0.0531148960  -0.0220609414  -0.0330199508  -0.0744600635  -0.0140155934  -0.0504201686  -0.0504254811  -0.0017428659  -0.0493494304  -0.0328868626  -0.0225705249  -0.0744600638  -0.0560327593 
 -0.4935520742  -0.4935520786  -0.4936375188  -0.0130508821  -0.4935289116  -0.4935369781  -0.0014644053  -0.4935937035  -0.4936374719  -0.0001315276  -0.4936259694  -0.4936343888  -0.0220609414  -0.4935978193  -0.4936147602  -0.0140155934  -0.4936104929  -0.4936153842  -0.0017428659  -0.4936339059  -0.4936384644  -0.0232292368  -0.4936082225  -0.4936101957 
 -0.0757791898  -0.0757811621  -0.0288581951  -0.0096909895  -0.0288949504  -0.0760759225  -0.0017735772  -0.0429122428  -0.0527655833  -0.0002042320  -0.0168937306  -0.0603147752  -0.0177965045  -0.0760759218  -0.0287534786  -0.0106279539  -0.0455703054  -0.0285900836  -0.0021614220  -0.0429180541  -0.0557125589  -0.0182366906  -0.0286732750  -0.0758537778 
 -0.0095710864  -0.0096116802  -0.0096116802  -0.0073004952  -0.0080055519  -0.0081344400  -0.0019831520  -0.0097118966  -0.0131955524  -0.0002559597  -0.0106073520  -0.0105984302  -0.0066065193  -0.0066065193  -0.0069017693  -0.0073824458  -0.0080130373  -0.0080022509  -0.0020693644  -0.0094880760  -0.0112320579  -0.0065843368  -0.0065843368  -0.0081273673 
 -0.3042586149  -0.3042586121  -0.2982015040  -0.0074288521  -0.3469136983  -0.3468940219  -0.0019817354  -0.3008679779  -0.2530298740  -0.0002531822  -0.3029643422  -0.2986754202  -0.0149253586  -0.3010887973  -0.3009716764  -0.0083471352  -0.3030244865  -0.3020776071  -0.0024432261  -0.3015020369  -0.2527282894  -0.0161541016  -0.3009443961  -0.3009653930 
 -0.2933363867  -0.2898976996  -0.2898976996  -0.0094108985  -0.2928536353  -0.2928536353  -0.0017993507  -0.2833438685  -0.2833438685  -0.0002102928  -0.2489950206  -0.2489950206  -0.0174410080  -0.2927092325  -0.2927092325  -0.0103455499  -0.2928563850  -0.2928563850  -0.0021963141  -0.2830749300  -0.2830749300  -0.0186484402  -0.2927186257  -0.2927186257 
 -0.7040744256  -0.7040744256  -0.7040764032  -0.0130508821  -0.7040656525  -0.7041138524  -0.0014644053  -0.7040900720  -0.7040912123  -0.0001315276  -0.7041003668  -0.7040917286  -0.0220609414  -0.7040965491  -0.7362086203  -0.0140155934  -0.7040796744  -0.7040920292  -0.0017428659  -0.7040719041  -0.7040610823  -0.0232292368  -0.7040728031  -0.7040788466 
 -0.7601044508  -0.7601044508  -0.7601265666  -0.0130508821  -0.7601106003  -0.7601272998  -0.0014644053  -0.7601142928  -0.7601049999  -0.0001315276  -0.7035547468  -0.7036420558  -0.0220609414  -0.7600907523  -0.7601116304  -0.0140155934  -0.7601155289  -0.7601183544  -0.0017428659  -0.7600903976  -0.7601259403  -0.0232292368  -0.7601048223  -0.7601106116 
 -0.8582482712  -0.8582432905  -0.8582430879  -0.0106859349  -0.8583101922  -0.8583375624  -0.0016820239  -0.8581872659  -0.8582258348  -0.0001827024  -0.8582246418  -0.8582494862  -0.0190593074  -0.8581897006  -0.8583022421  -0.0116311159  -0.8583032015  -0.8583460263  -0.0020374774  -0.8581785320  -0.8583013613  -0.0202530305  -0.8581927236  -0.8582946219 
 -0.1959606342  -0.2501108632  -0.2501108632  -0.0069166093  -0.2501515753  -0.2501515753  -0.0020288712  -0.2456566145  -0.2456566145  -0.0002642665  -0.2494653554  -0.2494653554  -0.0142752107  -0.2460450448  -0.2460450448  -0.0078306622  -0.2501714592  -0.2501714592  -0.0025070383  -0.2379885103  -0.2379885103  -0.0155094613  -0.2480994913  -0.2480994913 
 -0.0085422746  -0.0085260311  -0.0089497882  -0.0077661483  -0.0094037868  -0.0060515990  -0.0019137611  -0.0061151549  -0.0061133962  -0.0002458834  -0.0073197103  -0.0073168291  -0.0082821100  -0.0095140012  -0.0122055474  -0.0079117421  -0.0079118524  -0.0060506729  -0.0019235563  -0.0019243894  -0.0061136033  -0.0081766507  -0.0081766508  -0.0122230984 
 -0.5119677203  -0.5119677215  -0.5119677215  -0.0104386729  -0.5125170664  -0.5125397245  -0.0017047766  -0.5121079218  -0.5111686726  -0.0001880529  -0.5120692033  -0.5120600595  -0.0187454778  -0.5120698161  -0.5120706529  -0.0113818118  -0.5125655573  -0.5121316808  -0.0020682799  -0.5121626885  -0.4815275729  -0.0199418595  -0.5120665140  -0.5121513474 
 -0.5951725553  -0.5951725754  -0.5951725754  -0.0130508821  -0.6003270279  -0.6001643512  -0.0014644053  -0.5951758855  -0.5342802863  -0.0001315276  -0.5951725653  -0.5409597164  -0.0220609414  -0.6001630553  -0.6001380746  -0.0140155934  -0.5951682347  -0.6003102619  -0.0017428659  -0.5951755059  -0.5410195321  -0.0232292368  -0.5980528717  -0.6003312254 
 -0.8564607354  -0.8564608712  -0.8564607848  -0.0106859349  -0.8550850624  -0.8550784938  -0.0016820239  -0.8565152739  -0.8565436728  -0.0001827024  -0.8564714580  -0.8564900915  -0.0190593074  -0.8570182049  -0.8569672155  -0.0116311159  -0.8551287625  -0.8551495720  -0.0020374774  -0.8565240013  -0.8565511580  -0.0202530305  -0.8569334436  -0.8568927803 
 -0.6994532286  -0.6994537638  -0.6994537541  -0.0077311337  -0.6991885757  -0.6991796258  -0.0019539200  -0.6991066738  -0.6990993580  -0.0002466411  -0.6991556786  -0.6992013143  -0.0153090199  -0.6991170122  -0.6991191837  -0.0086519131  -0.6991849676  -0.6991807956  -0.0024055696  -0.6991657618  -0.6991663795  -0.0165345128  -0.6991420568  -0.6991076813 
 -0.8590279615  -0.8590275555  -0.8590275555  -0.0130508821  -0.8590374699  -0.8590248750  -0.0014644053  -0.8588285236  -0.8588205207  -0.0001315276  -0.8593154473  -0.8593237283  -0.0220609414  -0.8588362953  -0.8588144208  -0.0140155934  -0.8592852456  -0.8593106003  -0.0017428659  -0.8589188594  -0.8589272425  -0.0232292368  -0.8589272987  -0.8588708802 
 -0.0941081853  -0.0941242371  -0.0941242395  -0.0059746170  -0.1010493124  -0.0947165523  -0.0021155518  -0.0885863111  -0.0932861480  -0.0002846502  -0.0901889639  -0.0941339810  -0.0130796169  -0.0998656953  -0.0994043552  -0.0068808907  -0.0921438221  -0.0947105841  -0.0026243863  -0.0886947290  -0.0918514088  -0.0143239957  -0.1012382581  -0.0946735744 
 -0.0135372599  -0.0135361659  -0.0135361659  -0.0130508821  -0.0134140159  -0.0135373736  -0.0014376745  -0.0067661700  -0.0067665375  -0.0001315276  -0.0020191742  -0.0135224652  -0.0133258329  -0.0133258329  -0.0135367770  -0.0131875162  -0.0131875169  -0.0135370261  -0.0014425647  -0.0014425778  -0.0067661614  -0.0133278861  -0.0133278861  -0.0135373225 
 -0.3971891879  -0.3971891879  -0.3972742664  -0.0130508821  -0.3973317016  -0.3972758635  -0.0014644053  -0.3973282056  -0.3973703720  -0.0001315276  -0.3972129271  -0.3969718921  -0.0220609414  -0.3973143350  -0.3973245640  -0.0140155934  -0.3973780835  -0.3973683436  -0.0017428659  -0.3973036114  -0.3973514986  -0.0232292368  -0.3972960414  -0.3972985263 
 -0.2087082363  -0.2390545052  -0.2390545052  -0.0078559903  -0.2521662689  -0.2521662689  -0.0019424309  -0.1784337840  -0.1784337840  -0.0002439393  -0.1672299661  -0.1672299661  -0.0154674902  -0.2434235733  -0.2434235733  -0.0087778009  -0.2412003788  -0.2412003788  -0.0023900156  -0.1488233064  -0.1488233064  -0.0166916406  -0.2435863876  -0.2435863876 
 -0.3843348080  -0.3842818907  -0.3842818907  -0.0086696350  -0.3843631022  -0.3843631022  -0.0018675606  -0.3843704971  -0.3843704971  -0.0002263330  -0.3843281278  -0.3843281278  -0.0165001828  -0.3842842904  -0.3842842904  -0.0095981648  -0.3843393127  -0.3843393127  -0.0022886565  -0.3841351439  -0.3841351439  -0.0177155850  -0.3843329141  -0.3843329141 
 -0.5292571986  -0.5292571987  -0.5292571987  -0.0095901688  -0.5292570752  -0.5292576334  -0.0017828546  -0.5292658954  -0.5292786341  -0.0002064136  -0.5292534477  -0.5292645988  -0.0176685411  -0.5292690180  -0.5292759029  -0.0105263006  -0.5292574458  -0.5292513551  -0.0021739817  -0.5292618405  -0.5292713807  -0.0188740458  -0.5292651598  -0.5292658345 
 -0.1615194215  -0.1616158531  -0.1616158509  -0.0089116478  -0.1613877556  -0.1616102694  -0.0018452910  -0.1583984323  -0.1616101721  -0.0002210961  -0.1613939653  -0.1616129461  -0.0168073499  -0.1612717498  -0.1614340277  -0.0098421762  -0.1614413479  -0.1616039064  -0.0022585079  -0.1541988163  -0.1614921189  -0.0180201500  -0.1614504691  -0.1614734800 
 -0.3105160400  -0.3103581786  -0.3103581786  -0.0095128064  -0.3105060209  -0.3105060209  -0.0017899733  -0.3103531819  -0.3103531819  -0.0002080877  -0.3102105835  -0.3102105835  -0.0175703513  -0.3105183771  -0.3105183771  -0.0104482993  -0.3105077244  -0.3105077244  -0.0021836190  -0.3104035749  -0.3104035749  -0.0187766878  -0.3105282013  -0.3105282013 
 -0.0929717190  -0.0689708171  -0.0689708171  -0.0072903726  -0.0972222904  -0.0969836205  -0.0019944781  -0.0705953605  -0.0713799041  -0.0002561787  -0.0686666643  -0.0727715188  -0.0147495979  -0.0917670102  -0.0867602638  -0.0082075121  -0.0360479072  -0.0716387045  -0.0024604771  -0.0531725859  -0.0529293376  -0.0159798298  -0.0916413570  -0.0982093574 
 -0.1093515582  -0.1093870268  -0.1093870268  -0.0102640463  -0.1112474044  -0.1112233748  -0.0017208454  -0.0852446313  -0.1093948839  -0.0001918316  -0.0735588413  -0.1011474268  -0.0185238387  -0.1118878641  -0.1112233863  -0.0112057432  -0.1108798717  -0.1099510639  -0.0020900339  -0.0841639079  -0.0928070555  -0.0197220979  -0.1118875624  -0.1112351848 
 -0.0931391893  -0.0931391879  -0.0931672161  -0.0088169893  -0.0930423969  -0.0931672168  -0.0018540013  -0.0905546875  -0.0929821257  -0.0002231444  -0.0173745127  -0.0928690927  -0.0166872075  -0.0382744786  -0.0385425812  -0.0097467360  -0.0383901088  -0.0931669421  -0.0022702999  -0.0677914531  -0.0385425811  -0.0167527749  -0.0385425812  -0.0385425812 
 -0.0063783639  -0.0063799657  -0.0063799657  -0.0101300507  -0.0103894847  -0.0103924623  -0.0017067615  -0.0086395935  -0.0086222114  -0.0001947312  -0.0043030455  -0.0045318439  -0.0104299753  -0.0104299753  -0.0104213631  -0.0102460325  -0.0102460335  -0.0103804952  -0.0017171450  -0.0017171713  -0.0086215898  -0.0104298356  -0.0104298356  -0.0104250279 
 -0.5216914596  -0.5216914587  -0.5216914587  -0.0099714664  -0.5217166812  -0.5217201067  -0.0017477682  -0.5217157053  -0.5217243377  -0.0001981627  -0.5216412808  -0.5215868592  -0.0181524909  -0.5217272944  -0.5217334262  -0.0109107471  -0.5216735300  -0.5216662232  -0.0021264818  -0.5216752231  -0.5216776696  -0.0193538959  -0.5216919184  -0.5216871906 
 -0.8580030550  -0.8580030913  -0.8580032282  -0.0130508821  -0.8580021432  -0.8580167297  -0.0014644053  -0.8579759959  -0.8579633978  -0.0001315276  -0.8580739563  -0.8580733190  -0.0220609414  -0.8579284028  -0.8579813875  -0.0140155934  -0.8580265130  -0.8580636065  -0.0017428659  -0.8579980661  -0.8579843696  -0.0232292368  -0.8579472391  -0.8580088930 
 -0.0533576180  -0.0529083534  -0.0475067041  -0.0076982521  -0.0461685834  -0.0583018750  -0.0019569457  -0.0271402505  -0.0290082140  -0.0002473526  -0.0264950008  -0.0192983932  -0.0152672859  -0.0230418242  -0.0231631719  -0.0086187600  -0.0196957342  -0.0359333891  -0.0024096658  -0.0269467646  -0.0273207108  -0.0156554887  -0.0584102702  -0.0584971166 
 -0.1394659862  -0.1395340376  -0.1395618544  -0.0130508821  -0.1394129906  -0.1393484676  -0.0014644053  -0.1125869576  -0.1395162415  -0.0001315276  -0.1395808073  -0.1395601563  -0.0220609414  -0.1394689285  -0.1393638990  -0.0140155934  -0.1394075634  -0.1393601926  -0.0017428659  -0.0885144715  -0.1395790725  -0.0232292368  -0.1395598568  -0.1395289741 
 -0.7270828474  -0.7270828474  -0.7270845764  -0.0130508821  -0.7292087565  -0.7292521471  -0.0014644053  -0.7260205750  -0.7278959033  -0.0001315276  -0.7232919709  -0.7256049427  -0.0220609414  -0.7292575349  -0.7917525363  -0.0140155934  -0.7279305151  -0.7291959287  -0.0017428659  -0.7232566781  -0.7221337603  -0.0232292368  -0.7292148828  -0.7917610178 
 -0.0134309882  -0.0122005975  -0.0122005975  -0.0130508821  -0.0133660391  -0.0133700478  -0.0014364994  -0.0015993916  -0.0060990796  -0.0001315276  -0.0018837845  -0.0121999939  -0.0134297387  -0.0134297387  -0.0134166920  -0.0131875095  -0.0131875110  -0.0133622649  -0.0014412763  -0.0014412881  -0.0060989698  -0.0134297188  -0.0134297188  -0.0134210895 
 -0.0525858623  -0.0525858623  -0.0525844444  -0.0077996191  -0.0624355542  -0.0651161680  -0.0019476180  -0.0369463108  -0.0369395918  -0.0002451592  -0.0183221225  -0.0335158375  -0.0153959428  -0.0653230420  -0.0244989786  -0.0087209641  -0.0451065387  -0.0651452378  -0.0023970381  -0.0369428280  -0.0369448825  -0.0157892477  -0.0652604226  -0.0247765643 
 -0.8044096805  -0.8044139322  -0.8044139100  -0.0099714664  -0.8044478866  -0.8044581864  -0.0017477682  -0.8042724938  -0.8052499261  -0.0001981627  -0.8044255166  -0.8044382642  -0.0181524909  -0.8042711901  -0.8066027000  -0.0109107471  -0.8043746990  -0.8044112392  -0.0021264818  -0.8043247369  -0.8052769328  -0.0193538959  -0.8043042647  -0.8052429597 
 -0.2999668713  -0.2999668705  -0.3015965458  -0.0078559903  -0.3354399750  -0.3354343593  -0.0019424309  -0.3000659101  -0.3296016534  -0.0002439393  -0.3000212334  -0.2833145063  -0.0154674902  -0.3354914837  -0.3354778735  -0.0087778009  -0.3354330102  -0.3354335262  -0.0023900156  -0.3355605374  -0.3037225303  -0.0166916406  -0.3355217385  -0.3539533220 
 -0.5063101934  -0.5063101915  -0.5063101915  -0.0096909895  -0.5296596533  -0.5296602529  -0.0017735772  -0.5068263953  -0.5072753752  -0.0002042320  -0.5068177817  -0.4515045298  -0.0177965045  -0.5296401958  -0.5296029989  -0.0106279539  -0.5296789138  -0.5293918032  -0.0021614220  -0.5067870352  -0.5074743480  -0.0190009252  -0.5296711617  -0.5297055286 
 -0.5951725553  -0.5951725754  -0.5951725754  -0.0130508821  -0.6003270279  -0.6001643512  -0.0014644053  -0.5951758855  -0.5342802863  -0.0001315276  -0.5951725653  -0.5409597164  -0.0220609414  -0.6001630553  -0.6001380746  -0.0140155934  -0.5951682347  -0.6003102619  -0.0017428659  -0.5951755059  -0.5410195321  -0.0232292368  -0.5980528717  -0.6003312254 
 -0.1172166099  -0.0886841689  -0.1014892118  -0.0110081732  -0.1280485447  -0.1274085128  -0.0016523721  -0.0931421882  -0.0887990283  -0.0001757295  -0.0827117232  -0.0889126306  -0.0194682980  -0.1274055254  -0.1273619192  -0.0119560152  -0.1280487446  -0.1206896542  -0.0019973348  -0.0931386897  -0.0905659009  -0.0206585564  -0.1280484695  -0.1273894902 
 -0.5818446922  -0.5818446922  -0.5820398230  -0.0112622455  -0.5818689122  -0.5818698392  -0.0016289928  -0.5818620624  -0.5818623188  -0.0001702317  -0.5818391876  -0.5818439256  -0.0197907712  -0.5818549737  -0.5803767277  -0.0122121857  -0.5818460054  -0.5818442795  -0.0019656840  -0.5818555330  -0.5818609512  -0.0209782979  -0.5818457717  -0.5803809556 
 -0.2460289069  -0.2674232070  -0.2674232070  -0.0098456703  -0.2685474779  -0.2685474779  -0.0017593437  -0.2687035807  -0.2687035807  -0.0002008848  -0.2150083028  -0.2150083028  -0.0179928282  -0.2685490161  -0.2685490161  -0.0107839121  -0.2685467162  -0.2685467162  -0.0021421528  -0.2661561609  -0.2661561609  -0.0191955858  -0.2685448509  -0.2685448509 
 -0.5554785562  -0.5554785571  -0.5554795262  -0.0104386729  -0.5569047918  -0.5560892388  -0.0017047766  -0.5548855734  -0.5547976179  -0.0001880529  -0.5569344540  -0.5566080552  -0.0187454778  -0.5545871143  -0.6221656153  -0.0113818118  -0.5569185237  -0.5569070212  -0.0020682799  -0.6224701847  -0.6225488836  -0.0199418595  -0.5566072733  -0.6221019146 
 -0.5285991989  -0.5285992014  -0.5285946474  -0.0077996191  -0.5290072005  -0.5290066549  -0.0019476180  -0.5289766388  -0.5289771623  -0.0002451592  -0.5289387044  -0.5289749883  -0.0153959428  -0.5286231206  -0.5285160508  -0.0087209641  -0.5288206132  -0.5285760720  -0.0023970381  -0.5289689545  -0.5289414240  -0.0166206993  -0.5284623544  -0.5289826076 
 -0.2543162366  -0.2525344699  -0.2525344699  -0.0075639863  -0.2576988132  -0.2576988132  -0.0019693006  -0.2529124837  -0.2529124837  -0.0002502580  -0.2062783415  -0.2062783415  -0.0150968734  -0.2603689633  -0.2603689633  -0.0084833854  -0.2538002020  -0.2538002020  -0.0024263918  -0.2063352314  -0.2063352314  -0.0163241634  -0.2537439211  -0.2537439211 
 -0.5888674152  -0.5888674152  -0.5888675307  -0.0097072945  -0.5888789134  -0.5888827016  -0.0017720768  -0.5888788269  -0.5888786896  -0.0002038791  -0.5889641641  -0.5889361620  -0.0178171992  -0.5889745773  -0.5887989598  -0.0106443936  -0.5888054919  -0.5888165182  -0.0021593908  -0.5889610351  -0.5889665029  -0.0190214445  -0.5889583508  -0.5889075740 
 -0.0503325117  -0.0503325117  -0.0501757016  -0.0130508821  -0.0827028573  -0.0502424168  -0.0014644053  -0.0799085135  -0.0683623261  -0.0001315276  -0.0748207593  -0.0826566600  -0.0220609414  -0.1039986340  -0.1039986334  -0.0140155934  -0.0747982181  -0.0826787990  -0.0017428659  -0.0794938683  -0.0683832194  -0.0225013426  -0.1038805836  -0.0501757023 
 -0.2733683210  -0.2733683210  -0.3243225438  -0.0064769086  -0.4136213405  -0.4141288574  -0.0020693317  -0.2224006097  -0.2713387150  -0.0002737812  -0.2725838752  -0.3174023160  -0.0137171346  -0.2216053415  -0.2596117073  -0.0073873303  -0.4164731421  -0.4154515724  -0.0025618137  -0.2796601437  -0.2722019254  -0.0149561128  -0.2261835859  -0.2675102558 
 -0.1030782770  -0.1031108494  -0.1031108565  -0.0078559903  -0.1031979440  -0.0894000557  -0.0019424309  -0.0560114079  -0.0749515532  -0.0002439393  -0.0525189977  -0.0832298430  -0.0154674902  -0.1031786754  -0.1031843604  -0.0087778009  -0.1031984240  -0.1032139679  -0.0023900156  -0.0560200274  -0.0558825000  -0.0166916406  -0.1031683348  -0.1032188518 
 -0.0091308871  -0.0091301906  -0.0091301906  -0.0066758252  -0.0081060556  -0.0078854585  -0.0020373389  -0.0077380281  -0.0077825569  -0.0002694768  -0.0103607001  -0.0112554030  -0.0069781541  -0.0069781541  -0.0094398665  -0.0068555947  -0.0068555982  -0.0078148976  -0.0022292914  -0.0075028225  -0.0072584333  -0.0069782438  -0.0069782438  -0.0094411475 
 -0.8448382420  -0.8448453512  -0.8448453530  -0.0130508821  -0.8448885870  -0.9469291612  -0.0014644053  -0.8448417086  -0.8448449839  -0.0001315276  -0.8448247621  -0.8448328478  -0.0220609414  -0.8448909064  -0.9467676034  -0.0140155934  -0.8448647217  -0.8448929214  -0.0017428659  -0.8448163392  -0.8447867059  -0.0232292368  -0.8448766625  -0.8442009020 
 -0.0096921756  -0.0096921551  -0.0096921551  -0.0086696350  -0.0127136716  -0.0127129607  -0.0018503858  -0.0177313513  -0.0132939296  -0.0002263330  -0.0073124043  -0.0097914850  -0.0091926904  -0.0091926904  -0.0125830012  -0.0092198897  -0.0127190409  -0.0127109514  -0.0018906742  -0.0092977766  -0.0176850166  -0.0091931555  -0.0091931555  -0.0125871505 
 -0.9156959718  -0.9156803494  -0.9156803494  -0.0130508821  -0.9156719532  -0.9156876801  -0.0014644053  -0.9156736711  -0.9156688895  -0.0001315276  -0.9156836304  -0.9156925630  -0.0220609414  -0.9154001676  -0.9156563327  -0.0140155934  -0.9156770702  -0.9156928302  -0.0017428659  -0.9156765576  -0.9156859050  -0.0232292368  -0.9156706951  -0.9154094452 
 -0.2626354866  -0.2653810793  -0.2653810793  -0.0077634285  -0.2652427695  -0.2652427695  -0.0019509482  -0.2645409275  -0.2645409275  -0.0002459423  -0.2643180217  -0.2643180217  -0.0153500090  -0.2593289583  -0.2593289583  -0.0086844746  -0.2652667727  -0.2652667727  -0.0024015465  -0.2643999373  -0.2643999373  -0.0165751547  -0.2652487849  -0.2652487849 
 -0.0133675192  -0.0133633085  -0.0133633085  -0.0130508821  -0.0133545065  -0.0133521525  -0.0014362379  -0.0015822676  -0.0015721315  -0.0001315276  -0.0013126937  -0.0133626143  -0.0134203862  -0.0134203862  -0.0134074105  -0.0131875151  -0.0131875172  -0.0133424516  -0.0014409872  -0.0014409804  -0.0015736774  -0.0134198601  -0.0134198601  -0.0134121206 
 -0.2652784138  -0.2461088163  -0.2461088163  -0.0106859349  -0.2653489885  -0.2653489885  -0.0016820239  -0.1965144958  -0.1965144958  -0.0001827024  -0.2006500189  -0.2006500189  -0.0190593074  -0.2652746091  -0.2652746091  -0.0116311159  -0.2642931316  -0.2642931316  -0.0020374774  -0.1967865485  -0.1967865485  -0.0202530305  -0.2652660834  -0.2652660834 
 -0.8535455082  -0.8535454452  -0.8535454452  -0.0101300507  -0.8534860871  -0.8535004377  -0.0017331755  -0.8535607936  -0.8535589338  -0.0001947312  -0.8536042085  -0.8535752305  -0.0183537690  -0.8535331907  -0.8535543057  -0.0110706410  -0.8535088602  -0.8535474096  -0.0021067263  -0.8535474005  -0.8536046242  -0.0195534689  -0.8535564482  -0.8535993088 
 -0.1418764349  -0.1034426849  -0.1034426849  -0.0108602586  -0.1417644406  -0.1417814473  -0.0016659830  -0.0907493583  -0.0908266137  -0.0001789303  -0.0962055305  -0.0959554195  -0.0192805621  -0.1418296532  -0.1418125291  -0.0118068791  -0.1419697567  -0.1417500254  -0.0020157612  -0.0908003940  -0.0907524805  -0.0204724109  -0.1417988798  -0.1417777868 
 -0.1798480728  -0.1798480728  -0.1798483088  -0.0077311337  -0.1798432759  -0.1798378155  -0.0019539200  -0.1768166636  -0.1798474841  -0.0002466411  -0.1001311215  -0.0994896254  -0.0153090199  -0.1798359162  -0.1798331445  -0.0086519131  -0.1798428940  -0.1798416489  -0.0024055696  -0.1155269933  -0.1798432204  -0.0165345128  -0.1798411176  -0.1798396006 
 -0.9156959718  -0.9156803494  -0.9156803494  -0.0130508821  -0.9156719532  -0.9156876801  -0.0014644053  -0.9156736711  -0.9156688895  -0.0001315276  -0.9156836304  -0.9156925630  -0.0220609414  -0.9154001676  -0.9156563327  -0.0140155934  -0.9156770702  -0.9156928302  -0.0017428659  -0.9156765576  -0.9156859050  -0.0232292368  -0.9156706951  -0.9154094452 
 -0.4674617942  -0.4674615624  -0.4674615624  -0.0086696350  -0.5480733948  -0.5951659011  -0.0018675606  -0.5344151473  -0.5480863189  -0.0002263330  -0.4674544205  -0.5479865609  -0.0165001828  -0.5481032449  -0.5355519958  -0.0095981648  -0.5488913874  -0.5489418570  -0.0022886565  -0.4674250508  -0.5480618456  -0.0177155850  -0.5479634214  -0.5480072761 
 -0.1061207533  -0.0919494561  -0.0919494561  -0.0108602586  -0.1382162425  -0.1379630131  -0.0016659830  -0.0909634346  -0.0918510874  -0.0001789303  -0.0962377054  -0.0959559862  -0.0192805621  -0.1382611989  -0.1381786337  -0.0118068791  -0.1381831614  -0.1381894591  -0.0020157612  -0.0909497661  -0.0904430671  -0.0204724109  -0.1382213983  -0.1378362976 
 -0.5713489444  -0.5713489444  -0.5714320101  -0.0117861250  -0.7394150959  -0.7394146710  -0.0015807862  -0.5753994991  -0.5508777966  -0.0001588955  -0.5802143220  -0.4988084265  -0.0204556887  -0.7395833012  -0.7395859947  -0.0127403916  -0.5668664737  -0.5638555073  -0.0019004220  -0.5672658202  -0.5830329197  -0.0216375826  -0.7007512656  -0.7004617310 
 -0.0073684400  -0.0073699273  -0.0073699273  -0.0064765601  -0.0067771628  -0.0067993869  -0.0020308266  -0.0062327213  -0.0062366266  -0.0002737887  -0.0083802850  -0.0091019161  -0.0064492723  -0.0064492723  -0.0077735230  -0.0066188219  -0.0066188283  -0.0068002737  -0.0020419402  -0.0020435799  -0.0062324703  -0.0064800357  -0.0064800357  -0.0067022494 
 -0.5478854649  -0.5478854602  -0.5478854602  -0.0130508821  -0.5479017939  -0.5479076444  -0.0014644053  -0.5478584767  -0.5478703785  -0.0001315276  -0.5478760158  -0.5478854621  -0.0220609414  -0.5478732731  -0.5478867612  -0.0140155934  -0.5479122812  -0.5479151038  -0.0017428659  -0.5478657909  -0.5478714130  -0.0232292368  -0.5478829220  -0.5478868090 
 -0.0134309882  -0.0122005975  -0.0122005975  -0.0130508821  -0.0133660391  -0.0133700478  -0.0014364994  -0.0015993916  -0.0060990796  -0.0001315276  -0.0018837845  -0.0121999939  -0.0134297387  -0.0134297387  -0.0134166920  -0.0131875095  -0.0131875110  -0.0133622649  -0.0014412763  -0.0014412881  -0.0060989698  -0.0134297188  -0.0134297188  -0.0134210895 
 -0.0063783589  -0.0063799634  -0.0063799634  -0.0101300507  -0.0103894847  -0.0103924623  -0.0017067615  -0.0086395979  -0.0086222062  -0.0001947312  -0.0043030365  -0.0045318421  -0.0104299753  -0.0104299753  -0.0104213631  -0.0102460325  -0.0102460335  -0.0103804952  -0.0017171450  -0.0017171713  -0.0086215853  -0.0104298356  -0.0104298356  -0.0104250279 
 -0.8207788158  -0.8208723918  -0.8208723918  -0.0079582091  -0.8207575163  -0.8208587749  -0.0019330249  -0.8207777463  -0.8207646833  -0.0002417274  -0.8208546119  -0.8208362963  -0.0155972281  -0.8207670191  -0.8207741082  -0.0088808638  -0.8208485401  -0.8205458830  -0.0023772818  -0.8208420888  -0.8208239398  -0.0168202795  -0.8208281491  -0.8208257873 
 -0.1331886464  -0.1331886464  -0.1602138565  -0.0076731279  -0.1433847419  -0.1437194362  -0.0019592576  -0.1169671147  -0.1431136967  -0.0002478963  -0.0973161046  -0.0978614848  -0.0152353978  -0.1650835251  -0.1650830754  -0.0085934283  -0.1648931174  -0.1645228668  -0.0024127956  -0.0886075581  -0.1139197231  -0.0164615144  -0.1650880079  -0.1650819444 
 -0.4935520742  -0.4935520786  -0.4936375188  -0.0130508821  -0.4935289116  -0.4935369781  -0.0014644053  -0.4935937035  -0.4936374719  -0.0001315276  -0.4936259694  -0.4936343888  -0.0220609414  -0.4935978193  -0.4936147602  -0.0140155934  -0.4936104929  -0.4936153842  -0.0017428659  -0.4936339059  -0.4936384644  -0.0232292368  -0.4936082225  -0.4936101957 
 -0.7887242469  -0.7887242210  -0.7887242454  -0.0076208247  -0.7886109179  -0.7886186350  -0.0019640704  -0.7887254209  -0.7884931686  -0.0002490281  -0.7887035213  -0.7886903103  -0.0151690137  -0.7883695766  -0.7883974871  -0.0085406932  -0.7885742225  -0.7885590193  -0.0024193112  -0.7881475304  -0.7875672371  -0.0163956926  -0.7882523028  -0.7882530064 
 -0.4906552763  -0.4906551197  -0.4906551197  -0.0108602586  -0.4906541384  -0.4906566826  -0.0016659830  -0.4906538224  -0.4907784928  -0.0001789303  -0.4906538222  -0.4906327749  -0.0192805621  -0.4906582142  -0.4906538722  -0.0118068791  -0.4906488382  -0.4906384662  -0.0020157612  -0.4906549596  -0.4908131208  -0.0204724109  -0.4906501292  -0.4906449822 
 -0.4219532269  -0.4219532317  -0.4219532317  -0.0077661483  -0.4217718071  -0.4217660995  -0.0019506980  -0.4220463959  -0.3383870360  -0.0002458834  -0.4220123965  -0.4215388462  -0.0153534611  -0.4219654333  -0.4213277843  -0.0086872169  -0.4217248599  -0.4228424637  -0.0024012076  -0.4219205428  -0.3408844850  -0.0165785775  -0.4220041860  -0.4212233651 
 -0.8038508161  -0.8038508006  -0.8038508006  -0.0098620594  -0.8030835681  -0.8035922528  -0.0017578356  -0.8052192910  -0.8052207382  -0.0002005302  -0.8038345169  -0.8041696664  -0.0180136296  -0.8052065275  -0.8052595724  -0.0108004366  -0.8041517582  -0.8037164367  -0.0021401111  -0.8052659497  -0.8052380176  -0.0192162109  -0.8052045087  -0.8052198754 
 -0.8627460464  -0.8627159598  -0.8627159598  -0.0130508821  -0.8627210294  -0.8626564660  -0.0014644053  -0.8625918736  -0.8625008670  -0.0001315276  -0.8627416470  -0.8627099988  -0.0220609414  -0.8625960979  -0.8624863049  -0.0140155934  -0.8627491212  -0.8626696761  -0.0017428659  -0.8625845464  -0.8625196137  -0.0232292368  -0.8625899757  -0.8625009509 
 -0.7159722121  -0.7159722119  -0.7159722132  -0.0071307042  -0.7143331878  -0.7143027637  -0.0020091705  -0.7159523441  -0.7143094152  -0.0002596337  -0.7159921939  -0.7159965640  -0.0145469439  -0.7142409594  -0.6844614802  -0.0080465252  -0.7143371024  -0.7142806075  -0.0024803676  -0.7159683108  -0.7142966994  -0.0157788925  -0.7142418849  -0.6844788143 
 -0.3861233615  -0.3861233614  -0.4892592087  -0.0086696350  -0.4892497499  -0.4892672958  -0.0018675606  -0.4892533334  -0.3473226370  -0.0002263330  -0.3428712995  -0.3876404878  -0.0165001828  -0.4892676028  -0.4892664155  -0.0095981648  -0.4892658244  -0.4892672651  -0.0022886565  -0.4892524920  -0.3473203336  -0.0177155850  -0.4892509971  -0.4892635499 
 -0.8368009182  -0.8368021339  -0.8368021333  -0.0130508821  -0.8367986468  -0.8367629110  -0.0014644053  -0.8368169743  -0.8368370019  -0.0001315276  -0.8368030095  -0.8367831658  -0.0220609414  -0.8368106556  -0.8367885971  -0.0140155934  -0.8367998782  -0.8367887943  -0.0017428659  -0.8368181814  -0.8368643752  -0.0232292368  -0.8368120277  -0.8368168870 
 -0.5478854649  -0.5478854602  -0.5478854602  -0.0130508821  -0.5479017939  -0.5479076444  -0.0014644053  -0.5478584767  -0.5478703785  -0.0001315276  -0.5478760158  -0.5478854621  -0.0220609414  -0.5478732731  -0.5478867612  -0.0140155934  -0.5479122812  -0.5479151038  -0.0017428659  -0.5478657909  -0.5478714130  -0.0232292368  -0.5478829220  -0.5478868090 
 -0.2956785285  -0.3380146436  -0.3380146436  -0.0117861250  -0.3381718780  -0.3381718780  -0.0015807862  -0.3381080941  -0.3381080941  -0.0001588955  -0.2442280607  -0.2442280607  -0.0204556887  -0.3380428423  -0.3380428423  -0.0127403916  -0.3373699791  -0.3373699791  -0.0019004220  -0.3373650003  -0.3373650003  -0.0216375826  -0.3373221024  -0.3373221024 
 -0.2613327654  -0.2671272490  -0.2671272490  -0.0104386729  -0.2678080289  -0.2678080289  -0.0017047766  -0.2060258839  -0.2060258839  -0.0001880529  -0.1740408326  -0.1740408326  -0.0187454778  -0.2684810793  -0.2684810793  -0.0113818118  -0.2669000106  -0.2669000106  -0.0020682799  -0.2060583881  -0.2060583881  -0.0199418595  -0.2679036415  -0.2679036415 
 -0.8055341527  -0.8055352055  -0.8055352052  -0.0094306154  -0.8055370755  -0.8055422460  -0.0017975364  -0.8055381026  -0.8055543533  -0.0002098662  -0.8055370675  -0.8055321881  -0.0174660329  -0.8055462617  -0.8055085880  -0.0103654295  -0.8055278642  -0.8055303855  -0.0021938579  -0.8055426788  -0.8055478595  -0.0186732531  -0.8055393841  -0.8055652528 
 -0.5671515163  -0.5672553962  -0.5671505705  -0.0077568752  -0.5597838534  -0.5597354677  -0.0019515513  -0.5598046085  -0.5598738541  -0.0002460841  -0.5694384186  -0.5696124798  -0.0153416914  -0.4945778195  -0.4935401959  -0.0086778672  -0.5598254329  -0.5597502259  -0.0024023628  -0.5599056602  -0.5618076272  -0.0165669075  -0.5595713638  -0.4936722150 
 -0.0164230402  -0.0164231646  -0.0164231646  -0.0086696350  -0.0224592496  -0.0224636159  -0.0018636243  -0.0134974268  -0.0141918396  -0.0002263330  -0.0123149196  -0.0164713160  -0.0129132860  -0.0272548372  -0.0146579105  -0.0092903881  -0.0225060829  -0.0224496983  -0.0021451664  -0.0164005320  -0.0164595244  -0.0104790457  -0.0207504108  -0.0273535341 
 -0.7005909722  -0.7005909723  -0.7005911949  -0.0130508821  -0.7008721811  -0.7008801778  -0.0014644053  -0.7008037118  -0.7005361364  -0.0001315276  -0.7008702893  -0.7008605005  -0.0220609414  -0.7008534076  -0.7008284886  -0.0140155934  -0.7008779010  -0.7008788489  -0.0017428659  -0.7008013286  -0.7005346892  -0.0232292368  -0.7008593655  -0.7008485245 
 -0.1120093392  -0.1122673403  -0.1122673403  -0.0101300507  -0.1138370945  -0.1138111701  -0.0017331755  -0.0868965353  -0.1100055727  -0.0001947312  -0.0780107634  -0.1100475130  -0.0183537690  -0.1138365807  -0.1138669144  -0.0110706410  -0.1139067334  -0.1109840579  -0.0021067263  -0.0868844071  -0.1100269605  -0.0195534689  -0.1138333942  -0.1138811976 
 -0.2350305465  -0.2385835141  -0.2385835141  -0.0085578452  -0.2971999111  -0.2971999111  -0.0018778473  -0.1905288138  -0.1905288138  -0.0002287520  -0.2110044469  -0.2110044469  -0.0163582971  -0.2062627626  -0.2062627626  -0.0094854518  -0.2976429110  -0.2976429110  -0.0023025826  -0.1700768615  -0.1700768615  -0.0175749013  -0.2146806227  -0.2146806227 
 -0.1444460641  -0.1444460641  -0.1137317233  -0.0080090580  -0.1845810182  -0.1693707463  -0.0019283458  -0.1371943167  -0.1371578343  -0.0002406271  -0.1175140110  -0.1174610332  -0.0156617664  -0.1656043127  -0.1656106594  -0.0089321326  -0.1654528495  -0.1657772973  -0.0023709474  -0.1189374355  -0.1081905878  -0.0168842711  -0.1652566196  -0.1845861810 
 -0.1270147688  -0.1447532857  -0.1447532844  -0.0086696350  -0.1835574463  -0.1270116468  -0.0018675606  -0.1267209750  -0.1269941635  -0.0002263330  -0.1447512443  -0.1270103506  -0.0165001828  -0.1835803399  -0.1598026583  -0.0095981648  -0.1835640626  -0.1269912638  -0.0022886565  -0.1351482064  -0.1269892864  -0.0177155850  -0.1835837584  -0.1269971396 
 -0.0099752051  -0.0100164825  -0.0100164825  -0.0077634285  -0.0152919536  -0.0152474843  -0.0019403218  -0.0088677822  -0.0088707829  -0.0002459423  -0.0116632062  -0.0116630621  -0.0070641740  -0.0168420982  -0.0168515572  -0.0079304579  -0.0152298799  -0.0077067480  -0.0020594600  -0.0088391086  -0.0103384212  -0.0070641733  -0.0168426984  -0.0168512738 
 -0.0133525941  -0.0133520185  -0.0133520185  -0.0059746170  -0.0054112598  -0.0055001697  -0.0021043232  -0.0054929977  -0.0054928758  -0.0002846502  -0.0122521425  -0.0122707030  -0.0067131455  -0.0067646402  -0.0075772193  -0.0061096540  -0.0061099011  -0.0133455807  -0.0022057173  -0.0054719908  -0.0133474059  -0.0048007451  -0.0067646611  -0.0068595780 
 -0.0097126841  -0.0097117203  -0.0097117203  -0.0076635269  -0.0080263139  -0.0084186914  -0.0019441045  -0.0083268303  -0.0084570371  -0.0002481040  -0.0086054925  -0.0092167852  -0.0071027341  -0.0161238456  -0.0126962069  -0.0079975286  -0.0136783701  -0.0083982624  -0.0020459124  -0.0080187220  -0.0097993526  -0.0071027351  -0.0149181993  -0.0072791678 
 -0.2365722341  -0.2365722341  -0.2978711207  -0.0062051835  -0.2573401404  -0.2569871821  -0.0020943354  -0.3076823871  -0.2687795494  -0.0002796610  -0.3076690118  -0.3209062718  -0.0133722560  -0.2613039635  -0.2613105682  -0.0071133612  -0.2571385695  -0.2570117890  -0.0025956637  -0.3075041766  -0.2688327474  -0.0146141558  -0.2613184473  -0.3351904213 
 -0.3266157311  -0.3266157337  -0.3266171456  -0.0108602586  -0.3255558044  -0.3918503261  -0.0016659830  -0.3266173369  -0.3221357459  -0.0001789303  -0.3266180118  -0.3266115998  -0.0192805621  -0.3266179952  -0.3266152740  -0.0118068791  -0.3266164764  -0.3266142534  -0.0020157612  -0.3266172953  -0.3266157741  -0.0204724109  -0.3266144542  -0.3266158490 
 -0.7270828474  -0.7270828474  -0.7270845764  -0.0130508821  -0.7292087565  -0.7292521471  -0.0014644053  -0.7260205750  -0.7278959033  -0.0001315276  -0.7232919709  -0.7256049427  -0.0220609414  -0.7292575349  -0.7917525363  -0.0140155934  -0.7279305151  -0.7291959287  -0.0017428659  -0.7232566781  -0.7221337603  -0.0232292368  -0.7292148828  -0.7917610178 
 -0.5785391961  -0.5785391961  -0.5784986985  -0.0066758252  -0.6883466642  -0.6882684307  -0.0020510277  -0.5569878322  -0.5565012465  -0.0002694768  -0.5791053879  -0.5798975691  -0.0139696032  -0.5581782563  -0.5564601833  -0.0075878897  -0.6884119937  -0.6881921358  -0.0025370338  -0.5612024061  -0.5600497984  -0.0152064427  -0.5646009982  -0.5604312540 
 -0.5942433073  -0.5942432384  -0.5942432384  -0.0130508821  -0.5944653674  -0.5944921218  -0.0014644053  -0.5943259732  -0.5381540085  -0.0001315276  -0.5941370481  -0.5426300561  -0.0220609414  -0.5944883967  -0.5945295719  -0.0140155934  -0.5944220962  -0.5944632444  -0.0017428659  -0.5941747218  -0.5426558417  -0.0232292368  -0.5944668253  -0.5944728598 
 -0.3909015588  -0.3909015588  -0.3909015588  -0.0076731279  -0.4126793011  -0.4127116419  -0.0019592576  -0.4381020565  -0.3371130178  -0.0002478963  -0.3909167208  -0.4128624800  -0.0152353978  -0.4203384628  -0.4658125235  -0.0085934283  -0.4126726535  -0.4127269769  -0.0024127956  -0.4381059470  -0.3418229019  -0.0164615144  -0.4203398030  -0.4658207752 
 -0.3909015588  -0.3909015588  -0.3909015588  -0.0076731279  -0.4126793011  -0.4127116419  -0.0019592576  -0.4381020565  -0.3371130178  -0.0002478963  -0.3909167208  -0.4128624800  -0.0152353978  -0.4203384628  -0.4658125235  -0.0085934283  -0.4126726535  -0.4127269769  -0.0024127956  -0.4381059470  -0.3418229019  -0.0164615144  -0.4203398030  -0.4658207752 
 -0.0411613172  -0.0411613172  -0.0412796896  -0.0104386729  -0.0464121905  -0.0444364357  -0.0017047766  -0.0325136408  -0.0404126209  -0.0001880529  -0.0378888979  -0.0437184643  -0.0187454778  -0.0522982776  -0.0439785071  -0.0113818118  -0.0489620259  -0.0484311275  -0.0020682799  -0.0341185068  -0.0420944247  -0.0192006487  -0.0510702070  -0.0433676371 
 -0.0212951862  -0.0212956035  -0.0212956035  -0.0110081732  -0.0145973837  -0.0222439737  -0.0016207619  -0.0060750159  -0.0080898918  -0.0001757295  -0.0021689065  -0.0216398782  -0.0112141275  -0.0112141276  -0.0212866187  -0.0111303644  -0.0111303663  -0.0145973857  -0.0016245820  -0.0016246025  -0.0080766449  -0.0112052090  -0.0112052090  -0.0146489472 
 -0.0532190757  -0.0532190757  -0.0537640309  -0.0108602586  -0.0637934518  -0.0624705241  -0.0016659830  -0.0516896067  -0.0491209476  -0.0001789303  -0.0184894646  -0.0548864109  -0.0192805621  -0.0816910199  -0.0413625258  -0.0118068791  -0.0623928114  -0.0628003591  -0.0020157612  -0.0396200720  -0.0531974582  -0.0197904644  -0.0818164739  -0.0816954426 
 -0.0081277283  -0.0081244288  -0.0081244291  -0.0104472193  -0.0107536965  -0.0107651303  -0.0016756901  -0.0077706638  -0.0077703752  -0.0001878680  -0.0040678334  -0.0155970229  -0.0107701021  -0.0107701021  -0.0107716084  -0.0105654481  -0.0105654486  -0.0107579177  -0.0016828933  -0.0016829072  -0.0077706374  -0.0107712680  -0.0107712680  -0.0107702313 
 -0.9131335217  -0.9131546673  -0.9131546644  -0.0130508821  -0.9131086639  -0.9132467204  -0.0014644053  -0.9132208867  -0.9132147573  -0.0001315276  -0.9131609986  -0.9131819567  -0.0220609414  -0.9131965963  -0.9131650190  -0.0140155934  -0.9131192992  -0.9132347917  -0.0017428659  -0.9132209061  -0.9132031289  -0.0232292368  -0.9131989709  -0.9131864124 
 -0.2333673267  -0.2333673267  -0.1875806755  -0.0086696350  -0.2722472074  -0.2722565410  -0.0018675606  -0.1874307253  -0.1874579839  -0.0002263330  -0.1874189540  -0.1874855965  -0.0165001828  -0.2722730466  -0.2722669249  -0.0095981648  -0.2722785917  -0.2722789168  -0.0022886565  -0.1875207417  -0.1876503358  -0.0177155850  -0.2722646032  -0.2722727751 
 -0.3784981450  -0.3784981449  -0.3761828788  -0.0104386729  -0.3785049658  -0.3785028177  -0.0017047766  -0.3779142878  -0.3469413707  -0.0001880529  -0.3779181827  -0.2755435481  -0.0187454778  -0.3784946361  -0.3779944897  -0.0113818118  -0.3784954679  -0.3779158371  -0.0020682799  -0.3779162065  -0.2752723145  -0.0199418595  -0.3779192876  -0.3776185758 
 -0.0134008088  -0.0133988069  -0.0133988069  -0.0130508821  -0.0133643862  -0.0133748135  -0.0014366416  -0.0028120355  -0.0027463583  -0.0001315276  -0.0016200161  -0.0161824240  -0.0134262771  -0.0134262771  -0.0134163042  -0.0131875135  -0.0131875151  -0.0133680952  -0.0014413923  -0.0014414045  -0.0027466489  -0.0134267919  -0.0134267919  -0.0134197394 
 -0.0212921496  -0.0212932661  -0.0212932661  -0.0130508821  -0.0134535803  -0.0190739514  -0.0014395154  -0.0032579375  -0.0032588447  -0.0001315276  -0.0017934783  -0.0206190613  -0.0134609392  -0.0134609392  -0.0216191021  -0.0131875174  -0.0131875194  -0.0130062550  -0.0014447422  -0.0014447914  -0.0032585588  -0.0134637888  -0.0134637888  -0.0134655672 
 -0.0783161521  -0.0855554779  -0.0855554777  -0.0075883793  -0.0922679914  -0.0965445264  -0.0019670560  -0.0701005899  -0.0695281941  -0.0002497302  -0.0559851410  -0.0719821687  -0.0151278334  -0.0896570440  -0.0951648401  -0.0085079799  -0.0649880117  -0.0656238010  -0.0024233531  -0.0521993517  -0.0711784480  -0.0163548612  -0.0896464287  -0.0971585305 
 -0.5154192565  -0.5154192525  -0.5154192525  -0.0106859349  -0.5152691951  -0.5152037110  -0.0016820239  -0.5154489178  -0.5148963699  -0.0001827024  -0.5153416080  -0.5149252552  -0.0190593074  -0.5153224602  -0.5154185787  -0.0116311159  -0.5152422541  -0.5152497545  -0.0020374774  -0.5154573130  -0.5157020164  -0.0202530305  -0.5153601217  -0.5153931076 
 -0.5659898816  -0.5659898770  -0.5659898810  -0.0075972010  -0.5632061208  -0.5629743484  -0.0019662442  -0.5726554123  -0.5726536421  -0.0002495393  -0.5656234835  -0.5647736108  -0.0151390301  -0.5726384644  -0.5726350802  -0.0085168744  -0.5629846291  -0.5624214655  -0.0024222541  -0.5726512271  -0.5726527227  -0.0163659630  -0.5726379970  -0.5726414905 
 -0.1349882089  -0.1349882089  -0.1203876299  -0.0064769086  -0.1634860568  -0.1640515792  -0.0020693317  -0.1190060372  -0.1192189152  -0.0002737812  -0.1235336849  -0.1238518141  -0.0137171346  -0.1418340043  -0.1516215521  -0.0073873303  -0.1633013447  -0.1607772571  -0.0025618137  -0.1193015315  -0.1196261509  -0.0149561128  -0.1591924810  -0.1589261234 
 -0.1577163428  -0.1577163428  -0.1577467125  -0.0069116689  -0.0607648964  -0.1701835912  -0.0020293258  -0.1550320687  -0.1578731971  -0.0002643734  -0.1577389913  -0.1577564888  -0.0142689402  -0.1551511292  -0.1613757460  -0.0078256810  -0.1702111722  -0.0602422581  -0.0025076538  -0.1561913962  -0.1577949581  -0.0155032439  -0.1675559768  -0.1675545251 
 -0.1765669250  -0.1765628211  -0.1765838975  -0.0130508821  -0.1763943528  -0.1763347192  -0.0014644053  -0.1768312394  -0.1765537154  -0.0001315276  -0.1766990052  -0.1766158924  -0.0220609414  -0.1765161476  -0.1763975338  -0.0140155934  -0.1764631733  -0.1763884493  -0.0017428659  -0.1768765071  -0.1766739875  -0.0232292368  -0.1766133941  -0.1765603154 
 -0.8564608211  -0.8564607940  -0.8564609100  -0.0106859349  -0.8550851290  -0.8550786001  -0.0016820239  -0.8565152114  -0.8565437082  -0.0001827024  -0.8564715060  -0.8564901627  -0.0190593074  -0.8570181730  -0.8569669919  -0.0116311159  -0.8551285873  -0.8551493898  -0.0020374774  -0.8565238372  -0.8565509856  -0.0202530305  -0.8569333569  -0.8568927829 
 -0.2167954495  -0.2167954495  -0.2199351460  -0.0130508821  -0.2168069614  -0.2168102341  -0.0014644053  -0.2032993124  -0.2032990161  -0.0001315276  -0.2199400606  -0.2199302025  -0.0220609414  -0.2168145040  -0.2168105896  -0.0140155934  -0.2168101320  -0.2167984700  -0.0017428659  -0.1721073738  -0.1887216125  -0.0232292368  -0.2168149363  -0.2168142147 
 -0.6369600534  -0.6369600578  -0.6369709263  -0.0106859349  -0.6853547543  -0.6853918801  -0.0016820239  -0.5597272079  -0.5680536647  -0.0001827024  -0.5617065624  -0.5616991746  -0.0190593074  -0.6853617493  -0.6853685636  -0.0116311159  -0.6817723955  -0.6515330800  -0.0020374774  -0.5617045224  -0.5616988191  -0.0202530305  -0.6537625761  -0.6518539686 
 -0.7270828474  -0.7270828474  -0.7270845764  -0.0130508821  -0.7292087565  -0.7292521471  -0.0014644053  -0.7260205750  -0.7278959033  -0.0001315276  -0.7232919709  -0.7256049427  -0.0220609414  -0.7292575349  -0.7917525363  -0.0140155934  -0.7279305151  -0.7291959287  -0.0017428659  -0.7232566781  -0.7221337603  -0.0232292368  -0.7292148828  -0.7917610178 
 -0.3485813589  -0.3485809380  -0.3485809380  -0.0117861250  -0.3485762138  -0.3485762138  -0.0015807862  -0.2870610855  -0.2870610855  -0.0001588955  -0.3485922293  -0.3485922293  -0.0204556887  -0.3480564482  -0.3480564482  -0.0127403916  -0.2904300160  -0.2904300160  -0.0019004220  -0.2882590608  -0.2882590608  -0.0216375826  -0.3473161909  -0.3473161909 
 -0.3184460780  -0.2697003928  -0.2697003928  -0.0100020446  -0.3182747984  -0.3182747984  -0.0017449544  -0.2696272375  -0.2696272375  -0.0001975011  -0.2709629919  -0.2709629919  -0.0181913013  -0.2696795811  -0.2696795811  -0.0109415778  -0.2712547568  -0.2712547568  -0.0021226725  -0.2674671444  -0.2674671444  -0.0193923776  -0.2697004414  -0.2697004414 
 -0.0877817632  -0.0880387909  -0.0880387909  -0.0104386729  -0.1060432213  -0.1137538260  -0.0017047766  -0.0716441365  -0.0725819361  -0.0001880529  -0.0773102123  -0.0819310332  -0.0187454778  -0.1017467736  -0.1137434922  -0.0113818118  -0.1060746701  -0.1137600676  -0.0020682799  -0.0723360174  -0.0725784171  -0.0199418595  -0.1017361841  -0.1061062330 
 -0.0275107124  -0.0274813969  -0.0274813969  -0.0130508821  -0.0135754070  -0.0247146499  -0.0014478100  -0.0092616198  -0.0275457552  -0.0001315276  -0.0275418145  -0.0275424214  -0.0166424175  -0.0166424175  -0.0135750913  -0.0137519289  -0.0137568596  -0.0247144109  -0.0014576308  -0.0079068606  -0.0108987981  -0.0166401924  -0.0166401925  -0.0247142452 
 -0.8817521711  -0.8817089382  -0.8817089380  -0.0085327210  -0.8817513399  -0.8831616048  -0.0018801592  -0.8002303673  -0.8817480970  -0.0002292956  -0.8815819035  -0.8816762261  -0.0163264091  -0.8816372335  -0.8814188873  -0.0094601202  -0.8818555217  -0.8831320158  -0.0023057124  -0.8815955755  -0.8814668683  -0.0175432834  -0.8814348234  -0.8814719332 
 -0.0096907742  -0.0096896781  -0.0096896781  -0.0086696350  -0.0111321658  -0.0111299016  -0.0018503858  -0.0131445627  -0.0175812540  -0.0002263330  -0.0073124043  -0.0097914850  -0.0086997440  -0.0086997440  -0.0117947534  -0.0092423775  -0.0111300122  -0.0111312701  -0.0018906742  -0.0092974215  -0.0131721872  -0.0087018709  -0.0087018709  -0.0165347628 
 -0.2853405732  -0.3388717665  -0.3388717665  -0.0079582091  -0.2836007368  -0.2836007368  -0.0019330249  -0.3388630419  -0.3388630419  -0.0002417274  -0.3381058171  -0.3381058171  -0.0155972281  -0.2853076287  -0.2853076287  -0.0088808638  -0.2849112546  -0.2849112546  -0.0023772818  -0.3387894673  -0.3387894673  -0.0168202795  -0.2853344238  -0.2853344238 
 -0.1123351283  -0.1123125364  -0.1123125364  -0.0077996191  -0.1121551611  -0.1125309809  -0.0019476180  -0.1019009502  -0.1122807377  -0.0002451592  -0.0559603186  -0.1075769758  -0.0153959428  -0.1125783173  -0.1125843493  -0.0087209641  -0.1123730103  -0.1124180690  -0.0023970381  -0.0718046672  -0.1116028086  -0.0166206993  -0.1124917316  -0.1125426367 
 -0.1389685330  -0.1047011444  -0.1047011447  -0.0083958070  -0.1614645608  -0.1387456165  -0.0018927578  -0.1045475157  -0.1384206796  -0.0002322583  -0.1046401356  -0.1050793738  -0.0161526354  -0.1618387663  -0.1387397757  -0.0093220755  -0.1613356465  -0.1050176294  -0.0023227684  -0.0967278564  -0.1050592403  -0.0173709817  -0.1391220455  -0.1387359853 
 -0.0718164710  -0.0807103504  -0.0807103495  -0.0072434478  -0.0930670517  -0.0930760227  -0.0019987960  -0.0558384977  -0.0721781211  -0.0002571941  -0.0544444714  -0.0586331721  -0.0146900400  -0.0955770936  -0.0943071887  -0.0081601998  -0.0932577126  -0.0927697301  -0.0024663227  -0.0550590288  -0.0551957423  -0.0159207765  -0.0956064867  -0.0940506610 
 -0.3377165011  -0.3377165019  -0.3376309059  -0.0076218530  -0.3595230772  -0.3594092044  -0.0019639758  -0.3374919591  -0.2736951242  -0.0002490058  -0.3376557892  -0.2874677852  -0.0151703188  -0.3580728535  -0.3582340700  -0.0085417299  -0.3595534533  -0.3593958429  -0.0024191831  -0.3566601650  -0.2273363594  -0.0163969866  -0.3581874318  -0.3582240680 
 -0.3217476306  -0.3217476306  -0.3223541004  -0.0099343921  -0.3218200292  -0.3218055197  -0.0017511797  -0.3217557390  -0.3222281015  -0.0001989650  -0.3216241745  -0.3224261614  -0.0181054355  -0.3217435287  -0.3217549983  -0.0108733666  -0.3220176201  -0.3220420197  -0.0021311003  -0.3222677745  -0.3220132726  -0.0193072392  -0.3217898047  -0.3217853704 
 -0.1935692369  -0.1935692369  -0.2163565676  -0.0108602586  -0.2163278651  -0.2163269913  -0.0016659830  -0.1362646897  -0.1537358635  -0.0001789303  -0.1437958699  -0.1437342106  -0.0192805621  -0.2163541328  -0.2163585045  -0.0118068791  -0.2163630501  -0.2163693902  -0.0020157612  -0.1338716339  -0.1362711113  -0.0204724109  -0.2163452506  -0.2163513054 
 -0.1093515582  -0.1093870268  -0.1093870268  -0.0102640463  -0.1112474044  -0.1112233748  -0.0017208454  -0.0897025377  -0.1093948839  -0.0001918316  -0.0735588413  -0.1011474268  -0.0185238387  -0.1118878641  -0.1112233863  -0.0112057432  -0.1108798717  -0.1099510639  -0.0020900339  -0.0841639079  -0.0928070555  -0.0197220979  -0.1118875624  -0.1112351848 
 -0.0743815862  -0.0362877304  -0.0362877304  -0.0066758252  -0.0858055573  -0.0924826711  -0.0020510277  -0.0641473806  -0.0641133636  -0.0002694768  -0.0736566631  -0.0741513579  -0.0139696032  -0.1018842720  -0.1020825040  -0.0075878897  -0.0928842167  -0.0851224415  -0.0025370338  -0.0734253759  -0.0735723474  -0.0152064427  -0.1021273622  -0.0905510669 
 -0.3828678669  -0.3828678642  -0.3828678642  -0.0072434478  -0.3838350022  -0.3845535868  -0.0019987960  -0.3917511335  -0.4338214885  -0.0002571941  -0.3826645666  -0.3886732581  -0.0146900400  -0.3917268017  -0.4171981902  -0.0081601998  -0.3844209738  -0.3843120378  -0.0024663227  -0.3917461016  -0.4014875943  -0.0159207765  -0.3917220730  -0.4173908501 
 -0.9156959718  -0.9156803494  -0.9156803494  -0.0130508821  -0.9156719532  -0.9156876801  -0.0014644053  -0.9156736711  -0.9156688895  -0.0001315276  -0.9156836304  -0.9156925630  -0.0220609414  -0.9154001676  -0.9156563327  -0.0140155934  -0.9156770702  -0.9156928302  -0.0017428659  -0.9156765576  -0.9156859050  -0.0232292368  -0.9156706951  -0.9154094452 
 -0.9199204100  -0.9197457169  -0.9197457214  -0.0130508821  -0.9200360458  -0.9206038914  -0.0014644053  -0.9198281426  -0.9197344140  -0.0001315276  -0.9200044925  -0.9198207959  -0.0220609414  -0.9199112564  -0.9196859835  -0.0140155934  -0.9197461976  -0.9206255426  -0.0017428659  -0.9200386137  -0.9200639103  -0.0232292368  -0.9198394179  -0.9199748814 
 -0.8580030550  -0.8580030913  -0.8580032282  -0.0130508821  -0.8580021432  -0.8580167297  -0.0014644053  -0.8579759959  -0.8579633978  -0.0001315276  -0.8580739563  -0.8580733190  -0.0220609414  -0.8579284028  -0.8579813875  -0.0140155934  -0.8580265130  -0.8580636065  -0.0017428659  -0.8579980661  -0.8579843696  -0.0232292368  -0.8579472391  -0.8580088930 
 -0.1181036389  -0.0977794865  -0.0977648803  -0.0098914713  -0.1181285460  -0.1181195314  -0.0017551292  -0.1046043452  -0.1181396000  -0.0001998938  -0.0719467014  -0.1180889478  -0.0180509596  -0.1181229500  -0.1181263164  -0.0108300913  -0.1181307815  -0.1181168763  -0.0021364471  -0.0705553494  -0.1174451714  -0.0192532247  -0.1181412100  -0.1181159372 
 -0.0164230402  -0.0164231646  -0.0164231646  -0.0086696350  -0.0216184239  -0.0218950208  -0.0018636243  -0.0134989521  -0.0141918396  -0.0002263330  -0.0123149196  -0.0164713160  -0.0118828842  -0.0118832816  -0.0206931856  -0.0093944909  -0.0217895394  -0.0218955094  -0.0021451664  -0.0164005320  -0.0164595244  -0.0118828381  -0.0118888910  -0.0262997390 
 -0.4301874275  -0.4301874223  -0.4301923911  -0.0130508821  -0.4301889350  -0.4301804670  -0.0014644053  -0.4301774774  -0.4301580514  -0.0001315276  -0.4301891619  -0.4301803641  -0.0220609414  -0.4301619590  -0.4301305087  -0.0140155934  -0.4301815879  -0.4301799741  -0.0017428659  -0.4301823568  -0.4301420753  -0.0232292368  -0.4301531155  -0.4301195666 
 -0.0121048105  -0.0121043210  -0.0121043210  -0.0130508821  -0.0134151056  -0.0106454408  -0.0014378224  -0.0029742317  -0.0029694772  -0.0001315276  -0.0018752181  -0.0178192329  -0.0134740410  -0.0134740410  -0.0182811017  -0.0131875136  -0.0131875143  -0.0106562244  -0.0014427812  -0.0014427848  -0.0029689186  -0.0132023154  -0.0132023154  -0.0182808315 
 -0.5874652534  -0.5874652534  -0.5874608402  -0.0104582716  -0.5876974392  -0.5874145617  -0.0017029731  -0.5879327913  -0.5883478524  -0.0001876288  -0.5874990947  -0.5874988225  -0.0187703530  -0.5876929606  -0.5874404603  -0.0114015725  -0.5874046198  -0.5874187148  -0.0020658384  -0.5876896746  -0.5876914160  -0.0199665239  -0.5874354224  -0.5874442383 
 -0.2402828422  -0.2402828422  -0.2402870705  -0.0079582091  -0.2402880415  -0.2402871952  -0.0019330249  -0.2402509572  -0.2402514222  -0.0002417274  -0.2363921887  -0.2402623856  -0.0155972281  -0.2402824951  -0.2402902828  -0.0088808638  -0.2402835482  -0.2402907858  -0.0023772818  -0.2379617390  -0.2402593505  -0.0168202795  -0.2402866812  -0.2402874440 
 -0.5539143615  -0.5539143615  -0.5519460253  -0.0085327210  -0.6917999069  -0.6922189986  -0.0018801592  -0.6344575424  -0.6345516797  -0.0002292956  -0.5585423489  -0.4562210253  -0.0163264091  -0.5437899529  -0.5438144672  -0.0094601202  -0.6920642507  -0.6920151600  -0.0023057124  -0.6339811074  -0.6344461694  -0.0175432834  -0.5486502792  -0.5492906620 
 -0.1547690462  -0.1547690462  -0.1710689251  -0.0102640463  -0.1832404425  -0.1832178999  -0.0017208454  -0.1349151881  -0.1544500601  -0.0001918316  -0.1405999081  -0.1410274152  -0.0185238387  -0.1798341917  -0.1727164477  -0.0112057432  -0.1831393460  -0.1831552319  -0.0020900339  -0.1411031239  -0.1399823381  -0.0197220979  -0.1761869662  -0.1761948898 
 -0.5246457482  -0.5246457541  -0.5246457541  -0.0110081732  -0.5247757458  -0.5245680399  -0.0016523721  -0.5247775012  -0.5247758354  -0.0001757295  -0.5246487555  -0.5230664945  -0.0194682980  -0.5247673389  -0.5247434095  -0.0119560152  -0.5245874949  -0.5247802953  -0.0019973348  -0.5247791668  -0.5247825477  -0.0206585564  -0.5247637769  -0.5243633412 
 -0.0589108689  -0.0589108689  -0.0588747351  -0.0130508821  -0.0587044259  -0.0590351177  -0.0014644053  -0.0655957705  -0.0364887670  -0.0001315276  -0.0589757415  -0.0589648882  -0.0220609414  -0.0826151892  -0.0365151727  -0.0140155934  -0.0585728531  -0.0587120468  -0.0017428659  -0.0727922015  -0.0364887668  -0.0225704996  -0.0824426255  -0.0826151890 
 -0.0212921496  -0.0212932661  -0.0212932661  -0.0130508821  -0.0134535803  -0.0190739514  -0.0014395154  -0.0032579374  -0.0032588450  -0.0001315276  -0.0017934783  -0.0206190613  -0.0134609392  -0.0134609392  -0.0216189852  -0.0131875174  -0.0131875194  -0.0130062550  -0.0014447422  -0.0014447914  -0.0032585589  -0.0134637888  -0.0134637888  -0.0134655672 
 -0.0097126841  -0.0097117203  -0.0097117203  -0.0076635269  -0.0080263145  -0.0084227982  -0.0019441045  -0.0080582912  -0.0084595482  -0.0002481040  -0.0086054925  -0.0092167852  -0.0071027351  -0.0149197057  -0.0169229497  -0.0079975368  -0.0083162512  -0.0084239415  -0.0020459124  -0.0080163001  -0.0097986516  -0.0101127164  -0.0161248808  -0.0127996960 
 -0.6927076087  -0.6927074289  -0.6927074277  -0.0080847862  -0.6926235090  -0.6923998748  -0.0019213774  -0.6924764479  -0.6923118819  -0.0002389885  -0.6927139020  -0.6924943588  -0.0157578821  -0.6922543816  -0.6921413871  -0.0090084862  -0.6924748215  -0.6922193797  -0.0023615136  -0.6922111329  -0.6922018304  -0.0169795725  -0.6922060259  -0.6916701493 
 -0.8177365604  -0.8177413167  -0.8177413167  -0.0074374092  -0.8177390422  -0.8177412503  -0.0019809480  -0.8177432360  -0.8177457541  -0.0002529970  -0.8177381762  -0.8177404360  -0.0149362194  -0.8177411205  -0.8174703865  -0.0083557630  -0.8177405649  -0.8177363575  -0.0024421601  -0.8177421345  -0.8177418222  -0.0161648704  -0.8177416405  -0.8174895216 
 -0.1395399960  -0.1395399960  -0.1402675690  -0.0077568752  -0.1503693539  -0.1503668336  -0.0019515513  -0.1099634073  -0.1520168990  -0.0002460841  -0.0903147680  -0.0909651083  -0.0153416914  -0.1652491678  -0.1652554812  -0.0086778672  -0.1657296729  -0.1426508215  -0.0024023628  -0.1010612744  -0.1305972386  -0.0165669075  -0.1531611632  -0.1652508476 
 -0.2117244899  -0.2041851564  -0.2041851564  -0.0080847862  -0.2140250356  -0.2140250356  -0.0019213774  -0.1522380407  -0.1522380407  -0.0002389885  -0.1673527017  -0.1673527017  -0.0157578821  -0.1612120719  -0.1612120719  -0.0090084862  -0.2140201068  -0.2140201068  -0.0023615136  -0.1598176151  -0.1598176151  -0.0169795725  -0.1912987361  -0.1912987361 
 -0.1927326436  -0.1927326436  -0.1904961018  -0.0101140484  -0.1892736431  -0.1882200755  -0.0017346480  -0.1469943809  -0.1881795295  -0.0001950774  -0.1275067488  -0.1397616933  -0.0183334585  -0.1893090862  -0.1893081562  -0.0110545065  -0.1892810648  -0.1892795034  -0.0021087198  -0.1463924108  -0.1881819648  -0.0195333305  -0.1893067764  -0.1893124759 
 -0.3053784501  -0.3053784493  -0.3053708325  -0.0076468508  -0.3053632431  -0.3053664326  -0.0019616755  -0.3053491942  -0.3153197610  -0.0002484649  -0.3055727484  -0.2400359352  -0.0152020465  -0.3055378914  -0.3056652080  -0.0085669342  -0.3053695369  -0.3054364224  -0.0024160691  -0.3055764273  -0.2497624515  -0.0164284456  -0.3522095032  -0.3055845493 
 -0.3239881814  -0.3239881817  -0.3302022914  -0.0077311337  -0.3021213795  -0.3357859115  -0.0019539200  -0.3594428306  -0.2753863514  -0.0002466411  -0.3277607874  -0.2146394081  -0.0153090199  -0.3597458345  -0.3609354324  -0.0086519131  -0.3367681023  -0.3595921557  -0.0024055696  -0.3394723139  -0.2141716179  -0.0165345128  -0.3595680671  -0.3591132725 
 -0.2185750864  -0.2187561595  -0.2187561595  -0.0074288521  -0.1814649026  -0.1814649026  -0.0019817354  -0.2109864813  -0.2109864813  -0.0002531822  -0.1814832402  -0.1814832402  -0.0149253586  -0.2284892951  -0.2284892951  -0.0083471352  -0.1817397426  -0.1817397426  -0.0024432261  -0.2110115019  -0.2110115019  -0.0161541016  -0.2053790443  -0.2053790443 
 -0.7881163405  -0.7881163835  -0.7881163826  -0.0077568752  -0.7880887860  -0.7880750330  -0.0019515513  -0.7879483710  -0.7879779886  -0.0002460841  -0.7881716978  -0.7881815067  -0.0153416914  -0.7879693612  -0.7881411203  -0.0086778672  -0.7881086486  -0.7881219826  -0.0024023628  -0.7879625200  -0.7879588793  -0.0165669075  -0.7879467910  -0.7882272068 
 -0.4939554362  -0.4939554360  -0.4939592902  -0.0086696350  -0.4939631085  -0.4939643258  -0.0018675606  -0.4939520519  -0.4939607305  -0.0002263330  -0.4939558332  -0.4939591363  -0.0165001828  -0.4939459588  -0.4939526557  -0.0095981648  -0.4939624670  -0.4939631683  -0.0022886565  -0.4939472530  -0.4939547482  -0.0177155850  -0.4939640752  -0.4939486434 
