  0.8000000000  0.1875000000  0.0000000000  0.7500000000  0.6666666667  0.0000000000
  0.3000000000  0.1250000000  0.7500000000  0.7500000000  0.0000000000  1.0000000000
  0.9000000000  0.0625000000  0.7500000000  0.0000000000  0.3333333333  1.0000000000
  0.8000000000  0.1875000000  0.5000000000  0.0000000000  1.0000000000  1.0000000000
  0.7000000000  0.1875000000  0.5000000000  0.2500000000  0.6666666667  0.0000000000
  0.7000000000  0.0000000000  0.2500000000  0.0000000000  0.0000000000  1.0000000000
  0.7000000000  0.0625000000  0.7500000000  0.0000000000  0.3333333333  0.3333333333
  0.7000000000  0.1875000000  0.0000000000  0.2500000000  0.3333333333  0.6666666667
  0.7000000000  0.1875000000  0.2500000000  0.5000000000  0.6666666667  0.0000000000
  0.2000000000  0.0625000000  0.7500000000  0.2500000000  0.6666666667  0.0000000000
  0.7000000000  0.0625000000  0.5000000000  0.5000000000  1.0000000000  1.0000000000
  0.5000000000  0.0000000000  0.0000000000  0.2500000000  1.0000000000  0.3333333333
  0.8000000000  0.0000000000  0.7500000000  0.2500000000  0.0000000000  0.3333333333
  0.6000000000  0.0625000000  0.2500000000  0.7500000000  0.6666666667  0.6666666667
  0.9000000000  0.0625000000  0.7500000000  0.7500000000  0.3333333333  0.6666666667
  0.1000000000  0.0000000000  0.5000000000  0.7500000000  1.0000000000  0.0000000000
  0.6000000000  0.0625000000  0.0000000000  0.2500000000  0.0000000000  1.0000000000
  0.3000000000  0.1250000000  0.0000000000  0.5000000000  0.3333333333  0.6666666667
  0.7000000000  0.1250000000  0.2500000000  0.0000000000  0.0000000000  1.0000000000
  0.2000000000  0.1875000000  0.5000000000  0.7500000000  0.0000000000  0.3333333333
  0.1000000000  0.1875000000  0.0000000000  0.7500000000  1.0000000000  1.0000000000
  0.1000000000  0.0625000000  0.2500000000  0.7500000000  0.3333333333  1.0000000000
  0.2000000000  0.0625000000  0.0000000000  0.0000000000  1.0000000000  0.6666666667
  0.5000000000  0.0000000000  0.7500000000  0.5000000000  0.3333333333  0.6666666667
  0.4000000000  0.0000000000  0.0000000000  0.0000000000  0.0000000000  0.0000000000
  0.4000000000  0.0000000000  0.7500000000  0.7500000000  0.3333333333  0.3333333333
  0.4000000000  0.1875000000  0.2500000000  0.0000000000  1.0000000000  0.3333333333
  0.3000000000  0.0625000000  0.0000000000  0.0000000000  1.0000000000  1.0000000000
  0.6000000000  0.0000000000  0.0000000000  0.2500000000  1.0000000000  0.0000000000
  0.1000000000  0.0000000000  0.5000000000  0.5000000000  0.6666666667  0.3333333333
  0.5000000000  0.0625000000  0.5000000000  0.0000000000  0.6666666667  0.0000000000
  0.4000000000  0.1250000000  0.7500000000  0.0000000000  1.0000000000  1.0000000000
  0.5000000000  0.0625000000  0.2500000000  0.2500000000  0.6666666667  0.6666666667
  0.8000000000  0.1875000000  0.5000000000  0.2500000000  1.0000000000  0.6666666667
  0.4000000000  0.1875000000  0.7500000000  0.5000000000  0.6666666667  0.6666666667
  0.2000000000  0.0625000000  0.2500000000  0.0000000000  1.0000000000  0.0000000000
  0.3000000000  0.0000000000  0.0000000000  0.2500000000  0.3333333333  1.0000000000
  0.4000000000  0.0000000000  0.7500000000  0.7500000000  0.3333333333  0.0000000000
  0.3000000000  0.0625000000  0.5000000000  0.2500000000  0.6666666667  0.6666666667
  0.2000000000  0.0000000000  0.2500000000  0.2500000000  0.3333333333  0.6666666667
  0.1000000000  0.0625000000  0.7500000000  0.0000000000  1.0000000000  0.6666666667
  0.5000000000  0.1250000000  0.0000000000  0.2500000000  1.0000000000  0.6666666667
  0.5000000000  0.0000000000  0.2500000000  0.5000000000  0.6666666667  0.3333333333
  0.4000000000  0.1875000000  0.0000000000  0.7500000000  1.0000000000  1.0000000000
  0.1000000000  0.0625000000  0.2500000000  0.5000000000  0.0000000000  0.6666666667
  0.1000000000  0.1250000000  0.2500000000  0.7500000000  0.6666666667  1.0000000000
  0.9000000000  0.0625000000  0.5000000000  0.0000000000  0.0000000000  0.6666666667
  0.5000000000  0.0625000000  0.7500000000  0.5000000000  0.6666666667  1.0000000000
  0.8000000000  0.1250000000  0.0000000000  0.0000000000  1.0000000000  0.0000000000
  0.5000000000  0.0000000000  0.7500000000  0.5000000000  0.6666666667  0.3333333333
  0.1000000000  0.1250000000  0.0000000000  0.0000000000  0.6666666667  0.0000000000
  0.8000000000  0.1875000000  0.5000000000  0.0000000000  0.6666666667  0.6666666667
  0.9000000000  0.1250000000  0.7500000000  0.2500000000  0.3333333333  1.0000000000
  0.1000000000  0.0000000000  0.0000000000  0.2500000000  1.0000000000  1.0000000000
  0.1000000000  0.0625000000  0.5000000000  0.2500000000  0.6666666667  0.6666666667
  0.3000000000  0.0625000000  0.0000000000  0.7500000000  0.0000000000  0.0000000000
  0.4000000000  0.0000000000  0.2500000000  0.2500000000  1.0000000000  1.0000000000
  0.1000000000  0.1250000000  0.2500000000  0.2500000000  0.6666666667  1.0000000000
  0.4000000000  0.1875000000  0.2500000000  0.5000000000  0.6666666667  0.6666666667
  0.7000000000  0.1250000000  0.0000000000  0.0000000000  1.0000000000  0.0000000000
  0.1000000000  0.1250000000  0.7500000000  0.5000000000  0.0000000000  0.3333333333
  0.5000000000  0.1875000000  0.0000000000  0.7500000000  0.6666666667  0.3333333333
  0.2000000000  0.0625000000  0.2500000000  0.0000000000  0.6666666667  0.0000000000
  0.4000000000  0.1250000000  0.2500000000  0.2500000000  0.6666666667  0.3333333333
  0.8000000000  0.1875000000  0.5000000000  0.2500000000  0.6666666667  0.0000000000
  0.9000000000  0.1875000000  0.7500000000  0.2500000000  0.6666666667  0.0000000000
  0.4000000000  0.0625000000  0.0000000000  0.0000000000  0.3333333333  0.0000000000
  0.6000000000  0.0625000000  0.5000000000  0.5000000000  0.6666666667  0.0000000000
  0.1000000000  0.0625000000  0.5000000000  0.5000000000  0.3333333333  1.0000000000
  0.7000000000  0.1875000000  0.5000000000  0.2500000000  0.0000000000  0.6666666667
  0.8000000000  0.0625000000  0.0000000000  0.2500000000  0.0000000000  0.3333333333
  0.4000000000  0.1250000000  0.2500000000  0.7500000000  0.6666666667  1.0000000000
  0.6000000000  0.1875000000  0.0000000000  0.5000000000  0.3333333333  0.6666666667
  0.7000000000  0.0000000000  0.2500000000  0.0000000000  0.6666666667  1.0000000000
  0.4000000000  0.1875000000  0.5000000000  0.0000000000  0.6666666667  0.3333333333
  0.9000000000  0.0000000000  0.2500000000  0.2500000000  0.3333333333  1.0000000000
  0.3000000000  0.1875000000  0.2500000000  0.0000000000  0.0000000000  0.6666666667
  0.5000000000  0.0000000000  0.2500000000  0.5000000000  0.0000000000  0.6666666667
  0.3000000000  0.1875000000  0.2500000000  0.7500000000  0.0000000000  0.3333333333
  0.1000000000  0.1250000000  0.5000000000  0.5000000000  0.3333333333  0.6666666667
  0.6000000000  0.1250000000  0.5000000000  0.7500000000  0.0000000000  0.6666666667
  0.3000000000  0.0000000000  0.5000000000  0.2500000000  0.3333333333  0.6666666667
  0.7000000000  0.0625000000  0.5000000000  0.2500000000  1.0000000000  1.0000000000
  0.3000000000  0.1250000000  0.5000000000  0.5000000000  1.0000000000  0.3333333333
  0.3000000000  0.0000000000  0.7500000000  0.5000000000  0.3333333333  0.6666666667
  0.5000000000  0.1250000000  0.5000000000  0.5000000000  0.6666666667  1.0000000000
  0.2000000000  0.0000000000  0.0000000000  0.0000000000  0.3333333333  0.3333333333
  0.4000000000  0.1875000000  0.5000000000  0.7500000000  1.0000000000  1.0000000000
  0.2000000000  0.0000000000  0.5000000000  0.0000000000  0.6666666667  0.6666666667
  0.8000000000  0.0625000000  0.2500000000  0.5000000000  0.6666666667  0.6666666667
  0.4000000000  0.0000000000  0.5000000000  0.2500000000  0.0000000000  1.0000000000
  0.3000000000  0.0625000000  0.5000000000  0.2500000000  0.6666666667  0.3333333333
  0.7000000000  0.1250000000  0.2500000000  0.0000000000  0.3333333333  0.3333333333
  0.3000000000  0.0000000000  0.7500000000  0.2500000000  1.0000000000  0.3333333333
  0.7000000000  0.0625000000  0.7500000000  0.7500000000  0.3333333333  0.0000000000
  0.8000000000  0.1875000000  0.2500000000  0.5000000000  0.3333333333  1.0000000000
  0.7000000000  0.0000000000  0.7500000000  0.7500000000  0.6666666667  1.0000000000
  0.6000000000  0.0000000000  0.0000000000  0.2500000000  0.6666666667  1.0000000000
  0.8000000000  0.0625000000  0.5000000000  0.0000000000  0.0000000000  0.0000000000
  0.7000000000  0.0625000000  0.0000000000  0.2500000000  0.0000000000  0.0000000000
  0.8000000000  0.1250000000  0.7500000000  0.5000000000  0.6666666667  1.0000000000
  0.8000000000  0.1875000000  0.0000000000  0.7500000000  0.6666666667  1.0000000000
  0.5000000000  0.0625000000  0.7500000000  0.0000000000  0.3333333333  1.0000000000
  0.6000000000  0.1875000000  0.5000000000  0.5000000000  0.0000000000  0.6666666667
  0.1000000000  0.1250000000  0.5000000000  0.5000000000  1.0000000000  1.0000000000
  0.7000000000  0.1250000000  0.7500000000  0.5000000000  0.0000000000  0.0000000000
  0.8000000000  0.0625000000  0.7500000000  0.0000000000  0.6666666667  0.6666666667
  0.1000000000  0.1250000000  0.2500000000  0.0000000000  0.3333333333  0.0000000000
  0.2000000000  0.0000000000  0.0000000000  0.0000000000  0.0000000000  0.6666666667
  0.3000000000  0.1250000000  0.5000000000  0.2500000000  0.6666666667  0.3333333333
  0.2000000000  0.0625000000  0.7500000000  0.7500000000  0.3333333333  0.0000000000
  0.6000000000  0.1250000000  0.2500000000  0.0000000000  1.0000000000  0.0000000000
  0.1000000000  0.0000000000  0.0000000000  0.5000000000  0.6666666667  0.0000000000
  0.9000000000  0.1250000000  0.5000000000  0.0000000000  1.0000000000  1.0000000000
  0.9000000000  0.1875000000  0.7500000000  0.5000000000  0.0000000000  0.3333333333
  0.2000000000  0.0000000000  0.7500000000  0.2500000000  0.3333333333  0.3333333333
  0.5000000000  0.1250000000  0.0000000000  0.7500000000  0.6666666667  1.0000000000
  0.4000000000  0.0625000000  0.0000000000  0.0000000000  0.6666666667  0.3333333333
  0.9000000000  0.0000000000  0.7500000000  0.5000000000  0.6666666667  1.0000000000
  0.3000000000  0.0625000000  0.2500000000  0.7500000000  1.0000000000  0.0000000000
  0.2000000000  0.0625000000  0.0000000000  0.5000000000  0.3333333333  0.0000000000
  0.2000000000  0.1875000000  0.5000000000  0.2500000000  1.0000000000  0.0000000000
  0.7000000000  0.1250000000  0.5000000000  0.0000000000  0.6666666667  0.3333333333
  0.2000000000  0.0000000000  0.7500000000  0.0000000000  0.0000000000  0.0000000000
  0.4000000000  0.0000000000  0.7500000000  0.0000000000  0.0000000000  0.3333333333
  0.5000000000  0.0000000000  0.7500000000  0.2500000000  0.3333333333  0.0000000000
  0.3000000000  0.0000000000  0.5000000000  0.7500000000  0.6666666667  0.0000000000
  0.1000000000  0.1875000000  0.7500000000  0.5000000000  0.0000000000  1.0000000000
  0.4000000000  0.0625000000  0.5000000000  0.0000000000  0.0000000000  0.6666666667
  0.6000000000  0.1250000000  0.5000000000  0.5000000000  1.0000000000  0.3333333333
  0.7000000000  0.1250000000  0.2500000000  0.0000000000  1.0000000000  0.3333333333
  0.6000000000  0.1250000000  0.0000000000  0.0000000000  0.6666666667  0.3333333333
  0.9000000000  0.1875000000  0.5000000000  0.0000000000  0.0000000000  0.0000000000
  0.8000000000  0.1875000000  0.5000000000  0.0000000000  0.6666666667  0.0000000000
  0.2000000000  0.1250000000  0.2500000000  0.5000000000  0.6666666667  0.6666666667
  0.7000000000  0.0000000000  0.5000000000  0.7500000000  1.0000000000  0.0000000000
  0.4000000000  0.0625000000  0.5000000000  0.5000000000  1.0000000000  0.3333333333
  0.2000000000  0.0000000000  0.7500000000  0.0000000000  0.3333333333  0.6666666667
  0.3000000000  0.1250000000  0.2500000000  0.0000000000  1.0000000000  0.0000000000
  0.3000000000  0.0000000000  0.5000000000  0.0000000000  0.3333333333  0.0000000000
  0.2000000000  0.1875000000  0.2500000000  0.5000000000  1.0000000000  0.3333333333
  0.7000000000  0.1875000000  0.2500000000  0.5000000000  0.0000000000  1.0000000000
  0.2000000000  0.0625000000  0.7500000000  0.2500000000  1.0000000000  0.3333333333
  0.3000000000  0.0000000000  0.5000000000  0.2500000000  0.3333333333  0.6666666667
  0.1000000000  0.0625000000  0.7500000000  0.5000000000  0.0000000000  0.0000000000
  0.1000000000  0.0000000000  0.2500000000  0.5000000000  0.6666666667  0.6666666667
  0.1000000000  0.1250000000  0.0000000000  0.0000000000  0.0000000000  0.0000000000
  0.2000000000  0.0000000000  0.2500000000  0.2500000000  0.0000000000  0.3333333333
  0.9000000000  0.1250000000  0.5000000000  0.0000000000  0.0000000000  0.0000000000
  0.9000000000  0.1250000000  0.5000000000  0.2500000000  0.0000000000  0.6666666667
  0.9000000000  0.0000000000  0.2500000000  0.2500000000  0.0000000000  0.6666666667
  0.4000000000  0.1875000000  0.2500000000  0.5000000000  0.0000000000  0.3333333333
  0.2000000000  0.1875000000  0.7500000000  0.2500000000  0.6666666667  0.3333333333
  0.5000000000  0.1875000000  0.5000000000  0.2500000000  0.3333333333  0.3333333333
  0.4000000000  0.0625000000  0.5000000000  0.5000000000  0.3333333333  0.3333333333
  0.2000000000  0.0000000000  0.2500000000  0.2500000000  0.6666666667  1.0000000000
  0.9000000000  0.0625000000  0.0000000000  0.7500000000  1.0000000000  0.6666666667
  0.7000000000  0.0000000000  0.5000000000  0.2500000000  0.0000000000  0.0000000000
  0.8000000000  0.0000000000  0.0000000000  0.5000000000  1.0000000000  0.6666666667
  0.7000000000  0.0000000000  0.7500000000  0.5000000000  0.6666666667  0.0000000000
  0.8000000000  0.1250000000  0.0000000000  0.5000000000  0.3333333333  0.6666666667
  0.4000000000  0.0625000000  0.0000000000  0.2500000000  0.0000000000  1.0000000000
  0.6000000000  0.1875000000  0.0000000000  0.7500000000  1.0000000000  0.6666666667
  0.4000000000  0.0625000000  0.7500000000  0.0000000000  0.0000000000  1.0000000000
  0.7000000000  0.1250000000  0.5000000000  0.2500000000  0.3333333333  1.0000000000
  0.3000000000  0.1875000000  0.7500000000  0.7500000000  0.6666666667  0.6666666667
  0.9000000000  0.0625000000  0.0000000000  0.7500000000  0.6666666667  0.3333333333
  0.9000000000  0.0000000000  0.5000000000  0.5000000000  0.3333333333  0.0000000000
  0.1000000000  0.0625000000  0.0000000000  0.5000000000  0.3333333333  1.0000000000
  0.7000000000  0.1250000000  0.0000000000  0.7500000000  0.3333333333  1.0000000000
  0.3000000000  0.0625000000  0.0000000000  0.5000000000  0.0000000000  0.0000000000
  0.7000000000  0.0625000000  0.5000000000  0.2500000000  0.6666666667  0.0000000000
  0.9000000000  0.1875000000  0.5000000000  0.7500000000  0.3333333333  0.6666666667
  0.6000000000  0.1250000000  0.2500000000  0.0000000000  0.3333333333  0.0000000000
  0.8000000000  0.1875000000  0.0000000000  0.5000000000  0.0000000000  1.0000000000
  0.9000000000  0.0000000000  0.7500000000  0.0000000000  0.6666666667  1.0000000000
  0.5000000000  0.1875000000  0.7500000000  0.5000000000  0.0000000000  0.0000000000
  0.2000000000  0.0000000000  0.0000000000  0.5000000000  1.0000000000  0.3333333333
  0.4000000000  0.1875000000  0.7500000000  0.5000000000  1.0000000000  1.0000000000
  0.4000000000  0.1250000000  0.0000000000  0.2500000000  0.6666666667  0.6666666667
  0.4000000000  0.1250000000  0.7500000000  0.5000000000  0.6666666667  0.6666666667
  0.5000000000  0.0000000000  0.5000000000  0.7500000000  0.3333333333  1.0000000000
  0.4000000000  0.1875000000  0.2500000000  0.2500000000  0.0000000000  0.0000000000
  0.3000000000  0.1250000000  0.7500000000  0.5000000000  0.0000000000  1.0000000000
  0.9000000000  0.1875000000  0.0000000000  0.2500000000  0.6666666667  0.6666666667
  0.3000000000  0.0625000000  0.5000000000  0.2500000000  0.6666666667  0.0000000000
  0.2000000000  0.1875000000  0.7500000000  0.7500000000  0.0000000000  0.0000000000
  0.1000000000  0.0625000000  0.0000000000  0.7500000000  0.0000000000  0.0000000000
  0.6000000000  0.1875000000  0.2500000000  0.0000000000  0.3333333333  0.0000000000
  0.5000000000  0.1875000000  0.5000000000  0.0000000000  0.3333333333  0.0000000000
  0.5000000000  0.0625000000  0.7500000000  0.7500000000  0.3333333333  1.0000000000
  0.2000000000  0.0625000000  0.7500000000  0.7500000000  0.6666666667  0.6666666667
  0.4000000000  0.1875000000  0.0000000000  0.5000000000  0.6666666667  1.0000000000
  0.4000000000  0.1250000000  0.7500000000  0.2500000000  0.6666666667  1.0000000000
  0.5000000000  0.0625000000  0.5000000000  0.2500000000  1.0000000000  0.3333333333
  0.5000000000  0.1250000000  0.7500000000  0.2500000000  1.0000000000  0.6666666667
  0.9000000000  0.0000000000  0.2500000000  0.5000000000  0.3333333333  0.0000000000
  0.7000000000  0.1250000000  0.5000000000  0.5000000000  0.0000000000  0.3333333333
  0.5000000000  0.0000000000  0.5000000000  0.7500000000  0.3333333333  0.6666666667
  0.2000000000  0.1875000000  0.0000000000  0.5000000000  0.3333333333  1.0000000000
  0.5000000000  0.0625000000  0.7500000000  0.2500000000  0.3333333333  1.0000000000
  0.1000000000  0.1875000000  0.0000000000  0.5000000000  0.6666666667  0.6666666667
  0.4000000000  0.1250000000  0.7500000000  0.0000000000  0.0000000000  1.0000000000
  0.6000000000  0.0000000000  0.2500000000  0.0000000000  0.3333333333  0.3333333333
  0.3000000000  0.0000000000  0.2500000000  0.0000000000  1.0000000000  0.0000000000
  0.9000000000  0.0625000000  0.0000000000  0.2500000000  0.6666666667  1.0000000000
  0.5000000000  0.1250000000  0.7500000000  0.0000000000  0.3333333333  0.0000000000
  0.2000000000  0.1250000000  0.5000000000  0.7500000000  0.6666666667  0.0000000000
  0.9000000000  0.1875000000  0.2500000000  0.5000000000  1.0000000000  0.6666666667
  0.8000000000  0.0625000000  0.2500000000  0.5000000000  0.3333333333  0.6666666667
  0.5000000000  0.1250000000  0.2500000000  0.0000000000  0.3333333333  0.3333333333
  0.8000000000  0.1875000000  0.5000000000  0.0000000000  0.0000000000  0.6666666667
  0.3000000000  0.1875000000  0.7500000000  0.2500000000  1.0000000000  1.0000000000
  0.6000000000  0.1875000000  0.7500000000  0.5000000000  0.6666666667  0.6666666667
  0.1000000000  0.0625000000  0.5000000000  0.5000000000  0.3333333333  1.0000000000
  0.8000000000  0.1875000000  0.2500000000  0.5000000000  1.0000000000  1.0000000000
  0.7000000000  0.0000000000  0.5000000000  0.0000000000  0.3333333333  0.6666666667
  0.9000000000  0.1875000000  0.2500000000  0.7500000000  0.3333333333  1.0000000000
  0.9000000000  0.1875000000  0.2500000000  0.2500000000  0.0000000000  1.0000000000
  0.8000000000  0.1875000000  0.5000000000  0.5000000000  0.0000000000  1.0000000000
  0.5000000000  0.0000000000  0.7500000000  0.7500000000  1.0000000000  0.3333333333
  0.7000000000  0.1250000000  0.0000000000  0.2500000000  0.3333333333  0.6666666667
  0.3000000000  0.1875000000  0.7500000000  0.2500000000  0.3333333333  0.6666666667
  0.8000000000  0.1250000000  0.5000000000  0.2500000000  0.3333333333  0.6666666667
  0.8000000000  0.1250000000  0.0000000000  0.5000000000  0.3333333333  0.3333333333
  0.2000000000  0.1875000000  0.2500000000  0.0000000000  0.3333333333  0.3333333333
  0.5000000000  0.1250000000  0.2500000000  0.2500000000  0.6666666667  0.6666666667
  0.9000000000  0.1250000000  0.2500000000  0.7500000000  0.0000000000  0.0000000000
  0.1000000000  0.0000000000  0.2500000000  0.2500000000  0.0000000000  0.6666666667
  0.1000000000  0.0000000000  0.5000000000  0.7500000000  1.0000000000  0.6666666667
  0.9000000000  0.1250000000  0.5000000000  0.2500000000  0.3333333333  0.3333333333
  0.1000000000  0.1875000000  0.0000000000  0.2500000000  1.0000000000  0.3333333333
  0.6000000000  0.1875000000  0.7500000000  0.7500000000  0.0000000000  0.3333333333
  0.9000000000  0.1250000000  0.5000000000  0.5000000000  1.0000000000  0.6666666667
  0.2000000000  0.0625000000  0.2500000000  0.7500000000  0.6666666667  0.6666666667
  0.7000000000  0.0625000000  0.5000000000  0.5000000000  0.0000000000  0.6666666667
  0.7000000000  0.0625000000  0.7500000000  0.5000000000  0.3333333333  0.3333333333
  0.4000000000  0.1875000000  0.5000000000  0.2500000000  0.6666666667  1.0000000000
  0.8000000000  0.1250000000  0.0000000000  0.2500000000  0.6666666667  0.3333333333
  0.1000000000  0.0000000000  0.7500000000  0.0000000000  1.0000000000  0.0000000000
  0.7000000000  0.1250000000  0.0000000000  0.5000000000  0.0000000000  0.6666666667
  0.6000000000  0.0000000000  0.0000000000  0.0000000000  0.0000000000  0.3333333333
  0.8000000000  0.1250000000  0.5000000000  0.7500000000  0.0000000000  1.0000000000
  0.1000000000  0.1250000000  0.0000000000  0.5000000000  0.0000000000  1.0000000000
  0.8000000000  0.1875000000  0.7500000000  0.5000000000  0.3333333333  0.0000000000
  0.5000000000  0.1250000000  0.7500000000  0.0000000000  0.6666666667  0.6666666667
  0.2000000000  0.1875000000  0.5000000000  0.2500000000  1.0000000000  0.6666666667
  0.5000000000  0.1875000000  0.5000000000  0.5000000000  0.6666666667  0.3333333333
  0.3000000000  0.1250000000  0.7500000000  0.2500000000  0.0000000000  0.3333333333
  0.3000000000  0.0625000000  0.7500000000  0.2500000000  0.3333333333  0.3333333333
  0.2000000000  0.0625000000  0.0000000000  0.2500000000  0.3333333333  0.3333333333
  0.4000000000  0.0000000000  0.2500000000  0.5000000000  0.0000000000  1.0000000000
  0.1000000000  0.0625000000  0.0000000000  0.0000000000  0.0000000000  0.0000000000
  0.2000000000  0.0625000000  0.0000000000  0.0000000000  0.6666666667  1.0000000000
  0.9000000000  0.0000000000  0.2500000000  0.2500000000  0.6666666667  0.3333333333
  0.1000000000  0.0625000000  0.0000000000  0.0000000000  1.0000000000  0.3333333333
  0.9000000000  0.1875000000  0.0000000000  0.5000000000  0.6666666667  0.6666666667
  0.5000000000  0.0000000000  0.7500000000  0.0000000000  0.3333333333  1.0000000000
  0.8000000000  0.0625000000  0.2500000000  0.5000000000  1.0000000000  1.0000000000
  0.6000000000  0.0625000000  0.7500000000  0.2500000000  1.0000000000  0.0000000000
  0.5000000000  0.1250000000  0.0000000000  0.2500000000  0.0000000000  0.3333333333
  0.4000000000  0.1250000000  0.0000000000  0.5000000000  0.3333333333  0.0000000000
  0.3000000000  0.0000000000  0.7500000000  0.7500000000  1.0000000000  0.6666666667
  0.2000000000  0.0625000000  0.0000000000  0.0000000000  0.3333333333  0.6666666667
  0.6000000000  0.1250000000  0.2500000000  0.2500000000  0.6666666667  1.0000000000
  0.7000000000  0.1250000000  0.5000000000  0.5000000000  0.0000000000  0.6666666667
  0.4000000000  0.0000000000  0.0000000000  0.0000000000  0.6666666667  0.3333333333
  0.7000000000  0.0625000000  0.0000000000  0.5000000000  0.3333333333  1.0000000000
  0.9000000000  0.0625000000  0.0000000000  0.5000000000  1.0000000000  1.0000000000
  0.1000000000  0.0625000000  0.5000000000  0.5000000000  0.6666666667  0.6666666667
  0.7000000000  0.0625000000  0.5000000000  0.0000000000  0.0000000000  1.0000000000
  0.3000000000  0.1250000000  0.7500000000  0.0000000000  0.0000000000  0.3333333333
  0.9000000000  0.0625000000  0.2500000000  0.0000000000  0.3333333333  0.3333333333
  0.2000000000  0.0625000000  0.0000000000  0.5000000000  0.0000000000  0.6666666667
  0.8000000000  0.0000000000  0.2500000000  0.5000000000  0.0000000000  0.3333333333
  0.6000000000  0.0000000000  0.7500000000  0.7500000000  1.0000000000  0.6666666667
  0.3000000000  0.1250000000  0.0000000000  0.7500000000  0.6666666667  0.6666666667
  0.2000000000  0.0000000000  0.2500000000  0.7500000000  1.0000000000  0.6666666667
  0.7000000000  0.0000000000  0.5000000000  0.7500000000  0.3333333333  1.0000000000
  0.1000000000  0.0625000000  0.5000000000  0.0000000000  0.6666666667  0.6666666667
  0.5000000000  0.1875000000  0.7500000000  0.7500000000  0.3333333333  0.3333333333
  0.7000000000  0.0000000000  0.0000000000  0.2500000000  0.6666666667  1.0000000000
  0.7000000000  0.0625000000  0.2500000000  0.7500000000  1.0000000000  0.6666666667
  0.3000000000  0.0000000000  0.7500000000  0.5000000000  1.0000000000  0.0000000000
  0.6000000000  0.0625000000  0.7500000000  0.0000000000  0.3333333333  0.3333333333
  0.8000000000  0.1250000000  0.0000000000  0.2500000000  0.0000000000  0.6666666667
  0.6000000000  0.0000000000  0.0000000000  0.2500000000  1.0000000000  0.6666666667
  0.1000000000  0.0000000000  0.7500000000  0.2500000000  0.3333333333  1.0000000000
  0.4000000000  0.1250000000  0.5000000000  0.7500000000  0.3333333333  0.6666666667
  0.9000000000  0.0000000000  0.5000000000  0.2500000000  0.3333333333  0.3333333333
  0.7000000000  0.1875000000  0.0000000000  0.7500000000  0.0000000000  1.0000000000
  0.8000000000  0.0625000000  0.5000000000  0.2500000000  1.0000000000  0.3333333333
  0.1000000000  0.1250000000  0.7500000000  0.0000000000  0.3333333333  0.6666666667
  0.1000000000  0.1875000000  0.7500000000  0.5000000000  0.0000000000  0.3333333333
  0.5000000000  0.1875000000  0.7500000000  0.7500000000  0.6666666667  0.3333333333
  0.9000000000  0.0625000000  0.0000000000  0.2500000000  0.6666666667  0.6666666667
  0.7000000000  0.1875000000  0.7500000000  0.5000000000  1.0000000000  0.0000000000
  0.1000000000  0.0625000000  0.5000000000  0.5000000000  1.0000000000  0.6666666667
  0.4000000000  0.1250000000  0.5000000000  0.0000000000  1.0000000000  0.0000000000
  0.5000000000  0.0625000000  0.2500000000  0.5000000000  0.0000000000  0.3333333333
  0.2000000000  0.0000000000  0.2500000000  0.7500000000  0.3333333333  0.3333333333
  0.2000000000  0.1875000000  0.2500000000  0.7500000000  0.6666666667  0.3333333333
  0.8000000000  0.1875000000  0.2500000000  0.7500000000  1.0000000000  0.3333333333
  0.4000000000  0.1250000000  0.7500000000  0.5000000000  0.3333333333  0.6666666667
  0.9000000000  0.1250000000  0.5000000000  0.2500000000  0.0000000000  0.0000000000
  0.1000000000  0.0625000000  0.0000000000  0.7500000000  0.6666666667  0.0000000000
  0.1000000000  0.0000000000  0.2500000000  0.0000000000  0.0000000000  0.6666666667
  0.4000000000  0.1875000000  0.2500000000  0.2500000000  0.0000000000  0.0000000000
  0.1000000000  0.1250000000  0.0000000000  0.7500000000  1.0000000000  1.0000000000
  0.5000000000  0.0000000000  0.0000000000  0.5000000000  1.0000000000  0.3333333333
  0.5000000000  0.1250000000  0.7500000000  0.0000000000  0.6666666667  0.6666666667
  0.4000000000  0.1875000000  0.2500000000  0.0000000000  0.6666666667  0.6666666667
  0.3000000000  0.1875000000  0.7500000000  0.7500000000  0.0000000000  0.0000000000
  0.1000000000  0.1250000000  0.0000000000  0.2500000000  1.0000000000  0.6666666667
  0.4000000000  0.0000000000  0.2500000000  0.7500000000  0.0000000000  0.3333333333
  0.8000000000  0.0000000000  0.5000000000  0.7500000000  0.3333333333  0.0000000000
  0.7000000000  0.1875000000  0.5000000000  0.7500000000  0.0000000000  1.0000000000
  0.4000000000  0.0625000000  0.0000000000  0.7500000000  0.6666666667  0.6666666667
  0.8000000000  0.0000000000  0.7500000000  0.2500000000  1.0000000000  0.6666666667
  0.8000000000  0.0000000000  0.2500000000  0.5000000000  1.0000000000  1.0000000000
  0.9000000000  0.1250000000  0.5000000000  0.7500000000  0.0000000000  1.0000000000
  0.4000000000  0.0000000000  0.5000000000  0.0000000000  0.0000000000  0.6666666667
  0.3000000000  0.0625000000  0.2500000000  0.2500000000  0.3333333333  0.6666666667
  0.2000000000  0.0000000000  0.0000000000  0.2500000000  1.0000000000  0.0000000000
  0.7000000000  0.1250000000  0.7500000000  0.7500000000  0.3333333333  0.3333333333
  0.5000000000  0.0625000000  0.7500000000  0.7500000000  0.6666666667  0.3333333333
  0.7000000000  0.0000000000  0.2500000000  0.2500000000  0.6666666667  1.0000000000
  0.7000000000  0.1875000000  0.0000000000  0.5000000000  0.0000000000  1.0000000000
  0.6000000000  0.1875000000  0.7500000000  0.7500000000  0.3333333333  0.0000000000
  0.5000000000  0.0000000000  0.0000000000  0.2500000000  0.0000000000  0.6666666667
  0.7000000000  0.1250000000  0.2500000000  0.7500000000  0.6666666667  1.0000000000
  0.9000000000  0.0625000000  0.5000000000  0.2500000000  0.6666666667  1.0000000000
  0.7000000000  0.0000000000  0.7500000000  0.0000000000  0.3333333333  0.6666666667
  0.8000000000  0.0625000000  0.5000000000  0.7500000000  0.0000000000  0.0000000000
  0.3000000000  0.0625000000  0.2500000000  0.7500000000  0.0000000000  0.6666666667
  0.2000000000  0.1875000000  0.0000000000  0.5000000000  1.0000000000  0.3333333333
  0.1000000000  0.0000000000  0.2500000000  0.2500000000  0.0000000000  1.0000000000
  0.7000000000  0.1875000000  0.2500000000  0.7500000000  0.0000000000  0.6666666667
  0.8000000000  0.0000000000  0.7500000000  0.7500000000  1.0000000000  0.6666666667
  0.8000000000  0.0625000000  0.0000000000  0.2500000000  0.6666666667  1.0000000000
  0.3000000000  0.0625000000  0.7500000000  0.5000000000  1.0000000000  0.0000000000
  0.8000000000  0.1250000000  0.0000000000  0.2500000000  0.3333333333  0.6666666667
  0.8000000000  0.0000000000  0.7500000000  0.7500000000  0.3333333333  0.3333333333
  0.6000000000  0.1250000000  0.5000000000  0.7500000000  0.3333333333  0.3333333333
  0.9000000000  0.1250000000  0.7500000000  0.2500000000  0.6666666667  0.6666666667
  0.9000000000  0.0000000000  0.5000000000  0.5000000000  0.0000000000  1.0000000000
  0.8000000000  0.0625000000  0.7500000000  0.0000000000  0.6666666667  0.3333333333
  0.5000000000  0.1875000000  0.0000000000  0.2500000000  0.3333333333  0.3333333333
  0.8000000000  0.1875000000  0.0000000000  0.0000000000  0.6666666667  0.3333333333
  0.9000000000  0.1875000000  0.5000000000  0.7500000000  0.3333333333  0.6666666667
  0.9000000000  0.1250000000  0.7500000000  0.5000000000  0.3333333333  0.6666666667
  0.8000000000  0.0000000000  0.2500000000  0.7500000000  0.3333333333  0.6666666667
  0.9000000000  0.1875000000  0.5000000000  0.0000000000  0.0000000000  0.6666666667
  0.6000000000  0.1875000000  0.5000000000  0.5000000000  0.6666666667  0.3333333333
  0.9000000000  0.1250000000  0.0000000000  0.5000000000  0.6666666667  0.0000000000
  0.9000000000  0.0625000000  0.0000000000  0.0000000000  0.3333333333  0.0000000000
  0.6000000000  0.0000000000  0.2500000000  0.2500000000  1.0000000000  0.3333333333
  0.7000000000  0.1250000000  0.7500000000  0.0000000000  1.0000000000  1.0000000000
  0.1000000000  0.0625000000  0.2500000000  0.5000000000  0.0000000000  0.6666666667
  0.6000000000  0.1250000000  0.2500000000  0.0000000000  0.6666666667  0.3333333333
  0.1000000000  0.0625000000  0.2500000000  0.5000000000  1.0000000000  0.6666666667
  0.8000000000  0.0000000000  0.0000000000  0.2500000000  1.0000000000  1.0000000000
  0.5000000000  0.0625000000  0.0000000000  0.5000000000  0.6666666667  0.0000000000
  0.4000000000  0.0000000000  0.7500000000  0.2500000000  1.0000000000  0.0000000000
  0.8000000000  0.1250000000  0.5000000000  0.5000000000  0.6666666667  0.0000000000
  0.8000000000  0.0000000000  0.2500000000  0.0000000000  1.0000000000  0.0000000000
  0.6000000000  0.1250000000  0.5000000000  0.7500000000  0.0000000000  1.0000000000
  0.5000000000  0.1250000000  0.0000000000  0.5000000000  0.6666666667  1.0000000000
  0.5000000000  0.0000000000  0.0000000000  0.5000000000  1.0000000000  0.6666666667
  0.4000000000  0.1875000000  0.5000000000  0.7500000000  0.0000000000  0.0000000000
  0.7000000000  0.1875000000  0.7500000000  0.2500000000  0.0000000000  1.0000000000
  0.8000000000  0.0625000000  0.0000000000  0.2500000000  1.0000000000  1.0000000000
  0.6000000000  0.1250000000  0.2500000000  0.5000000000  1.0000000000  0.3333333333
  0.5000000000  0.0625000000  0.2500000000  0.5000000000  1.0000000000  1.0000000000
  0.7000000000  0.0625000000  0.5000000000  0.0000000000  0.0000000000  0.0000000000
  0.2000000000  0.1250000000  0.0000000000  0.7500000000  0.6666666667  1.0000000000
  0.5000000000  0.1250000000  0.7500000000  0.5000000000  0.3333333333  1.0000000000
  0.1000000000  0.0625000000  0.7500000000  0.2500000000  0.3333333333  0.0000000000
  0.9000000000  0.0000000000  0.2500000000  0.7500000000  0.3333333333  0.6666666667
  0.6000000000  0.1250000000  0.0000000000  0.5000000000  0.0000000000  1.0000000000
  0.4000000000  0.1875000000  0.0000000000  0.5000000000  1.0000000000  0.0000000000
  0.1000000000  0.0000000000  0.5000000000  0.5000000000  0.0000000000  1.0000000000
  0.6000000000  0.0000000000  0.0000000000  0.0000000000  1.0000000000  0.0000000000
  0.3000000000  0.0000000000  0.0000000000  0.7500000000  0.6666666667  0.6666666667
  0.6000000000  0.1250000000  0.2500000000  0.5000000000  0.0000000000  0.0000000000
  0.1000000000  0.1875000000  0.7500000000  0.0000000000  0.3333333333  0.6666666667
  0.3000000000  0.1875000000  0.5000000000  0.2500000000  0.3333333333  1.0000000000
  0.9000000000  0.1250000000  0.2500000000  0.7500000000  0.3333333333  0.6666666667
  0.9000000000  0.0625000000  0.2500000000  0.7500000000  0.0000000000  0.3333333333
  0.6000000000  0.0000000000  0.5000000000  0.7500000000  0.6666666667  0.6666666667
  0.8000000000  0.0000000000  0.5000000000  0.0000000000  0.6666666667  1.0000000000
  0.9000000000  0.0625000000  0.2500000000  0.5000000000  1.0000000000  0.6666666667
  0.9000000000  0.0000000000  0.0000000000  0.2500000000  0.3333333333  0.3333333333
  0.3000000000  0.1250000000  0.0000000000  0.2500000000  0.3333333333  0.3333333333
  0.1000000000  0.1250000000  0.2500000000  0.0000000000  0.0000000000  0.3333333333
  0.5000000000  0.1875000000  0.0000000000  0.7500000000  0.0000000000  1.0000000000
  0.8000000000  0.1875000000  0.0000000000  0.5000000000  0.3333333333  0.0000000000
  0.6000000000  0.1250000000  0.0000000000  0.5000000000  1.0000000000  0.3333333333
  0.7000000000  0.0625000000  0.0000000000  0.2500000000  1.0000000000  0.3333333333
  0.1000000000  0.1250000000  0.2500000000  0.5000000000  0.6666666667  1.0000000000
  0.8000000000  0.0000000000  0.0000000000  0.7500000000  0.6666666667  0.0000000000
  0.9000000000  0.1250000000  0.5000000000  0.5000000000  1.0000000000  1.0000000000
  0.4000000000  0.0000000000  0.5000000000  0.2500000000  1.0000000000  0.3333333333
  0.8000000000  0.0000000000  0.0000000000  0.7500000000  0.0000000000  0.6666666667
  0.7000000000  0.0625000000  0.2500000000  0.7500000000  0.3333333333  0.3333333333
  0.2000000000  0.0625000000  0.2500000000  0.7500000000  0.0000000000  0.3333333333
  0.4000000000  0.1250000000  0.0000000000  0.7500000000  0.0000000000  0.3333333333
  0.1000000000  0.1875000000  0.5000000000  0.0000000000  0.6666666667  0.6666666667
  0.8000000000  0.1250000000  0.7500000000  0.2500000000  0.3333333333  0.3333333333
  0.3000000000  0.1875000000  0.2500000000  0.2500000000  0.3333333333  0.6666666667
  0.4000000000  0.0000000000  0.7500000000  0.5000000000  0.3333333333  0.0000000000
  0.2000000000  0.1250000000  0.2500000000  0.5000000000  0.0000000000  1.0000000000
  0.7000000000  0.0000000000  0.7500000000  0.0000000000  0.6666666667  0.6666666667
  0.2000000000  0.0000000000  0.7500000000  0.7500000000  0.3333333333  0.0000000000
  0.6000000000  0.0000000000  0.5000000000  0.5000000000  0.3333333333  1.0000000000
  0.7000000000  0.1875000000  0.0000000000  0.0000000000  0.6666666667  0.6666666667
  0.7000000000  0.1250000000  0.2500000000  0.5000000000  1.0000000000  0.6666666667
  0.5000000000  0.0625000000  0.5000000000  0.2500000000  0.6666666667  1.0000000000
  0.8000000000  0.1875000000  0.7500000000  0.7500000000  0.0000000000  0.0000000000
  0.1000000000  0.0625000000  0.0000000000  0.2500000000  0.3333333333  0.6666666667
  0.9000000000  0.0625000000  0.2500000000  0.7500000000  0.3333333333  0.0000000000
  0.5000000000  0.1875000000  0.2500000000  0.5000000000  0.6666666667  0.3333333333
  0.5000000000  0.1875000000  0.0000000000  0.2500000000  0.3333333333  0.6666666667
  0.8000000000  0.0625000000  0.2500000000  0.5000000000  0.3333333333  1.0000000000
  0.5000000000  0.0625000000  0.2500000000  0.0000000000  0.0000000000  0.0000000000
  0.8000000000  0.0000000000  0.7500000000  0.5000000000  1.0000000000  1.0000000000
  0.2000000000  0.0625000000  0.7500000000  0.5000000000  1.0000000000  0.3333333333
  0.1000000000  0.1250000000  0.0000000000  0.5000000000  0.6666666667  0.6666666667
  0.6000000000  0.0625000000  0.0000000000  0.2500000000  0.0000000000  0.6666666667
  0.9000000000  0.0000000000  0.0000000000  0.7500000000  0.0000000000  0.0000000000
  0.8000000000  0.0000000000  0.7500000000  0.0000000000  0.3333333333  0.6666666667
  0.6000000000  0.1250000000  0.5000000000  0.2500000000  0.0000000000  1.0000000000
  0.3000000000  0.1250000000  0.7500000000  0.0000000000  1.0000000000  0.0000000000
  0.8000000000  0.1875000000  0.0000000000  0.5000000000  1.0000000000  0.3333333333
  0.8000000000  0.1250000000  0.7500000000  0.7500000000  0.0000000000  0.3333333333
  0.6000000000  0.0625000000  0.7500000000  0.5000000000  0.6666666667  0.3333333333
  0.3000000000  0.1875000000  0.2500000000  0.7500000000  0.0000000000  1.0000000000
  0.1000000000  0.1875000000  0.7500000000  0.5000000000  0.0000000000  0.0000000000
  0.7000000000  0.1875000000  0.0000000000  0.7500000000  1.0000000000  0.3333333333
  0.6000000000  0.0625000000  0.0000000000  0.7500000000  0.6666666667  0.3333333333
  0.6000000000  0.0625000000  0.0000000000  0.0000000000  0.3333333333  0.3333333333
  0.4000000000  0.0625000000  0.0000000000  0.2500000000  0.6666666667  0.0000000000
  0.6000000000  0.0625000000  0.2500000000  0.0000000000  0.0000000000  0.6666666667
  0.3000000000  0.1250000000  0.7500000000  0.5000000000  0.6666666667  1.0000000000
  0.7000000000  0.1250000000  0.7500000000  0.0000000000  0.3333333333  1.0000000000
  0.7000000000  0.0625000000  0.5000000000  0.2500000000  0.3333333333  0.0000000000
  0.4000000000  0.0000000000  0.2500000000  0.2500000000  1.0000000000  0.6666666667
  0.8000000000  0.0625000000  0.2500000000  0.7500000000  1.0000000000  0.6666666667
  0.9000000000  0.1250000000  0.5000000000  0.7500000000  1.0000000000  1.0000000000
  0.6000000000  0.0625000000  0.2500000000  0.7500000000  0.0000000000  0.0000000000
  0.5000000000  0.1250000000  0.0000000000  0.5000000000  1.0000000000  0.0000000000
  0.4000000000  0.0625000000  0.7500000000  0.5000000000  0.3333333333  0.0000000000
  0.5000000000  0.1875000000  0.7500000000  0.7500000000  0.0000000000  0.6666666667
  0.8000000000  0.0000000000  0.7500000000  0.7500000000  0.0000000000  0.0000000000
  0.5000000000  0.1875000000  0.2500000000  0.2500000000  0.6666666667  0.0000000000
  0.2000000000  0.1875000000  0.5000000000  0.2500000000  1.0000000000  0.0000000000
  0.5000000000  0.1250000000  0.2500000000  0.2500000000  0.6666666667  1.0000000000
  0.8000000000  0.0000000000  0.2500000000  0.2500000000  1.0000000000  0.3333333333
  0.3000000000  0.1250000000  0.2500000000  0.7500000000  1.0000000000  1.0000000000
  0.7000000000  0.1250000000  0.7500000000  0.0000000000  0.3333333333  0.0000000000
  0.8000000000  0.1250000000  0.2500000000  0.0000000000  0.6666666667  0.3333333333
  0.1000000000  0.0000000000  0.0000000000  0.2500000000  0.0000000000  0.3333333333
  0.9000000000  0.0625000000  0.0000000000  0.5000000000  1.0000000000  0.3333333333
  0.1000000000  0.0000000000  0.0000000000  0.5000000000  0.3333333333  0.6666666667
  0.7000000000  0.1250000000  0.5000000000  0.7500000000  0.6666666667  1.0000000000
  0.5000000000  0.0000000000  0.0000000000  0.5000000000  0.3333333333  0.6666666667
  0.6000000000  0.1250000000  0.5000000000  0.5000000000  0.3333333333  0.3333333333
  0.9000000000  0.0625000000  0.0000000000  0.0000000000  0.6666666667  1.0000000000
  0.9000000000  0.0000000000  0.7500000000  0.5000000000  0.3333333333  0.6666666667
  0.5000000000  0.1250000000  0.5000000000  0.2500000000  0.0000000000  1.0000000000
  0.4000000000  0.1875000000  0.0000000000  0.0000000000  1.0000000000  1.0000000000
  0.9000000000  0.1875000000  0.0000000000  0.5000000000  1.0000000000  0.6666666667
  0.8000000000  0.0000000000  0.7500000000  0.7500000000  0.6666666667  0.3333333333
  0.4000000000  0.1250000000  0.0000000000  0.2500000000  1.0000000000  0.6666666667
  0.5000000000  0.0625000000  0.2500000000  0.7500000000  1.0000000000  0.6666666667
  0.9000000000  0.0625000000  0.2500000000  0.0000000000  0.0000000000  1.0000000000
  0.7000000000  0.1250000000  0.7500000000  0.5000000000  0.6666666667  0.0000000000
  0.6000000000  0.0000000000  0.0000000000  0.5000000000  0.6666666667  0.0000000000
  0.4000000000  0.1250000000  0.5000000000  0.0000000000  0.0000000000  0.0000000000
  0.4000000000  0.0625000000  0.0000000000  0.5000000000  0.0000000000  0.0000000000
  0.9000000000  0.1875000000  0.0000000000  0.2500000000  1.0000000000  0.0000000000
  0.8000000000  0.1875000000  0.5000000000  0.0000000000  0.3333333333  1.0000000000
  0.7000000000  0.0625000000  0.5000000000  0.0000000000  0.6666666667  1.0000000000
  0.8000000000  0.0625000000  0.5000000000  0.2500000000  1.0000000000  0.0000000000
  0.3000000000  0.1875000000  0.0000000000  0.5000000000  1.0000000000  0.6666666667
  0.2000000000  0.0625000000  0.2500000000  0.2500000000  0.6666666667  0.0000000000
  0.9000000000  0.1250000000  0.0000000000  0.5000000000  1.0000000000  1.0000000000
  0.7000000000  0.0625000000  0.2500000000  0.5000000000  0.0000000000  0.3333333333
  0.9000000000  0.1875000000  0.7500000000  0.7500000000  0.0000000000  0.6666666667
  0.6000000000  0.1875000000  0.5000000000  0.2500000000  0.6666666667  1.0000000000
  0.6000000000  0.0000000000  0.7500000000  0.0000000000  0.6666666667  0.0000000000
  0.4000000000  0.1875000000  0.0000000000  0.7500000000  0.6666666667  0.3333333333
  0.3000000000  0.0625000000  0.7500000000  0.0000000000  0.6666666667  0.6666666667
  0.7000000000  0.1875000000  0.2500000000  0.2500000000  1.0000000000  1.0000000000
  0.5000000000  0.0000000000  0.5000000000  0.0000000000  0.6666666667  0.3333333333
  0.3000000000  0.1250000000  0.5000000000  0.7500000000  0.0000000000  0.6666666667
  0.1000000000  0.1875000000  0.5000000000  0.7500000000  0.0000000000  1.0000000000
  0.5000000000  0.1250000000  0.2500000000  0.0000000000  1.0000000000  0.0000000000
  0.4000000000  0.1250000000  0.7500000000  0.5000000000  1.0000000000  0.0000000000
  0.4000000000  0.1250000000  0.0000000000  0.5000000000  0.3333333333  1.0000000000
  0.4000000000  0.0625000000  0.7500000000  0.5000000000  0.3333333333  0.0000000000
  0.7000000000  0.1250000000  0.0000000000  0.0000000000  1.0000000000  0.3333333333
  0.1000000000  0.0000000000  0.0000000000  0.7500000000  0.3333333333  0.6666666667
  0.5000000000  0.0000000000  0.7500000000  0.2500000000  0.3333333333  0.6666666667
  0.5000000000  0.0625000000  0.5000000000  0.7500000000  0.6666666667  0.3333333333
  0.2000000000  0.0625000000  0.0000000000  0.7500000000  0.6666666667  0.0000000000
  0.5000000000  0.0000000000  0.7500000000  0.2500000000  0.6666666667  0.6666666667
  0.7000000000  0.0625000000  0.0000000000  0.2500000000  0.0000000000  0.6666666667
  0.1000000000  0.1875000000  0.5000000000  0.7500000000  0.6666666667  0.0000000000
  0.3000000000  0.1875000000  0.7500000000  0.2500000000  1.0000000000  0.0000000000
  0.6000000000  0.0625000000  0.5000000000  0.2500000000  0.0000000000  0.3333333333
  0.6000000000  0.0000000000  0.2500000000  0.5000000000  1.0000000000  0.3333333333
  0.4000000000  0.1875000000  0.5000000000  0.0000000000  1.0000000000  0.3333333333
  0.3000000000  0.0000000000  0.2500000000  0.2500000000  0.3333333333  0.3333333333
  0.3000000000  0.1875000000  0.7500000000  0.2500000000  0.3333333333  0.6666666667
  0.5000000000  0.0625000000  0.7500000000  0.0000000000  1.0000000000  0.0000000000
  0.3000000000  0.1250000000  0.5000000000  0.0000000000  1.0000000000  0.6666666667
  0.3000000000  0.1250000000  0.7500000000  0.7500000000  0.3333333333  0.3333333333
  0.3000000000  0.0000000000  0.7500000000  0.0000000000  0.3333333333  0.3333333333
  0.8000000000  0.0000000000  0.7500000000  0.2500000000  0.3333333333  0.3333333333
  0.7000000000  0.0000000000  0.0000000000  0.7500000000  0.6666666667  0.3333333333
  0.9000000000  0.1875000000  0.0000000000  0.0000000000  0.6666666667  1.0000000000
  0.2000000000  0.0000000000  0.5000000000  0.5000000000  0.6666666667  0.0000000000
  0.7000000000  0.1875000000  0.7500000000  0.0000000000  0.3333333333  0.0000000000
  0.6000000000  0.1250000000  0.2500000000  0.7500000000  1.0000000000  1.0000000000
  0.4000000000  0.0000000000  0.5000000000  0.7500000000  0.0000000000  0.0000000000
  0.9000000000  0.0625000000  0.7500000000  0.7500000000  0.0000000000  0.0000000000
  0.1000000000  0.1250000000  0.7500000000  0.5000000000  0.0000000000  1.0000000000
  0.5000000000  0.0625000000  0.0000000000  0.5000000000  0.6666666667  1.0000000000
  0.2000000000  0.0625000000  0.0000000000  0.7500000000  0.3333333333  0.3333333333
  0.1000000000  0.1875000000  0.2500000000  0.5000000000  1.0000000000  0.6666666667
  0.7000000000  0.0000000000  0.5000000000  0.7500000000  0.6666666667  1.0000000000
  0.9000000000  0.1875000000  0.0000000000  0.0000000000  0.3333333333  0.0000000000
  0.5000000000  0.1875000000  0.0000000000  0.2500000000  0.3333333333  1.0000000000
  0.8000000000  0.0625000000  0.2500000000  0.7500000000  0.6666666667  0.6666666667
  0.9000000000  0.1250000000  0.7500000000  0.2500000000  1.0000000000  0.3333333333
  0.7000000000  0.1875000000  0.5000000000  0.2500000000  0.0000000000  0.3333333333
  0.1000000000  0.0625000000  0.2500000000  0.2500000000  1.0000000000  0.6666666667
  0.5000000000  0.1875000000  0.0000000000  0.5000000000  0.3333333333  0.3333333333
  0.6000000000  0.1875000000  0.0000000000  0.5000000000  1.0000000000  0.0000000000
  0.3000000000  0.0625000000  0.7500000000  0.5000000000  0.3333333333  0.6666666667
  0.6000000000  0.0625000000  0.0000000000  0.5000000000  0.6666666667  0.3333333333
  0.1000000000  0.0625000000  0.0000000000  0.0000000000  1.0000000000  0.3333333333
  0.1000000000  0.0625000000  0.7500000000  0.0000000000  1.0000000000  0.3333333333
  0.3000000000  0.0000000000  0.7500000000  0.0000000000  1.0000000000  0.0000000000
  0.3000000000  0.1250000000  0.0000000000  0.5000000000  0.6666666667  1.0000000000
  0.7000000000  0.1250000000  0.2500000000  0.0000000000  0.6666666667  0.0000000000
  0.8000000000  0.1250000000  0.7500000000  0.7500000000  0.3333333333  0.3333333333
  0.7000000000  0.1875000000  0.7500000000  0.7500000000  0.6666666667  0.6666666667
  0.7000000000  0.0625000000  0.7500000000  0.0000000000  1.0000000000  0.0000000000
  0.5000000000  0.0625000000  0.0000000000  0.5000000000  0.6666666667  1.0000000000
  0.6000000000  0.1875000000  0.5000000000  0.7500000000  1.0000000000  0.6666666667
  0.8000000000  0.0625000000  0.7500000000  0.2500000000  1.0000000000  0.3333333333
  0.1000000000  0.1875000000  0.7500000000  0.7500000000  0.3333333333  1.0000000000
  0.5000000000  0.0625000000  0.7500000000  0.7500000000  0.0000000000  0.6666666667
  0.3000000000  0.0625000000  0.2500000000  0.7500000000  1.0000000000  0.6666666667
  0.7000000000  0.1875000000  0.5000000000  0.5000000000  0.3333333333  0.6666666667
  0.4000000000  0.0625000000  0.2500000000  0.2500000000  0.6666666667  1.0000000000
  0.2000000000  0.0625000000  0.5000000000  0.2500000000  0.3333333333  0.6666666667
  0.8000000000  0.0000000000  0.2500000000  0.0000000000  0.6666666667  0.6666666667
  0.7000000000  0.0000000000  0.5000000000  0.2500000000  1.0000000000  0.6666666667
  0.4000000000  0.0625000000  0.2500000000  0.7500000000  0.3333333333  0.0000000000
  0.4000000000  0.1250000000  0.5000000000  0.5000000000  0.0000000000  0.3333333333
  0.9000000000  0.0625000000  0.5000000000  0.2500000000  0.0000000000  0.3333333333
  0.8000000000  0.1875000000  0.7500000000  0.0000000000  0.3333333333  0.0000000000
  0.3000000000  0.1875000000  0.5000000000  0.5000000000  1.0000000000  0.0000000000
  0.9000000000  0.0000000000  0.5000000000  0.5000000000  0.6666666667  0.0000000000
  0.5000000000  0.1250000000  0.5000000000  0.7500000000  0.6666666667  1.0000000000
  0.5000000000  0.1875000000  0.0000000000  0.5000000000  0.3333333333  0.3333333333
  0.7000000000  0.0000000000  0.5000000000  0.2500000000  1.0000000000  0.0000000000
  0.1000000000  0.1875000000  0.0000000000  0.0000000000  0.0000000000  0.0000000000
  0.5000000000  0.1250000000  0.7500000000  0.7500000000  0.6666666667  0.3333333333
  0.7000000000  0.1875000000  0.5000000000  0.2500000000  1.0000000000  0.0000000000
  0.3000000000  0.0625000000  0.5000000000  0.5000000000  0.0000000000  0.0000000000
  0.3000000000  0.1250000000  0.2500000000  0.7500000000  1.0000000000  0.3333333333
  0.1000000000  0.1250000000  0.5000000000  0.2500000000  0.3333333333  0.0000000000
  0.9000000000  0.0625000000  0.5000000000  0.0000000000  0.0000000000  0.0000000000
  0.8000000000  0.1875000000  0.0000000000  0.7500000000  0.6666666667  0.6666666667
  0.9000000000  0.0000000000  0.2500000000  0.2500000000  0.6666666667  0.0000000000
  0.6000000000  0.0000000000  0.5000000000  0.5000000000  0.3333333333  0.6666666667
  0.2000000000  0.1250000000  0.2500000000  0.0000000000  0.3333333333  0.3333333333
  0.3000000000  0.1250000000  0.5000000000  0.2500000000  0.0000000000  1.0000000000
  0.8000000000  0.0625000000  0.5000000000  0.7500000000  1.0000000000  1.0000000000
  0.4000000000  0.0000000000  0.7500000000  0.0000000000  0.0000000000  0.3333333333
  0.8000000000  0.1250000000  0.5000000000  0.7500000000  0.6666666667  0.0000000000
  0.8000000000  0.1250000000  0.2500000000  0.2500000000  0.3333333333  0.3333333333
  0.3000000000  0.0000000000  0.0000000000  0.2500000000  0.0000000000  0.6666666667
  0.8000000000  0.1875000000  0.7500000000  0.5000000000  1.0000000000  1.0000000000
  0.2000000000  0.1875000000  0.0000000000  0.5000000000  0.0000000000  0.0000000000
  0.4000000000  0.0000000000  0.5000000000  0.7500000000  0.3333333333  0.6666666667
  0.6000000000  0.1250000000  0.2500000000  0.7500000000  1.0000000000  1.0000000000
  0.3000000000  0.1875000000  0.0000000000  0.5000000000  0.6666666667  0.6666666667
  0.4000000000  0.1250000000  0.7500000000  0.0000000000  0.0000000000  1.0000000000
  0.4000000000  0.0625000000  0.7500000000  0.7500000000  1.0000000000  0.0000000000
  0.1000000000  0.0625000000  0.5000000000  0.5000000000  1.0000000000  0.3333333333
  0.4000000000  0.1875000000  0.2500000000  0.5000000000  1.0000000000  0.6666666667
  0.3000000000  0.1250000000  0.0000000000  0.7500000000  0.3333333333  0.3333333333
  0.9000000000  0.0625000000  0.2500000000  0.0000000000  0.6666666667  0.0000000000
  0.1000000000  0.1250000000  0.2500000000  0.2500000000  0.6666666667  1.0000000000
  0.4000000000  0.1875000000  0.7500000000  0.0000000000  1.0000000000  0.6666666667
