 -0.6892309233  -0.6892309233  -0.6892306395  -0.0133614032  -0.6093624149  -0.7524312135  -0.0033187363  -0.6429817241  -0.6175992112  -0.0002388329  -0.6892239910  -0.6893302493  -0.0252486378  -0.7409735766  -0.7411437758  -0.0147179371  -0.6117330674  -0.7580632319  -0.0044118369  -0.6440926387  -0.6436370931  -0.0271020930  -0.6044109482  -0.6039705896 
 -0.1594413364  -0.1596323301  -0.1596323301  -0.0123703800  -0.1505254016  -0.1597020203  -0.0033582488  -0.1563446408  -0.1596393197  -0.0002589900  -0.0891767967  -0.1596660608  -0.0239200106  -0.1578298184  -0.1579375057  -0.0137197885  -0.1596680302  -0.1597052795  -0.0044849638  -0.1562195957  -0.1594882608  -0.0257769682  -0.1579420707  -0.1595178865 
 -0.9813460781  -0.9813463593  -0.9813460512  -0.0123006949  -0.9812722036  -0.9812393674  -0.0033610271  -0.9812929314  -0.9812709354  -0.0002604074  -0.9813290421  -0.9813228499  -0.0238265864  -0.9812590868  -0.9812137506  -0.0136496024  -0.9812750994  -0.9812402615  -0.0044901058  -0.9812798871  -0.9812328809  -0.0256837903  -0.9812625932  -0.9812171619 
 -0.6892309233  -0.6892309233  -0.6892306395  -0.0103406600  -0.6891388420  -0.6890631363  -0.0034391744  -0.6891154428  -0.6891060615  -0.0003002740  -0.6891891035  -0.6891834230  -0.0211988417  -0.6891326897  -0.6890486473  -0.0116754749  -0.6891312741  -0.6890890191  -0.0046347354  -0.6891257781  -0.6890395568  -0.0230629729  -0.6891244576  -0.6890798411 
 -0.4617307508  -0.4617307518  -0.4617306175  -0.0091801245  -0.6061996015  -0.6116029117  -0.0034854454  -0.6006420228  -0.6114657011  -0.0003238790  -0.4618158445  -0.6001888924  -0.0196429558  -0.6114406609  -0.6109948226  -0.0105065952  -0.6119815442  -0.6121103359  -0.0047203705  -0.6006711867  -0.5992558299  -0.0215111885  -0.6109938005  -0.5995053555 
 -0.4617307508  -0.4617307518  -0.4617309624  -0.0133934781  -0.6610060424  -0.6610050191  -0.0033174575  -0.6610093648  -0.6610121955  -0.0002381805  -0.6609994565  -0.6610023460  -0.0252916394  -0.6610091291  -0.6610091526  -0.0147502426  -0.6609994976  -0.6609935060  -0.0044094702  -0.6610042845  -0.6610029800  -0.0271449812  -0.6610018327  -0.6609971060 
 -0.4617307508  -0.4617307518  -0.4617307518  -0.0127529736  -0.4616071256  -0.4615377846  -0.0033429946  -0.4616517223  -0.4616086189  -0.0002512082  -0.4616851355  -0.4616723694  -0.0244329393  -0.4616098824  -0.4614083163  -0.0141051329  -0.4616325984  -0.4615477518  -0.0044567325  -0.4615962145  -0.4616410484  -0.0262885448  -0.4616436052  -0.4615403400 
 -0.4617307508  -0.4617307518  -0.4617307518  -0.0124970624  -0.4616222007  -0.4615583023  -0.0033531979  -0.4616261009  -0.4616132484  -0.0002564133  -0.4616968026  -0.4616673587  -0.0240898489  -0.4616129860  -0.4615166233  -0.0138473818  -0.4616398081  -0.4615593237  -0.0044756160  -0.4616012366  -0.4616457506  -0.0259463588  -0.4616470243  -0.4615806693 
 -0.4617307508  -0.4617307518  -0.4617307518  -0.0093627871  -0.5968275133  -0.5958616020  -0.0034781626  -0.4904187933  -0.5232929048  -0.0003201637  -0.5125777101  -0.5674809669  -0.0198878446  -0.5104341389  -0.5058236579  -0.0106905711  -0.5948058793  -0.5946702773  -0.0047068919  -0.5112947490  -0.5268871019  -0.0217554317  -0.5214942855  -0.5219673114 
 -0.0442237134  -0.0442237163  -0.0483387180  -0.0117357180  -0.0529035645  -0.0558377719  -0.0033835530  -0.0455126022  -0.0481001496  -0.0002718989  -0.0167692364  -0.0167092734  -0.0211126893  -0.0712770475  -0.0713890515  -0.0130805633  -0.0524114631  -0.0545825987  -0.0045317951  -0.0386873150  -0.0480836568  -0.0211117526  -0.0708402310  -0.0714035575 
 -0.4617307508  -0.4617307518  -0.4617306305  -0.0092721736  -0.4616185922  -0.4615788203  -0.0034817754  -0.4616201489  -0.4616455668  -0.0003220067  -0.4616892837  -0.4616608751  -0.0197663625  -0.4616127447  -0.4615155265  -0.0105993062  -0.4616295875  -0.4615456620  -0.0047135782  -0.4616230104  -0.4616104151  -0.0216342699  -0.4616295353  -0.4615401749 
 -0.3429059200  -0.3429059215  -0.3429059215  -0.0140984962  -0.3433757285  -0.3433757285  -0.0032893481  -0.3428818913  -0.3428818913  -0.0002238406  -0.3428839858  -0.3428839858  -0.0262368306  -0.3433747694  -0.3433747694  -0.0154603298  -0.3432292048  -0.3432292048  -0.0043574474  -0.3428544737  -0.3428544737  -0.0280876807  -0.3431976845  -0.3431976845 
 -0.6892309233  -0.6892309233  -0.6892306395  -0.0125671263  -0.7134999696  -0.7133913784  -0.0033504044  -0.7722271013  -0.7722385241  -0.0002549882  -0.6893165090  -0.6589208466  -0.0241837809  -0.7722423872  -0.7722409037  -0.0139179494  -0.7722228188  -0.7722190959  -0.0044704461  -0.7722498742  -0.7722407570  -0.0260400432  -0.7722402601  -0.7722137630 
 -0.2907693558  -0.2907693558  -0.2907221462  -0.0113769914  -0.2906671427  -0.2906207694  -0.0033978555  -0.2906471229  -0.2906708231  -0.0002791953  -0.2907280945  -0.2907055451  -0.0225882120  -0.2906542104  -0.2906112771  -0.0127192575  -0.2906613284  -0.2906068208  -0.0045582653  -0.2906448108  -0.2906398855  -0.0244486805  -0.2906824272  -0.2906490150 
 -0.9813460781  -0.9813463593  -0.9813460512  -0.0141382862  -0.9812695745  -0.9812064351  -0.0032877617  -0.9812955741  -0.9812747954  -0.0002230313  -0.9813294391  -0.9813231345  -0.0262901755  -0.9812596129  -0.9811690354  -0.0155004059  -0.9812725664  -0.9812056880  -0.0043545113  -0.9812837603  -0.9812434465  -0.0281408850  -0.9812626213  -0.9811689675 
 -0.0154897183  -0.0154850821  -0.0154850809  -0.0094430110  -0.0142402081  -0.0168016306  -0.0031116842  -0.0156359481  -0.0156069905  -0.0002847506  -0.0096217991  -0.0096214401  -0.0101950945  -0.0101950949  -0.0164203699  -0.0092274734  -0.0092275202  -0.0161778246  -0.0028455121  -0.0156274740  -0.0157287157  -0.0094997332  -0.0094997332  -0.0168015528 
 -0.2907693558  -0.2907693558  -0.3570362100  -0.0133541945  -0.3569635011  -0.3979231568  -0.0033190237  -0.3988095465  -0.3982772737  -0.0002389795  -0.3889947830  -0.3908320104  -0.0252389734  -0.3982746207  -0.3988409800  -0.0147106766  -0.3817584479  -0.3672029169  -0.0044123689  -0.3971417816  -0.4118631273  -0.0270924541  -0.3585155471  -0.3968970567 
 -0.1105675934  -0.1055247173  -0.1055247173  -0.0087413705  -0.1175738694  -0.1178911929  -0.0035029387  -0.0923427327  -0.0968192904  -0.0003328031  -0.0788442120  -0.0928153149  -0.0190547349  -0.1179286627  -0.1177757866  -0.0100646866  -0.1133278175  -0.1179532437  -0.0047527458  -0.0923443725  -0.0968005313  -0.0209245183  -0.1176761712  -0.1176747796 
 -0.4617307508  -0.4617307518  -0.4617307518  -0.0111038645  -0.6054444800  -0.6056754949  -0.0034087452  -0.5036635552  -0.5159991362  -0.0002847506  -0.6062753102  -0.6056469530  -0.0222220411  -0.5650311519  -0.5078298444  -0.0124441668  -0.6056853952  -0.6056746131  -0.0045784191  -0.4634037925  -0.5182433165  -0.0240834749  -0.5213672488  -0.5215203911 
 -0.0586534124  -0.0586534124  -0.0586491100  -0.0088860164  -0.0543380383  -0.0723003803  -0.0034971716  -0.0678331622  -0.0587082512  -0.0003298610  -0.0593549584  -0.0593575890  -0.0173479383  -0.0719922014  -0.0721576097  -0.0102103725  -0.0405524115  -0.0502914662  -0.0047420725  -0.0581476808  -0.0586033817  -0.0173183066  -0.0702397993  -0.0583447617 
 -0.0044845952  -0.0043229800  -0.0043229801  -0.0098796972  -0.0100213737  -0.0116104199  -0.0027472807  -0.0089752936  -0.0089732479  -0.0002568085  -0.0061025112  -0.0061029486  -0.0098900141  -0.0098900141  -0.0098838893  -0.0098795980  -0.0098795981  -0.0098737013  -0.0027028580  -0.0089670009  -0.0089742373  -0.0098839473  -0.0098839473  -0.0098839481 
 -0.0158303527  -0.0163740561  -0.0163740561  -0.0094090525  -0.0098295252  -0.0135105051  -0.0028462478  -0.0113188920  -0.0113812986  -0.0002829080  -0.0069923207  -0.0069918058  -0.0100564790  -0.0100565165  -0.0131258392  -0.0094087104  -0.0094087114  -0.0135149778  -0.0025231553  -0.0113010866  -0.0113804267  -0.0100569939  -0.0100569939  -0.0097742881 
 -0.0671767458  -0.0671767637  -0.0468253853  -0.0147266459  -0.0434824180  -0.0434863341  -0.0032643036  -0.0628143119  -0.0445069587  -0.0002110642  -0.0294853371  -0.0487524425  -0.0248106886  -0.0671401431  -0.0447910172  -0.0160929958  -0.0434864275  -0.0434837847  -0.0043110967  -0.0616932270  -0.0664677222  -0.0248071852  -0.0248129958  -0.0671405343 
 -0.2200518767  -0.2200518747  -0.2200518747  -0.0107916422  -0.2178910529  -0.2178910529  -0.0034211936  -0.1989486129  -0.1989486129  -0.0002911011  -0.2192461284  -0.2192461284  -0.0218034565  -0.2199750446  -0.2199750446  -0.0121296996  -0.2181252779  -0.2181252779  -0.0046014577  -0.2193598226  -0.2193598226  -0.0236659938  -0.2171958022  -0.2171958022 
 -0.2938063082  -0.2938063083  -0.2938192088  -0.0170568598  -0.2757213148  -0.2757456322  -0.0031713971  -0.2937438365  -0.2937511292  -0.0001636682  -0.2941065458  -0.2940362744  -0.0302029967  -0.2761723052  -0.2936990766  -0.0184399639  -0.2937126814  -0.2937147017  -0.0041391519  -0.2937921164  -0.2938975856  -0.0320433913  -0.2765068449  -0.2936881113 
 -0.2143300540  -0.2143300534  -0.2143862714  -0.0127293531  -0.2145135321  -0.2141944223  -0.0033439364  -0.2147232580  -0.2146694259  -0.0002516886  -0.2145515931  -0.2145612661  -0.0244012721  -0.2133591480  -0.2133059541  -0.0140813426  -0.2163786291  -0.2159967921  -0.0044584755  -0.2146261945  -0.2146065676  -0.0262569611  -0.2133059725  -0.2133746896 
 -0.2151101711  -0.2151101669  -0.2151061341  -0.0123006949  -0.2151033208  -0.2151021582  -0.0033610271  -0.2151493609  -0.2151379889  -0.0002604074  -0.2151018373  -0.2151087934  -0.0238265864  -0.2151398969  -0.2151493513  -0.0136496024  -0.2151298183  -0.2151262358  -0.0044901058  -0.2151312766  -0.2151459831  -0.0256837903  -0.2150783947  -0.2150941241 
 -0.1204380753  -0.1204541984  -0.1204541984  -0.0146146053  -0.1195845823  -0.1204820157  -0.0032687707  -0.1254296883  -0.1204761582  -0.0002133431  -0.1187294754  -0.1204435032  -0.0269287585  -0.1204917609  -0.1204770958  -0.0159801497  -0.1205124757  -0.1204631268  -0.0043193641  -0.1253310462  -0.1204634329  -0.0287777846  -0.1205328756  -0.1191267309 
 -0.2907693558  -0.2907693558  -0.5187704249  -0.0133934781  -0.5263783110  -0.5263714543  -0.0033174575  -0.5263284404  -0.5263685759  -0.0002381805  -0.5187207021  -0.5190612236  -0.0252916394  -0.5263633502  -0.5263298298  -0.0147502426  -0.5263751950  -0.5263584006  -0.0044094702  -0.5263510429  -0.5263903261  -0.0271449812  -0.5263633098  -0.5263808613 
 -0.0108260540  -0.0108315674  -0.0108315625  -0.0066376136  -0.0066560597  -0.0081113510  -0.0024624745  -0.0095867355  -0.0095834545  -0.0003376662  -0.0108094106  -0.0108203670  -0.0068349354  -0.0068349354  -0.0033763932  -0.0066365369  -0.0066365380  -0.0080255077  -0.0025584225  -0.0084011304  -0.0095878204  -0.0068324915  -0.0068324915  -0.0068324872 
 -0.2905556046  -0.2905556015  -0.2905556015  -0.0111615159  -0.3062030162  -0.3062030162  -0.0034064466  -0.2827598452  -0.2827598452  -0.0002835780  -0.2826564076  -0.2826564076  -0.0222993322  -0.2843842919  -0.2843842919  -0.0125022327  -0.3055333001  -0.3055333001  -0.0045741650  -0.2827582614  -0.2827582614  -0.0241605622  -0.2824848222  -0.2824848222 
 -0.1782921563  -0.1782921548  -0.1783090207  -0.0103406600  -0.1772659448  -0.1774070335  -0.0034391744  -0.1784562471  -0.1783896732  -0.0003002740  -0.1174309555  -0.1174159082  -0.0211988417  -0.1783994099  -0.1783151391  -0.0116754749  -0.1771441374  -0.1772520524  -0.0046347354  -0.1285945491  -0.1562358600  -0.0230629729  -0.1782005801  -0.1782810461 
 -0.2472523490  -0.2472523491  -0.2472523491  -0.0104218610  -0.1916609931  -0.1916609931  -0.0034359369  -0.2454390648  -0.2454390648  -0.0002986224  -0.2241366897  -0.2241366897  -0.0213077048  -0.2292126957  -0.2292126957  -0.0117572597  -0.2145121219  -0.2145121219  -0.0046287436  -0.2126228635  -0.2126228635  -0.0231715490  -0.2322394145  -0.2322394145 
 -0.6892309233  -0.6892309233  -0.6892306395  -0.0107641064  -0.6891162148  -0.6890742444  -0.0034222915  -0.6891525213  -0.6891068494  -0.0002916612  -0.6891898360  -0.6891846552  -0.0217665403  -0.6890956586  -0.6890504996  -0.0121019659  -0.6891169857  -0.6890303671  -0.0046034896  -0.6891292096  -0.6890473254  -0.0236291749  -0.6891006216  -0.6890947879 
 -0.1688795786  -0.1688795780  -0.1816018658  -0.0124783117  -0.1818495782  -0.1818314225  -0.0033539455  -0.1669352373  -0.1668332881  -0.0002567947  -0.1055198721  -0.1095705002  -0.0240647105  -0.1874892216  -0.1715298146  -0.0138284962  -0.1818632153  -0.1757269105  -0.0044769996  -0.1560099306  -0.1668381400  -0.0259212867  -0.1698592090  -0.1688384349 
 -0.0560103295  -0.0560103294  -0.0789916879  -0.0133541945  -0.0691945176  -0.0778870665  -0.0033190237  -0.0279740693  -0.0477340947  -0.0002389795  -0.0488812339  -0.0490602168  -0.0229604511  -0.0789505558  -0.0789037448  -0.0147106766  -0.0561061117  -0.0761321790  -0.0044123689  -0.0337475992  -0.0326618261  -0.0228444993  -0.0790327107  -0.0790546362 
 -0.0943367778  -0.0937305407  -0.1142015822  -0.0148726599  -0.1358183615  -0.1367111419  -0.0032584819  -0.1339228949  -0.1364483103  -0.0002080943  -0.1119962731  -0.1367373266  -0.0272747225  -0.1349031105  -0.1343215647  -0.0162400597  -0.1367384512  -0.1367387847  -0.0043003224  -0.1339572682  -0.1364634982  -0.0291228365  -0.1349306237  -0.1367297681 
 -0.2121398202  -0.2121398205  -0.2342355063  -0.0133375913  -0.2341551817  -0.2341580058  -0.0033196857  -0.2109849295  -0.2114642477  -0.0002393172  -0.1911905839  -0.1833372161  -0.0252167142  -0.2353351369  -0.2352045592  -0.0146939541  -0.2349176882  -0.2352819330  -0.0044135940  -0.2037406867  -0.2094991593  -0.0270702535  -0.2352249133  -0.2342173675 
 -0.1019820913  -0.1023620438  -0.1023620432  -0.0085441219  -0.1022454029  -0.1022693602  -0.0035108031  -0.0660966818  -0.0673785360  -0.0003368151  -0.0698097113  -0.0552593008  -0.0187902911  -0.0949365500  -0.0957009542  -0.0098660198  -0.0665678652  -0.0653532390  -0.0047673006  -0.0656641931  -0.0661034140  -0.0206607716  -0.0948776144  -0.0957386752 
 -0.0709989228  -0.0709988678  -0.0709619423  -0.0121392859  -0.0604358279  -0.0696013712  -0.0033674626  -0.0702174285  -0.0713031593  -0.0002636904  -0.0298004946  -0.0439862247  -0.0217339431  -0.0710123496  -0.0709896104  -0.0134870329  -0.0604331211  -0.0647552736  -0.0045020161  -0.0664506904  -0.0709161461  -0.0217327198  -0.0710350093  -0.0709933166 
 -0.0125231915  -0.0125826733  -0.0125826739  -0.0102739924  -0.0102592221  -0.0113980705  -0.0027205571  -0.0092240281  -0.0095927035  -0.0002535368  -0.0046437503  -0.0046565572  -0.0107204909  -0.0107204909  -0.0126422406  -0.0102747928  -0.0102747916  -0.0126422543  -0.0027309558  -0.0027318075  -0.0095132768  -0.0107203538  -0.0107203538  -0.0107203570 
 -0.2696118038  -0.2696118079  -0.2696118079  -0.0104807106  -0.2603015518  -0.2603015518  -0.0034335906  -0.2515912978  -0.2515912978  -0.0002974254  -0.2494765845  -0.2494765845  -0.0213866023  -0.2649777578  -0.2649777578  -0.0118165325  -0.2263313326  -0.2263313326  -0.0046244012  -0.2204741354  -0.2204741354  -0.0232502385  -0.2049725905  -0.2049725905 
 -0.3024421687  -0.3024421674  -0.3024421674  -0.0096961359  -0.2952660837  -0.2952660837  -0.0034648718  -0.2860166073  -0.2860166073  -0.0003133834  -0.2914652743  -0.2914652743  -0.0203347527  -0.3024439527  -0.3024439527  -0.0110263167  -0.1681260128  -0.1681260128  -0.0046822944  -0.2952755003  -0.2952755003  -0.0222011617  -0.3024389917  -0.3024389917 
 -0.1888119818  -0.1888119768  -0.1888069657  -0.0124776327  -0.1714944133  -0.1712354694  -0.0033539726  -0.1887432871  -0.1868271306  -0.0002568085  -0.1699224139  -0.1684784497  -0.0240638001  -0.1887853665  -0.1887975300  -0.0138278123  -0.1790789498  -0.1764459960  -0.0044770497  -0.1797438260  -0.1717187637  -0.0259203787  -0.1888463334  -0.1887433639 
 -0.0159974458  -0.0159835673  -0.0159835708  -0.0079276128  -0.0089436950  -0.0088848594  -0.0028611035  -0.0158788230  -0.0158568742  -0.0003201637  -0.0135770304  -0.0135776801  -0.0080983812  -0.0080983813  -0.0151982087  -0.0079270053  -0.0079270084  -0.0122440291  -0.0030409169  -0.0158641432  -0.0159861874  -0.0083308854  -0.0083308854  -0.0086447724 
 -0.0083352556  -0.0091708592  -0.0091708609  -0.0072952535  -0.0063920186  -0.0030028989  -0.0028327055  -0.0090041419  -0.0093906718  -0.0003211058  -0.0084978982  -0.0084969218  -0.0074198952  -0.0074199188  -0.0079226343  -0.0072950247  -0.0072950253  -0.0080576131  -0.0028433950  -0.0028433991  -0.0093906692  -0.0074197124  -0.0074197124  -0.0081585706 
 -0.9813460781  -0.9813463593  -0.9813460512  -0.0090464615  -0.9993558790  -0.9994254288  -0.0034907746  -0.9813581140  -0.9813708113  -0.0003265976  -0.9813381526  -0.9813292980  -0.0194637588  -0.9992059985  -0.9992276097  -0.0103719711  -0.9814946086  -0.9994697578  -0.0047302334  -0.9813432688  -0.9814241522  -0.0213324639  -0.9992394069  -0.9866022267 
 -0.2590133325  -0.2590133301  -0.2590133301  -0.0123706614  -0.2751818241  -0.2751818241  -0.0033582375  -0.2670096536  -0.2670096536  -0.0002589843  -0.2658543312  -0.2658543312  -0.0239203879  -0.2717165117  -0.2717165117  -0.0137200720  -0.2751326864  -0.2751326864  -0.0044849431  -0.2611025147  -0.2611025147  -0.0257773445  -0.2723124186  -0.2723124186 
 -0.6892309233  -0.6892309233  -0.6892306395  -0.0133934781  -0.6842765579  -0.6842647440  -0.0033174575  -0.6892258830  -0.6842482543  -0.0002381805  -0.6842504790  -0.6842502640  -0.0252916394  -0.6842565905  -0.6842432139  -0.0147502426  -0.6842490902  -0.6842501577  -0.0044094702  -0.6842265152  -0.6842263605  -0.0271449812  -0.6842409782  -0.6842061834 
 -0.2240781377  -0.2240781418  -0.2240781418  -0.0109918742  -0.2014476673  -0.2014476673  -0.0034132103  -0.2334082479  -0.2334082479  -0.0002870285  -0.1999689621  -0.1999689621  -0.0220719000  -0.1974895459  -0.1974895459  -0.0123313713  -0.2001474435  -0.2001474435  -0.0045866828  -0.1915268813  -0.1915268813  -0.0239337296  -0.2006966705  -0.2006966705 
 -0.0264772793  -0.0264589212  -0.0264589213  -0.0113622902  -0.0260135704  -0.0260175527  -0.0029940797  -0.0148518811  -0.0147968372  -0.0002245072  -0.0113503998  -0.0130023863  -0.0133248488  -0.0133263850  -0.0260097588  -0.0113524841  -0.0113526030  -0.0260309304  -0.0030025910  -0.0030047618  -0.0149095713  -0.0133863066  -0.0134094052  -0.0260194959 
 -0.6892309233  -0.6892309233  -0.6892306395  -0.0102743598  -0.6891321672  -0.6890933577  -0.0034418178  -0.6891515606  -0.6891040907  -0.0003016225  -0.6892014085  -0.6891837659  -0.0211099556  -0.6891227119  -0.6890396983  -0.0116086980  -0.6891274242  -0.6890857629  -0.0046396276  -0.6891251001  -0.6890394076  -0.0229743210  -0.6891181779  -0.6890768128 
 -0.9813460781  -0.9813463593  -0.9813460512  -0.0125888687  -0.9813012081  -0.9812476003  -0.0033495375  -0.9812951000  -0.9812745776  -0.0002545460  -0.9813291136  -0.9813223286  -0.0242129300  -0.9812971600  -0.9812448344  -0.0139398481  -0.9813022241  -0.9812476203  -0.0044688417  -0.9812803298  -0.9812643995  -0.0260691155  -0.9812694276  -0.9812453627 
 -0.0084748257  -0.0085183672  -0.0085183876  -0.0091645280  -0.0091599400  -0.0091194528  -0.0024255035  -0.0091201187  -0.0090807048  -0.0002133431  -0.0023661224  -0.0023477892  -0.0090971194  -0.0090971194  -0.0091129611  -0.0091645530  -0.0091645268  -0.0091286850  -0.0024255213  -0.0091292181  -0.0090498255  -0.0090851646  -0.0090851646  -0.0090851425 
 -0.0124457005  -0.0124462374  -0.0124462416  -0.0066297266  -0.0059008439  -0.0082896213  -0.0028564828  -0.0126376954  -0.0123976952  -0.0003368151  -0.0076472058  -0.0076463313  -0.0059231897  -0.0060248013  -0.0070573047  -0.0066298191  -0.0066298196  -0.0059067695  -0.0028534780  -0.0103288578  -0.0126780905  -0.0067537811  -0.0067537811  -0.0067537793 
 -0.1731908710  -0.1731760029  -0.1731760029  -0.0133934781  -0.1988486374  -0.1987290322  -0.0033174575  -0.1731919794  -0.1731839233  -0.0002381805  -0.1732001622  -0.1731926999  -0.0252916394  -0.1985778083  -0.1820843056  -0.0147502426  -0.1988520674  -0.1782887432  -0.0044094702  -0.1731961039  -0.1731926810  -0.0271449812  -0.1987778622  -0.1782845633 
 -0.1888126821  -0.1888126853  -0.1888047376  -0.0124776327  -0.1796999321  -0.1887513117  -0.0033539726  -0.1886477490  -0.1886782168  -0.0002568085  -0.1784029299  -0.1803940433  -0.0240638001  -0.1887853665  -0.1887975300  -0.0138278123  -0.1767802049  -0.1765582203  -0.0044770497  -0.1889312985  -0.1888777847  -0.0259203787  -0.1806914151  -0.1887171834 
 -0.0104667343  -0.0065884969  -0.0065884982  -0.0075013558  -0.0074988707  -0.0096817856  -0.0028710487  -0.0091943790  -0.0104638693  -0.0003166396  -0.0064188787  -0.0065399266  -0.0073134239  -0.0073134239  -0.0093369604  -0.0065534777  -0.0065534752  -0.0096796728  -0.0026065623  -0.0091861701  -0.0104643213  -0.0065590805  -0.0065590805  -0.0065590807 
 -0.1727773313  -0.1727773348  -0.1727633893  -0.0092217695  -0.1569455614  -0.1391475576  -0.0034837850  -0.1569771111  -0.1693008257  -0.0003230319  -0.1167381544  -0.1168374064  -0.0196987876  -0.1726361757  -0.1726377327  -0.0105485396  -0.1407416393  -0.1390138486  -0.0047172975  -0.1176767845  -0.1181894742  -0.0215668731  -0.1726808347  -0.1727250445 
 -0.4617307508  -0.4617307518  -0.4617307518  -0.0133934781  -0.5532256866  -0.5532173489  -0.0033174575  -0.5532138692  -0.5532014647  -0.0002381805  -0.5532214811  -0.5532185993  -0.0252916394  -0.5532037954  -0.5532076297  -0.0147502426  -0.5532097665  -0.5532137914  -0.0044094702  -0.5532397611  -0.5532359979  -0.0271449812  -0.5532014403  -0.5531859658 
 -0.0228657610  -0.0228652575  -0.0228652575  -0.0134028172  -0.0201269281  -0.0198497155  -0.0028690819  -0.0134637169  -0.0135215501  -0.0002308523  -0.0093703825  -0.0093702141  -0.0158759459  -0.0158759458  -0.0201633577  -0.0138276338  -0.0138336917  -0.0198496716  -0.0031939456  -0.0133387661  -0.0108509974  -0.0158771922  -0.0158771922  -0.0177150673 
 -0.2702995721  -0.2702995729  -0.2702995729  -0.0128068050  -0.2365059797  -0.2365059797  -0.0033408483  -0.2560849724  -0.2560849724  -0.0002501132  -0.2713416079  -0.2713416079  -0.0245051090  -0.2845298284  -0.2845298284  -0.0141593514  -0.2216958542  -0.2216958542  -0.0044527603  -0.2521246428  -0.2521246428  -0.0263605243  -0.2858933218  -0.2858933218 
 -0.0534384795  -0.0534384795  -0.0649798763  -0.0133614032  -0.0572989596  -0.0630935051  -0.0033187363  -0.0415325759  -0.0434441852  -0.0002388329  -0.0479932592  -0.0498985724  -0.0229996767  -0.0786434022  -0.0785508837  -0.0147179371  -0.0573062873  -0.0572368196  -0.0044118369  -0.0415244304  -0.0402207538  -0.0229394421  -0.0786626829  -0.0573066117 
 -0.1602296655  -0.1602296660  -0.1602266284  -0.0094797124  -0.1377243951  -0.1377256814  -0.0034735007  -0.1162648730  -0.1163396330  -0.0003177854  -0.1375370043  -0.1586821858  -0.0200446018  -0.1486705371  -0.1486717244  -0.0108083371  -0.1359926647  -0.1603234200  -0.0046982641  -0.1598877875  -0.1599064843  -0.0219117757  -0.1354299659  -0.1600596328 
 -0.6892309233  -0.6892309233  -0.6892306395  -0.0091801245  -0.7811593040  -0.7811873710  -0.0034854454  -0.7630594968  -0.7630369610  -0.0003238790  -0.6892332024  -0.6892544467  -0.0196429558  -0.7144684603  -0.7144857921  -0.0105065952  -0.7146005942  -0.7145545825  -0.0047203705  -0.7627317311  -0.7630692332  -0.0215111885  -0.7145588018  -0.7630676985 
 -0.9813460781  -0.9813463593  -0.9813460512  -0.0135263557  -0.9985681426  -0.9985662686  -0.0033121596  -0.9814662537  -0.9985571249  -0.0002354778  -0.9813382180  -0.9813351444  -0.0254697834  -0.9985671486  -0.9985592854  -0.0148840756  -0.9985661019  -0.9985616024  -0.0043996652  -0.9814228558  -0.9985408265  -0.0273226556  -0.9985655370  -0.9985588124 
 -0.2879337304  -0.2879337344  -0.2879546524  -0.0159993326  -0.2879233179  -0.2879299400  -0.0032135611  -0.2879001152  -0.2878957700  -0.0001851781  -0.2879099482  -0.2878770642  -0.0287852099  -0.2879516650  -0.2879385569  -0.0173748331  -0.2879358084  -0.2879474558  -0.0042171860  -0.2878330347  -0.2878483105  -0.0306293421  -0.2879268753  -0.2879369633 
 -0.2907693558  -0.2907693558  -0.3611528346  -0.0090040450  -0.4106134107  -0.4106955725  -0.0034924658  -0.4043119884  -0.3564229740  -0.0003274604  -0.4097054673  -0.4098349940  -0.0194068927  -0.3608730738  -0.3621661382  -0.0103292497  -0.4110639883  -0.4109785981  -0.0047333632  -0.3571543354  -0.3562941743  -0.0212757477  -0.3906286267  -0.4101304513 
 -0.0107254351  -0.0103446822  -0.0103446876  -0.0074451319  -0.0074154966  -0.0016530807  -0.0029144772  -0.0122249908  -0.0118025708  -0.0003277427  -0.0096556139  -0.0096556346  -0.0077005131  -0.0077005134  -0.0074477822  -0.0074449329  -0.0074449334  -0.0074959340  -0.0026016115  -0.0122470365  -0.0117770297  -0.0077815494  -0.0077815494  -0.0018515866 
 -0.4617307508  -0.4617307518  -0.4617309726  -0.0112498182  -0.5866928156  -0.5866920294  -0.0034029260  -0.5357827344  -0.5359837429  -0.0002817819  -0.5861289151  -0.5861430939  -0.0224177158  -0.5878837674  -0.5376494949  -0.0125911699  -0.5867138401  -0.5867049452  -0.0045676493  -0.5860428136  -0.5372688730  -0.0242786337  -0.5879011256  -0.5374184883 
 -0.6892309233  -0.6892309233  -0.6892306395  -0.0133707977  -0.7202874128  -0.7475092886  -0.0033183617  -0.6658034671  -0.6297646534  -0.0002386418  -0.6892309843  -0.6893105681  -0.0252612327  -0.7454192572  -0.7456494062  -0.0147273992  -0.7222077409  -0.7208076836  -0.0044111437  -0.6678820891  -0.6290492455  -0.0271146547  -0.7538505021  -0.6322974322 
 -0.1485342476  -0.1485342439  -0.1485083604  -0.0093164663  -0.1486610588  -0.1496637493  -0.0034800094  -0.1215425776  -0.1213073214  -0.0003211058  -0.1501389205  -0.1497248693  -0.0198257441  -0.1684983203  -0.1685182568  -0.0106439173  -0.1501221735  -0.1494622169  -0.0047103099  -0.1487836576  -0.1486778554  -0.0216934949  -0.1505960003  -0.1506134451 
 -0.2907693558  -0.2907693558  -0.2906167929  -0.0099147167  -0.2906227243  -0.2905985058  -0.0034561569  -0.2906857938  -0.3731950113  -0.0003089376  -0.2907297059  -0.2907062328  -0.0206277957  -0.2906020983  -0.4120578274  -0.0112464691  -0.2906314098  -0.2905821832  -0.0046661654  -0.2906703880  -0.3734813418  -0.0224934322  -0.2906228178  -0.2907367357 
 -0.4617307508  -0.4617307518  -0.4617307342  -0.0143905243  -0.4615449038  -0.4613659800  -0.0032777049  -0.4616173131  -0.4615721179  -0.0002179008  -0.4616957022  -0.4616575109  -0.0266283415  -0.4615101819  -0.4610694694  -0.0157544576  -0.4615791404  -0.4614434567  -0.0043358988  -0.4615956896  -0.4615971123  -0.0284781596  -0.4615736606  -0.4613989131 
 -0.2173381957  -0.2173382103  -0.2173753636  -0.0099147167  -0.2172883104  -0.2172890831  -0.0034561569  -0.2174024094  -0.2173138152  -0.0003089376  -0.2175321028  -0.2175319571  -0.0206277957  -0.2172656931  -0.2172724437  -0.0112464691  -0.2173049850  -0.2173003663  -0.0046661654  -0.2176138678  -0.2176310225  -0.0224934322  -0.2173095660  -0.2173136945 
 -0.9813460781  -0.9813463593  -0.9813460512  -0.0122840917  -0.9812731709  -0.9812419385  -0.0033616891  -0.9812926127  -0.9812718892  -0.0002607451  -0.9813298652  -0.9813227767  -0.0238043271  -0.9812596048  -0.9812134220  -0.0136328798  -0.9812760638  -0.9812421447  -0.0044913310  -0.9812807623  -0.9812693814  -0.0256615898  -0.9812629408  -0.9812163976 
 -0.1450756592  -0.1163362873  -0.1163362870  -0.0133614032  -0.1449724740  -0.1450215145  -0.0033187363  -0.0997230081  -0.1450971525  -0.0002388329  -0.0948016799  -0.1120124741  -0.0252486378  -0.1449759471  -0.1450103321  -0.0147179371  -0.1450425365  -0.1450340111  -0.0044118369  -0.0990596383  -0.0998179008  -0.0271020930  -0.1450117350  -0.1449804271 
 -0.3007942774  -0.3007942785  -0.3007942785  -0.0101705941  -0.3003089044  -0.3003089044  -0.0034459550  -0.3007966752  -0.3007966752  -0.0003037331  -0.3007955524  -0.3007955524  -0.0209708409  -0.3007955117  -0.3007955117  -0.0115041863  -0.3003070128  -0.3003070128  -0.0046472844  -0.3007924726  -0.3007924726  -0.0228355731  -0.3007934159  -0.3007934159 
 -0.1428498276  -0.1424723592  -0.1424723592  -0.0103412562  -0.1428993708  -0.1428911765  -0.0034391507  -0.1300718864  -0.1300621339  -0.0003002619  -0.1068667079  -0.1060047582  -0.0211996411  -0.1431863696  -0.1432030834  -0.0116760754  -0.1425697603  -0.1424649167  -0.0046346914  -0.0891004607  -0.1187725939  -0.0230637701  -0.1432444690  -0.1428716216 
 -0.0107535904  -0.0107528425  -0.0107528425  -0.0078770684  -0.0078772446  -0.0078812813  -0.0028634387  -0.0102636251  -0.0102637344  -0.0003147556  -0.0110009149  -0.0110009773  -0.0066018028  -0.0066018028  -0.0078838438  -0.0078770467  -0.0078770470  -0.0078793061  -0.0029383508  -0.0098839273  -0.0102643727  -0.0078828894  -0.0078828894  -0.0078828895 
 -0.2907693558  -0.2907693558  -0.4251164414  -0.0085659065  -0.4014032252  -0.4174456728  -0.0035099345  -0.4236378271  -0.4239118276  -0.0003363720  -0.3908888374  -0.4263136880  -0.0188194970  -0.4239792160  -0.4238723399  -0.0098879611  -0.4023035100  -0.3804883524  -0.0047656932  -0.4246300324  -0.4124280262  -0.0206899005  -0.4157002956  -0.4251048796 
 -0.1311833583  -0.1311224974  -0.1311224974  -0.0097763819  -0.1309943227  -0.1310141590  -0.0034616724  -0.1310463401  -0.1310912086  -0.0003117512  -0.0977869932  -0.1310824534  -0.0204423354  -0.1310716774  -0.1311062689  -0.0111071396  -0.1309700609  -0.1309992930  -0.0046763731  -0.1310906276  -0.1310430957  -0.0223084608  -0.1309724230  -0.1310281438 
 -0.4617307508  -0.4617307518  -0.4617307518  -0.0085112158  -0.4616260069  -0.4615825324  -0.0035121150  -0.4616168350  -0.4616623691  -0.0003374844  -0.4616887898  -0.4616624840  -0.0187461751  -0.4616205870  -0.4615165109  -0.0098328770  -0.4616049745  -0.4615489134  -0.0047697288  -0.4616216825  -0.4616359540  -0.0206167719  -0.4616047900  -0.4615393482 
 -0.1170647469  -0.1188023131  -0.1188023156  -0.0098095804  -0.1197368376  -0.1187345660  -0.0034603488  -0.1179458612  -0.1174989733  -0.0003110760  -0.0821137754  -0.0799693049  -0.0204868435  -0.1187697965  -0.1194863663  -0.0111405769  -0.1188019291  -0.1188014733  -0.0046739234  -0.1175449420  -0.1172723698  -0.0223528516  -0.1184290438  -0.1196780017 
 -0.0879374133  -0.0879382301  -0.0879382333  -0.0107916422  -0.0998515216  -0.0855400301  -0.0034211936  -0.0545394367  -0.0699191079  -0.0002911011  -0.0879169702  -0.0873096253  -0.0218034565  -0.0844309251  -0.0844475817  -0.0121296996  -0.0861121134  -0.0873200463  -0.0046014577  -0.0823138126  -0.0839759394  -0.0236659938  -0.0844391640  -0.0911064406 
 -0.2597297515  -0.2597297477  -0.2597297477  -0.0099373427  -0.2162553647  -0.2162553647  -0.0034552548  -0.2541222504  -0.2541222504  -0.0003084773  -0.2378376386  -0.2378376386  -0.0206581295  -0.2581101088  -0.2581101088  -0.0112692578  -0.2164486049  -0.2164486049  -0.0046644959  -0.2564305911  -0.2564305911  -0.0225236861  -0.2474924451  -0.2474924451 
 -0.0673270630  -0.0673270629  -0.0673261345  -0.0170568598  -0.0575687927  -0.0575798481  -0.0031713971  -0.0673158952  -0.0673205601  -0.0001636682  -0.0672970180  -0.0673125096  -0.0283657287  -0.0572694936  -0.0574135439  -0.0184399639  -0.0576374090  -0.0576310322  -0.0041391519  -0.0673157953  -0.0673205969  -0.0283515569  -0.0572224127  -0.0574909034 
 -0.1568727166  -0.1568727161  -0.1392644336  -0.0085112158  -0.1478679646  -0.1568318877  -0.0035121150  -0.1290981727  -0.1274103964  -0.0003374844  -0.1285923347  -0.1141086196  -0.0187461751  -0.1636608258  -0.1638050709  -0.0098328770  -0.1502278315  -0.1134238673  -0.0047697288  -0.1050921565  -0.1168443270  -0.0206167719  -0.1568363311  -0.1636801504 
 -0.0727756640  -0.0727756589  -0.0728213433  -0.0119071502  -0.0450033916  -0.0742144155  -0.0033767179  -0.0727401610  -0.0728964347  -0.0002684120  -0.0447513241  -0.0727403601  -0.0209320454  -0.0741813084  -0.0741781021  -0.0132532281  -0.0373776683  -0.0742202297  -0.0045191452  -0.0643107559  -0.0727402341  -0.0209269762  -0.0741626870  -0.0741495618 
 -0.6892309233  -0.6892309233  -0.6892306395  -0.0092217695  -0.6891482902  -0.6890727825  -0.0034837850  -0.6891145642  -0.6891065807  -0.0003230319  -0.6891887893  -0.6891841944  -0.0196987876  -0.6891124086  -0.6890651874  -0.0105485396  -0.6891384718  -0.6890597123  -0.0047172975  -0.6891252909  -0.6890893394  -0.0215668731  -0.6890975325  -0.6890891320 
 -0.2631754528  -0.2631754561  -0.2631841596  -0.0088142509  -0.2631452778  -0.2631649068  -0.0035000329  -0.2629361619  -0.2630325974  -0.0003313207  -0.2630834088  -0.2631325144  -0.0191524429  -0.2631105664  -0.2631376941  -0.0101380910  -0.2631614351  -0.2631453189  -0.0047473680  -0.2627317546  -0.2628474433  -0.0210219687  -0.2630627337  -0.2631037637 
 -0.0759619562  -0.1068822954  -0.1068822954  -0.0086529671  -0.1069432532  -0.1067551610  -0.0035064634  -0.0711617028  -0.0762637983  -0.0003346012  -0.0713104785  -0.0681184859  -0.0189362158  -0.0983762812  -0.0985219465  -0.0099756476  -0.0896610173  -0.0985596364  -0.0047592690  -0.0711527530  -0.0711501862  -0.0208063116  -0.0983784280  -0.0986102064 
 -0.4617307508  -0.4617307518  -0.4617307518  -0.0112584631  -0.4616503599  -0.4615999235  -0.0034025813  -0.4616545450  -0.4616786767  -0.0002816061  -0.4616798427  -0.4616726336  -0.0224293056  -0.4616532956  -0.4615625665  -0.0125998769  -0.4616582178  -0.4616036230  -0.0045670114  -0.4615852654  -0.4616918242  -0.0242901930  -0.4616602007  -0.4615774396 
 -0.1103450335  -0.0864022769  -0.0864022768  -0.0128481113  -0.1188232716  -0.1188095601  -0.0033392014  -0.0673038756  -0.1187982720  -0.0002492731  -0.0889423977  -0.0951512514  -0.0245604868  -0.1186061278  -0.1185959652  -0.0142009547  -0.1169027881  -0.1128601004  -0.0044497124  -0.0821015097  -0.1041605463  -0.0264157561  -0.1187645445  -0.1185202048 
 -0.4617307508  -0.4617307518  -0.4617305767  -0.0142115751  -0.4350114533  -0.6026194514  -0.0032848396  -0.5009372497  -0.5926220770  -0.0002215406  -0.4617835294  -0.5009237190  -0.0263884311  -0.5919526209  -0.5920251924  -0.0155742217  -0.6030719759  -0.5989701567  -0.0043491034  -0.5009275680  -0.5920757833  -0.0282388816  -0.5907649766  -0.5886406737 
 -0.6892309233  -0.6892309233  -0.6892306395  -0.0089636296  -0.6891525361  -0.6890870518  -0.0034940771  -0.6891578488  -0.6891156850  -0.0003282824  -0.6891983904  -0.6891922491  -0.0193527092  -0.6891400673  -0.6891028285  -0.0102885437  -0.6891539175  -0.6890883990  -0.0047363455  -0.6891387581  -0.6891064406  -0.0212217071  -0.6891415672  -0.6891376366 
 -0.4617307508  -0.4617307518  -0.4617307518  -0.0123936023  -0.4616072704  -0.4615477322  -0.0033573229  -0.4616274991  -0.4616051367  -0.0002585177  -0.4616937476  -0.4616695791  -0.0239511438  -0.4616207738  -0.4615465953  -0.0137431777  -0.4616080320  -0.4615694765  -0.0044832503  -0.4615951646  -0.4615881124  -0.0258080193  -0.4616317349  -0.4615940066 
 -0.2907693558  -0.2907693558  -0.2907031762  -0.0147266459  -0.2906556604  -0.2906162682  -0.0032643036  -0.2906466174  -0.2906243801  -0.0002110642  -0.2907318967  -0.2907077051  -0.0270789670  -0.2906390910  -0.2906041928  -0.0160929958  -0.2906490849  -0.2906232392  -0.0043110967  -0.2906150371  -0.2906186687  -0.0289275971  -0.2906730409  -0.2906579155 
 -0.6892309233  -0.6892309233  -0.6892306395  -0.0097300963  -0.8505159961  -0.8504947262  -0.0034635178  -0.7987910603  -0.7987891951  -0.0003126927  -0.8502286183  -0.8500610324  -0.0203802822  -0.8443766688  -0.7987584555  -0.0110605213  -0.8499925844  -0.8499612415  -0.0046797884  -0.7987581881  -0.7987859988  -0.0222465712  -0.8505476114  -0.8419540082 
 -0.4617307508  -0.4617307518  -0.4617307518  -0.0133934781  -0.6707396105  -0.6707407388  -0.0033174575  -0.6638196501  -0.6638058209  -0.0002381805  -0.6637711382  -0.6638501169  -0.0252916394  -0.6718925836  -0.6717675266  -0.0147502426  -0.6687678742  -0.6692106916  -0.0044094702  -0.6637733785  -0.6637919707  -0.0271449812  -0.6638357149  -0.6638251638 
