 -0.0398780494  -0.0398780494  -0.0675967356  -0.0119505713  -0.0372100178  -0.0389666857  -0.0033749867  -0.0289826669  -0.0351358302  -0.0002675288  -0.0355736768  -0.0380213662  -0.0216752623  -0.0674472964  -0.0674878401  -0.0132969614  -0.0371961298  -0.0389589954  -0.0045159412  -0.0348208373  -0.0317959461  -0.0216705731  -0.0615319375  -0.0674891932 
 -0.0315224389  -0.0321846266  -0.0487521752  -0.0105474622  -0.0472431516  -0.0478770304  -0.0034309292  -0.0242833664  -0.0242857005  -0.0002960677  -0.0269193594  -0.0297355591  -0.0187973960  -0.0604932392  -0.0604713476  -0.0118837640  -0.0472261481  -0.0472173825  -0.0046194756  -0.0231270542  -0.0242816744  -0.0188537186  -0.0542746509  -0.0602711089 
 -0.6892309233  -0.6892309233  -0.6892306395  -0.0105938059  -0.6891458997  -0.6890812919  -0.0034290814  -0.6891656427  -0.6891187499  -0.0002951251  -0.6891933741  -0.6891884706  -0.0215382249  -0.6891478589  -0.6891173349  -0.0119304409  -0.6891418075  -0.6890749724  -0.0046160559  -0.6891357138  -0.6890964945  -0.0234014614  -0.6891381832  -0.6891089463 
 -0.2217525643  -0.2217525465  -0.2220745609  -0.0142038649  -0.2221953938  -0.2222004788  -0.0032851470  -0.2223064368  -0.2219238741  -0.0002216974  -0.2221178541  -0.2220987507  -0.0263780943  -0.2221052119  -0.2221350269  -0.0155664560  -0.2222201131  -0.2222146766  -0.0043496723  -0.2226781921  -0.2219316551  -0.0282285720  -0.2220753852  -0.2220935449 
 -0.9813460781  -0.9813463593  -0.9813460512  -0.0088142509  -1.0358750665  -1.0392509181  -0.0035000329  -0.9477743981  -0.9536985230  -0.0003313207  -0.9814416625  -0.9814368932  -0.0191524429  -0.9816872946  -1.0395432343  -0.0101380910  -1.0357805355  -1.0394918968  -0.0047473680  -0.8759390856  -0.9164762845  -0.0210219687  -1.0392813666  -1.0395290597 
 -0.0180938847  -0.0165141596  -0.0165141607  -0.0118773374  -0.0177693626  -0.0178506433  -0.0030598648  -0.0146307261  -0.0148724459  -0.0002603427  -0.0068389065  -0.0078315897  -0.0142309564  -0.0142309585  -0.0177765852  -0.0122793899  -0.0122820870  -0.0178346185  -0.0030720094  -0.0154192192  -0.0148724375  -0.0142303557  -0.0142303557  -0.0178446245 
 -0.0172064812  -0.0172062018  -0.0172062039  -0.0133310607  -0.0175672367  -0.0175680063  -0.0028314467  -0.0155538141  -0.0155538736  -0.0002381805  -0.0084593892  -0.0156419590  -0.0159494027  -0.0159494169  -0.0175953842  -0.0137821434  -0.0175792545  -0.0175682088  -0.0031404141  -0.0031664978  -0.0155511142  -0.0159495991  -0.0159495991  -0.0175849837 
 -0.2014579088  -0.2014579133  -0.1953934585  -0.0107245089  -0.2279895132  -0.2190213395  -0.0034238702  -0.1966950959  -0.1986834158  -0.0002924666  -0.1981574199  -0.1981203353  -0.0217134534  -0.2125625418  -0.2125547859  -0.0120620837  -0.2084287689  -0.2056799141  -0.0046064115  -0.1922209243  -0.1964137599  -0.0235762280  -0.1938211640  -0.1900063880 
 -0.0100839421  -0.0100927098  -0.0100927098  -0.0072256452  -0.0072327791  -0.0091132007  -0.0026578558  -0.0101138781  -0.0101083018  -0.0003002740  -0.0052621716  -0.0052576701  -0.0083507838  -0.0083507841  -0.0091126439  -0.0072211713  -0.0072211715  -0.0091150851  -0.0028891325  -0.0101138755  -0.0101119111  -0.0083510169  -0.0083510169  -0.0091006287 
 -0.3419958525  -0.3419958462  -0.3419958462  -0.0111401326  -0.3421932163  -0.3421932163  -0.0034072992  -0.3384749404  -0.3384749404  -0.0002840129  -0.3421781382  -0.3421781382  -0.0222706645  -0.3383675442  -0.3383675442  -0.0124806957  -0.3421542398  -0.3421542398  -0.0045757429  -0.3383640503  -0.3383640503  -0.0241319701  -0.3383805871  -0.3383805871 
 -0.2243288536  -0.2247954064  -0.2247954064  -0.0106721608  -0.2128419579  -0.2128419579  -0.0034259574  -0.2407124376  -0.2407124376  -0.0002935313  -0.2081372543  -0.2081372543  -0.0216432723  -0.2100612514  -0.2100612514  -0.0120093592  -0.2243375527  -0.2243375527  -0.0046102742  -0.2221420958  -0.2221420958  -0.0235062319  -0.2121506561  -0.2121506561 
 -0.1929881361  -0.1929880895  -0.1926223513  -0.0125770829  -0.1926690818  -0.1926362932  -0.0033500074  -0.1770288532  -0.1772778049  -0.0002547857  -0.1926631458  -0.1927328902  -0.0241971293  -0.1926237838  -0.1927780884  -0.0139279776  -0.1926272928  -0.1926133624  -0.0044697114  -0.1770809828  -0.1770834686  -0.0260533564  -0.1735157328  -0.1699623739 
 -0.1670412541  -0.1654670872  -0.1654670872  -0.0133149110  -0.1929951387  -0.1762622824  -0.0033205900  -0.1654729692  -0.1654667445  -0.0002397785  -0.1648655988  -0.1655176354  -0.0251863075  -0.1931764877  -0.1759583811  -0.0146711106  -0.1931232069  -0.1648535873  -0.0044152676  -0.1654916782  -0.1655196019  -0.0270399270  -0.1760236755  -0.1760786726 
 -0.0109899868  -0.0109905117  -0.0109905117  -0.0083561608  -0.0085605924  -0.0107540381  -0.0028145553  -0.0105774795  -0.0105712708  -0.0002974254  -0.0073358477  -0.0073356737  -0.0086392209  -0.0086392210  -0.0106032231  -0.0083561310  -0.0083561312  -0.0107474383  -0.0028682930  -0.0093745009  -0.0105721773  -0.0086453922  -0.0086453927  -0.0106032231 
 -0.2515879319  -0.2515879251  -0.2516030519  -0.0114722936  -0.2516166477  -0.2516356425  -0.0033940558  -0.2524700980  -0.2522482375  -0.0002772568  -0.2532695501  -0.2532016236  -0.0227159800  -0.2515919468  -0.2515950611  -0.0128152449  -0.2516494875  -0.2515915484  -0.0045512330  -0.2528816485  -0.2523904608  -0.0245761117  -0.2515383597  -0.2515352084 
 -0.6892309233  -0.6892309233  -0.6892306395  -0.0101361599  -0.7919612591  -0.7919652901  -0.0034473279  -0.6738973677  -0.6725329237  -0.0003044335  -0.7294370642  -0.7295442349  -0.0209246763  -0.6786348078  -0.6786381797  -0.0114695045  -0.7918995569  -0.7919547774  -0.0046498253  -0.6185718172  -0.6219123450  -0.0227895301  -0.6801261066  -0.6800199155 
 -0.4617307508  -0.4617307518  -0.4617309521  -0.0089385525  -0.5920029216  -0.5934428924  -0.0034950770  -0.4459038080  -0.5132156956  -0.0003287925  -0.4618074444  -0.4771519183  -0.0193190893  -0.4797127744  -0.4796544838  -0.0102632863  -0.5918003745  -0.5935045723  -0.0047381959  -0.4449559251  -0.5124982279  -0.0211881758  -0.4796888605  -0.4741969268 
 -0.1823183261  -0.1823183275  -0.1926223515  -0.0125770829  -0.1926690818  -0.1926670928  -0.0033500074  -0.1770411160  -0.1772853956  -0.0002547857  -0.1926114281  -0.1926489908  -0.0241971293  -0.1926237839  -0.1927780922  -0.0139279776  -0.1926201665  -0.1925704266  -0.0044697114  -0.1772648739  -0.1770904545  -0.0260533564  -0.1924912808  -0.1924597063 
 -0.6892309233  -0.6892309233  -0.6892306395  -0.0126384848  -0.6891521374  -0.6890542082  -0.0033475593  -0.6891558389  -0.6891061478  -0.0002535368  -0.6892028144  -0.6891855490  -0.0242794484  -0.6891159510  -0.6890771518  -0.0139898209  -0.6891504308  -0.6890861166  -0.0044651806  -0.6891292064  -0.6890428706  -0.0261354586  -0.6891448650  -0.6891092276 
 -0.6892309233  -0.6892309233  -0.6892306395  -0.0103406600  -0.6891388420  -0.6890631363  -0.0034391744  -0.6891154428  -0.6891060615  -0.0003002740  -0.6891891035  -0.6891834230  -0.0211988417  -0.6891326897  -0.6890486473  -0.0116754749  -0.6891312741  -0.6890890191  -0.0046347354  -0.6891257781  -0.6890395568  -0.0230629729  -0.6891244576  -0.6890798411 
 -0.9813460781  -0.9813463593  -0.9813460512  -0.0085100924  -0.9813626482  -0.9991952388  -0.0035121598  -0.9813330659  -0.9813375040  -0.0003375072  -0.9813579264  -0.9813515371  -0.0187446691  -0.9813155440  -0.9995305640  -0.0098317456  -0.9814050347  -1.0007014269  -0.0047698117  -0.9813357651  -0.9813869749  -0.0206152699  -0.9813547134  -0.9997650298 
 -0.3064659544  -0.3064659477  -0.3070837312  -0.0097300963  -0.3066246954  -0.3066397933  -0.0034635178  -0.3070012108  -0.3070399541  -0.0003126927  -0.3070423201  -0.3070238840  -0.0203802822  -0.3070535045  -0.3070573876  -0.0110605213  -0.3065885429  -0.3066332064  -0.0046797884  -0.3070805103  -0.3071879326  -0.0222465712  -0.3070411153  -0.3069722224 
 -0.0983706592  -0.1071502378  -0.1071502377  -0.0105474622  -0.1088686625  -0.1088439292  -0.0034309292  -0.0597272289  -0.1030939807  -0.0002960677  -0.0546132435  -0.0555677421  -0.0214760936  -0.1051304583  -0.1051515902  -0.0118837640  -0.1012396096  -0.1092603206  -0.0046194756  -0.0524544460  -0.0599087375  -0.0233394939  -0.1020489197  -0.1019949586 
 -0.1052909074  -0.1052909074  -0.1054446430  -0.0133934781  -0.1055719954  -0.1055166645  -0.0033174575  -0.1055844217  -0.1055865369  -0.0002381805  -0.1053434341  -0.1052796748  -0.0243528634  -0.1054887311  -0.1055318396  -0.0147502426  -0.1004860129  -0.1052828440  -0.0044094702  -0.1032471959  -0.1055792213  -0.0243800625  -0.1054987045  -0.1055335561 
 -0.4617307508  -0.4617307518  -0.4617307518  -0.0126652487  -0.4616278462  -0.4615629733  -0.0033464922  -0.4616535130  -0.4616577679  -0.0002529925  -0.4616856677  -0.4616632911  -0.0243153298  -0.4616479420  -0.4615267041  -0.0140167773  -0.4616463099  -0.4615836024  -0.0044632057  -0.4615956638  -0.4616410848  -0.0261712454  -0.4616676314  -0.4615872289 
 -0.3003054513  -0.3003054492  -0.3003054492  -0.0144477660  -0.2907222235  -0.2907222235  -0.0032754226  -0.2992258059  -0.2992258059  -0.0002167365  -0.2846949829  -0.2846949829  -0.0267050832  -0.2987221950  -0.2987221950  -0.0158121108  -0.2908580020  -0.2908580020  -0.0043316750  -0.2993810907  -0.2993810907  -0.0285546990  -0.2995600394  -0.2995600394 
 -0.4617307508  -0.4617307518  -0.4617307518  -0.0123936023  -0.4616072704  -0.4615477322  -0.0033573229  -0.4616274991  -0.4616051367  -0.0002585177  -0.4616937476  -0.4616695791  -0.0239511438  -0.4616207738  -0.4615465953  -0.0137431777  -0.4616080320  -0.4615694765  -0.0044832503  -0.4615951646  -0.4615881124  -0.0258080193  -0.4616317349  -0.4615940066 
 -0.4617307508  -0.4617307518  -0.4617306772  -0.0088928180  -0.5715140455  -0.5739084008  -0.0034969004  -0.5937702637  -0.5824312142  -0.0003297227  -0.5515390011  -0.5660897487  -0.0192577748  -0.5687136298  -0.5691596527  -0.0102172230  -0.5717320716  -0.5739354369  -0.0047415706  -0.5814292351  -0.5824167847  -0.0211270229  -0.5762775415  -0.5697469012 
 -0.2907693558  -0.2907693558  -0.3825617907  -0.0118558010  -0.4165412690  -0.4163842099  -0.0033787652  -0.4291668361  -0.4230786091  -0.0002694564  -0.3344257755  -0.3813037393  -0.0232301339  -0.4291610544  -0.4291869515  -0.0132015097  -0.3952688471  -0.3944161246  -0.0045229342  -0.4197867648  -0.3828879644  -0.0250889102  -0.4186076922  -0.4188692197 
 -0.3600080785  -0.3600080787  -0.3600080787  -0.0148890474  -0.3577846059  -0.3577846059  -0.0032578286  -0.3599907089  -0.3599907089  -0.0002077610  -0.3556278446  -0.3556278446  -0.0272966926  -0.3600200588  -0.3600200588  -0.0162565650  -0.3559564094  -0.3559564094  -0.0042991132  -0.3600134752  -0.3600134752  -0.0291447488  -0.3600377093  -0.3600377093 
 -0.4617307508  -0.4617307518  -0.4617309717  -0.0093164663  -0.4616161912  -0.4615732142  -0.0034800094  -0.4616231033  -0.4616407152  -0.0003211058  -0.4616913013  -0.4616319904  -0.0198257441  -0.4616138265  -0.4615192749  -0.0106439173  -0.4616314319  -0.4615412616  -0.0047103099  -0.4615861867  -0.4616172149  -0.0216934949  -0.4616334123  -0.4615470522 
 -0.9813460781  -0.9813463593  -0.9813460512  -0.0084606020  -0.9812952667  -0.9812482903  -0.0035141330  -0.9812905996  -0.9812635677  -0.0003385139  -0.9813267898  -0.9813198959  -0.0186783192  -0.9812962943  -0.9812067540  -0.0097818994  -0.9812905815  -0.9812364493  -0.0047734635  -0.9812717968  -0.9812091098  -0.0205490948  -0.9812884609  -0.9811940945 
 -0.4617307508  -0.4617307518  -0.4617309551  -0.0141631829  -0.4616986306  -0.4907064308  -0.0032867691  -0.4615933195  -0.4615968197  -0.0002225249  -0.4616984809  -0.4616396538  -0.0263235535  -0.4907060369  -0.4906979695  -0.0155254815  -0.4616336165  -0.4907185629  -0.0043526742  -0.4616061929  -0.4615672789  -0.0281741750  -0.4907218605  -0.4907117999 
 -0.6892309233  -0.6892309233  -0.6892306395  -0.0088142509  -0.8317439480  -0.8317447298  -0.0035000329  -0.7174835731  -0.7592994355  -0.0003313207  -0.7205640285  -0.7205808153  -0.0191524429  -0.8317444696  -0.8317496995  -0.0101380910  -0.8317451037  -0.8317454538  -0.0047473680  -0.6897759245  -0.6466151456  -0.0210219687  -0.8317541653  -0.8317495794 
 -0.1555265825  -0.1555147234  -0.1555147243  -0.0108159727  -0.1555376609  -0.1555254479  -0.0034202235  -0.1554926094  -0.1555275739  -0.0002906062  -0.0952876937  -0.1555029441  -0.0218360755  -0.1558651797  -0.1556645313  -0.0121542051  -0.1555312807  -0.1555297059  -0.0045996624  -0.1551264360  -0.1554949237  -0.0236985268  -0.1558768143  -0.1555134909 
 -0.0443268352  -0.0443268352  -0.0429296999  -0.0108235627  -0.0351166471  -0.0307432973  -0.0034199209  -0.0448309442  -0.0448510916  -0.0002904519  -0.0354957357  -0.0407035214  -0.0192466370  -0.0588187461  -0.0586985122  -0.0121618497  -0.0387444903  -0.0351972725  -0.0045991024  -0.0448656241  -0.0448733900  -0.0161296212  -0.0395023264  -0.0589487132 
 -0.0202815885  -0.0204409387  -0.0204409406  -0.0115099840  -0.0166264739  -0.0177748908  -0.0030580445  -0.0131164135  -0.0131792614  -0.0002661225  -0.0086019582  -0.0086034003  -0.0137597537  -0.0137615527  -0.0166912282  -0.0118836220  -0.0164470455  -0.0177771852  -0.0028774004  -0.0028881451  -0.0131802897  -0.0137597546  -0.0137597546  -0.0166901883 
 -0.4617307508  -0.4617307518  -0.4617308373  -0.0101825078  -0.5467834163  -0.5470161196  -0.0034454800  -0.5429040526  -0.5472842362  -0.0003034908  -0.5137125521  -0.5472965425  -0.0209868130  -0.5470173091  -0.5464554455  -0.0115161856  -0.5468316326  -0.5468054184  -0.0046464053  -0.5471943214  -0.5469171591  -0.0228515031  -0.5468637320  -0.5471562413 
 -0.6892309233  -0.6892309233  -0.6892306395  -0.0126384848  -0.6891521374  -0.6890542082  -0.0033475593  -0.6891558389  -0.6891061478  -0.0002535368  -0.6892028144  -0.6891855490  -0.0242794484  -0.6891159510  -0.6890771518  -0.0139898209  -0.6891504308  -0.6890861166  -0.0044651806  -0.6891292064  -0.6890428706  -0.0261354586  -0.6891448650  -0.6891092276 
 -0.6892309233  -0.6892309233  -0.6892306395  -0.0126384848  -0.6891521374  -0.6890542082  -0.0033475593  -0.6891558389  -0.6891061478  -0.0002535368  -0.6892028144  -0.6891855490  -0.0242794484  -0.6891159510  -0.6890771518  -0.0139898209  -0.6891504308  -0.6890861166  -0.0044651806  -0.6891292064  -0.6890428706  -0.0261354586  -0.6891448650  -0.6891092276 
 -0.1508754434  -0.1508549944  -0.1508549970  -0.0128945868  -0.1494163438  -0.1508672157  -0.0033373484  -0.1468849142  -0.1508927842  -0.0002483278  -0.0834139711  -0.1511211261  -0.0246227948  -0.1491699587  -0.1493837533  -0.0142477643  -0.1508263682  -0.1508445865  -0.0044462830  -0.1312713171  -0.1384086459  -0.0264778998  -0.1493954205  -0.1509059655 
 -0.6892309233  -0.6892309233  -0.6892306395  -0.0109216635  -0.6891604573  -0.6891056964  -0.0034160096  -0.6891239553  -0.6891094394  -0.0002884565  -0.6891928766  -0.6891868429  -0.0219777712  -0.6891595549  -0.6890979637  -0.0122606558  -0.6891588895  -0.6891037301  -0.0045918636  -0.6891297079  -0.6890421667  -0.0238398489  -0.6891557818  -0.6891253511 
 -0.6892309233  -0.6892309233  -0.6892306395  -0.0127293531  -0.6891251341  -0.6890599434  -0.0033439364  -0.6891555282  -0.6891082053  -0.0002516886  -0.6891953789  -0.6891905338  -0.0244012721  -0.6891404631  -0.6890767802  -0.0140813426  -0.6891357350  -0.6890735651  -0.0044584755  -0.6891364307  -0.6890561747  -0.0262569611  -0.6891517208  -0.6890964605 
 -0.2907693558  -0.2907693558  -0.2906895586  -0.0091345032  -0.2906517291  -0.2906314375  -0.0034872643  -0.2907123497  -0.3593064463  -0.0003248069  -0.2907295940  -0.2906854921  -0.0195817929  -0.2906820554  -0.2906897169  -0.0104606459  -0.2906768873  -0.2906730494  -0.0047237368  -0.2906460700  -0.3595158315  -0.0214501869  -0.2906761950  -0.2907044703 
 -0.9813460781  -0.9813463593  -0.9813460512  -0.0124868432  -0.9813002336  -0.9812435954  -0.0033536053  -0.9812907853  -0.9812735715  -0.0002566212  -0.9813278320  -0.9813217240  -0.0240761483  -0.9812977617  -0.9812455070  -0.0138370890  -0.9813012324  -0.9812424862  -0.0044763701  -0.9812752241  -0.9812302347  -0.0259326944  -0.9812697301  -0.9812464359 
 -0.9813460781  -0.9813463593  -0.9813460512  -0.0078984055  -0.9814408737  -1.0050533039  -0.0035365480  -0.9813155109  -0.9813164959  -0.0003499488  -0.9813894699  -0.9813805694  -0.0179246036  -0.9814613110  -1.0050625369  -0.0092156607  -1.0050511200  -1.0050578891  -0.0048149476  -0.9813871409  -0.9813723096  -0.0197973661  -1.0050642750  -1.0050626542 
 -0.6892309233  -0.6892309233  -0.6892306395  -0.0128068050  -0.6891485843  -0.6890937010  -0.0033408483  -0.6891568209  -0.6891079884  -0.0002501132  -0.6891935911  -0.6891892640  -0.0245051090  -0.6891457612  -0.6891164107  -0.0141593514  -0.6891512683  -0.6890940021  -0.0044527603  -0.6891319653  -0.6890923366  -0.0263605243  -0.6891690683  -0.6891203350 
 -0.3057827973  -0.3057827975  -0.3057827975  -0.0127529736  -0.3018504662  -0.3018504662  -0.0033429946  -0.3065282465  -0.3065282465  -0.0002512082  -0.3017761065  -0.3017761065  -0.0244329393  -0.3109842476  -0.3109842476  -0.0141051329  -0.3014856832  -0.3014856832  -0.0044567325  -0.3070431459  -0.3070431459  -0.0262885448  -0.3149963592  -0.3149963592 
 -0.6892309233  -0.6892309233  -0.6892306395  -0.0150794082  -0.6891346488  -0.6890838131  -0.0032502388  -0.6891570200  -0.6891037198  -0.0002038891  -0.6891955305  -0.6891900975  -0.0275519021  -0.6891390162  -0.6891009304  -0.0164482945  -0.6891468797  -0.6890950429  -0.0042850666  -0.6891416334  -0.6890600226  -0.0293992855  -0.6891575946  -0.6891324540 
 -0.9813460781  -0.9813463593  -0.9813460512  -0.0086529671  -0.9813135033  -0.9812502025  -0.0035064634  -0.9813051184  -0.9813002931  -0.0003346012  -0.9813274316  -0.9813207385  -0.0189362158  -0.9812977185  -0.9812484533  -0.0099756476  -0.9812935069  -0.9812429773  -0.0047592690  -0.9812841226  -0.9812238340  -0.0208063116  -0.9812894842  -0.9812004887 
 -0.9813460781  -0.9813463593  -0.9813460512  -0.0142038649  -0.9812848595  -0.9812353082  -0.0032851470  -0.9812930575  -0.9812740131  -0.0002216974  -0.9813295623  -0.9813226522  -0.0263780943  -0.9812727806  -0.9811994976  -0.0155664560  -0.9812651335  -0.9812363227  -0.0043496723  -0.9812826814  -0.9812420522  -0.0282285720  -0.9812490978  -0.9812069439 
 -0.6892309233  -0.6892309233  -0.6892306395  -0.0121392859  -0.6891442872  -0.6890845309  -0.0033674626  -0.6891583948  -0.6891114804  -0.0002636904  -0.6891943981  -0.6891893836  -0.0236101915  -0.6891290140  -0.6890946648  -0.0134870329  -0.6891472648  -0.6890846321  -0.0045020161  -0.6891387478  -0.6891021414  -0.0254679659  -0.6891368338  -0.6891069280 
 -0.9813460781  -0.9813463593  -0.9813460512  -0.0111615159  -0.9814602933  -1.0033673877  -0.0034064466  -0.9814345655  -0.8243445111  -0.0002835780  -0.9813526127  -0.9813422688  -0.0222993322  -0.9813818577  -0.9290060561  -0.0125022327  -0.9814834930  -1.0034037925  -0.0045741650  -0.9814013420  -0.8243532562  -0.0241605622  -0.9813527898  -0.9292303015 
 -0.2907693558  -0.2907693558  -0.2907191839  -0.0089332864  -0.2906704308  -0.2906344622  -0.0034952869  -0.2906764316  -0.3042698642  -0.0003288996  -0.2907297634  -0.2907168648  -0.0193120292  -0.2906645609  -0.2906377441  -0.0102579823  -0.2906572918  -0.2906542302  -0.0047385845  -0.2906469612  -0.3371081212  -0.0211811343  -0.2906827180  -0.2906563796 
 -0.9813460781  -0.9813463593  -0.9813460512  -0.0089823117  -1.0011028865  -1.0011118771  -0.0034933323  -0.9814504167  -0.8254922393  -0.0003279024  -0.9813382770  -0.9813286258  -0.0193777556  -0.9813195372  -1.0002201174  -0.0103073601  -1.0010775721  -1.0010293902  -0.0047349669  -0.9814888299  -0.8255316317  -0.0212466874  -0.9812615246  -0.9998207869 
 -0.9813460781  -0.9813463593  -0.9813460512  -0.0159993326  -0.9882421092  -0.9882293489  -0.0032135611  -0.9813936421  -0.9814472245  -0.0001851781  -0.9813623176  -0.9813490472  -0.0287852099  -1.0017389776  -1.0017931163  -0.0173748331  -0.9815370325  -1.0016844230  -0.0042171860  -0.9814060447  -1.0019881910  -0.0306293421  -1.0017180002  -1.0017471169 
 -0.2907693558  -0.2907693558  -0.2906672790  -0.0123006949  -0.2906709062  -0.3778859888  -0.0033610271  -0.2906772291  -0.4072396597  -0.0002604074  -0.2907349652  -0.2906864997  -0.0238265864  -0.2906389450  -0.4141822463  -0.0136496024  -0.2906591367  -0.2906535770  -0.0044901058  -0.2906632890  -0.3960222480  -0.0256837903  -0.2906890030  -0.2906480097 
 -0.4617307508  -0.4617307518  -0.4617307518  -0.0103406600  -0.4616345653  -0.4615697709  -0.0034391744  -0.4616235795  -0.4615983434  -0.0003002740  -0.4616898899  -0.4616937757  -0.0211988417  -0.4615929017  -0.4615370332  -0.0116754749  -0.4616232107  -0.4615391733  -0.0046347354  -0.4616254327  -0.4616317455  -0.0230629729  -0.4616209564  -0.4615686638 
 -0.0159974458  -0.0159835673  -0.0159835708  -0.0079276128  -0.0089436950  -0.0088848594  -0.0028611035  -0.0158788230  -0.0158568742  -0.0003201637  -0.0135770304  -0.0135776801  -0.0080983812  -0.0080983813  -0.0151982087  -0.0079270053  -0.0079270084  -0.0122440291  -0.0030409169  -0.0158641432  -0.0159861874  -0.0083308854  -0.0083308854  -0.0086447724 
 -0.2907693558  -0.2907693558  -0.2907237407  -0.0109216635  -0.2906898122  -0.2906692207  -0.0034160096  -0.2907061194  -0.3459524139  -0.0002884565  -0.2907292551  -0.2906443239  -0.0219777712  -0.2906886336  -0.2906766285  -0.0122606558  -0.2907137124  -0.2907046522  -0.0045918636  -0.2906491720  -0.3331263387  -0.0238398489  -0.2907105942  -0.2907099744 
 -0.0096786565  -0.0097822867  -0.0097822888  -0.0073837014  -0.0073832400  -0.0073828503  -0.0028502234  -0.0102973646  -0.0097233561  -0.0003236765  -0.0079165214  -0.0079148178  -0.0073830997  -0.0073830997  -0.0073832152  -0.0073838596  -0.0073838596  -0.0070524593  -0.0028608396  -0.0102965826  -0.0097271062  -0.0073832892  -0.0073832892  -0.0073832900 
 -0.6892309233  -0.6892309233  -0.6892306395  -0.0146146053  -0.6891245909  -0.6890639890  -0.0032687707  -0.6891542877  -0.6891004598  -0.0002133431  -0.6891932608  -0.6891865358  -0.0269287585  -0.6891057111  -0.6890652857  -0.0159801497  -0.6891315955  -0.6890638164  -0.0043193641  -0.6890893792  -0.6890462034  -0.0287777846  -0.6891172104  -0.6890840969 
 -0.3805879065  -0.3805879059  -0.3805879059  -0.0090464615  -0.3806001664  -0.3806001664  -0.0034907746  -0.3804640342  -0.3804640342  -0.0003265976  -0.3805221291  -0.3805221291  -0.0194637588  -0.3789304543  -0.3789304543  -0.0103719711  -0.3804695005  -0.3804695005  -0.0047302334  -0.3805690011  -0.3805690011  -0.0213324639  -0.3797239332  -0.3797239332 
 -0.2289022704  -0.2289022634  -0.2288924961  -0.0133541945  -0.2288845165  -0.2288661464  -0.0033190237  -0.2304801580  -0.2304002666  -0.0002389795  -0.1722891872  -0.1725102092  -0.0252389734  -0.2288829405  -0.2288692700  -0.0147106766  -0.2288385384  -0.2287276943  -0.0044123689  -0.2307025177  -0.2308906291  -0.0270924541  -0.2288923898  -0.2288422931 
 -0.6892309233  -0.6892309233  -0.6892306395  -0.0092070286  -0.7806832663  -0.7806854420  -0.0034843727  -0.6892710586  -0.7723070769  -0.0003233317  -0.6594730265  -0.6594009692  -0.0196790251  -0.7382936022  -0.7377607611  -0.0105336928  -0.7804062460  -0.7804731181  -0.0047183852  -0.7721919459  -0.7721276125  -0.0215471627  -0.7389817843  -0.7382171935 
 -0.6892309233  -0.6892309233  -0.6892306395  -0.0152251690  -0.7816688192  -0.7813885609  -0.0032444273  -0.7174937619  -0.7168863608  -0.0002009243  -0.6892757043  -0.6893441450  -0.0277473180  -0.7574051733  -0.7574056325  -0.0165951033  -0.7819683004  -0.7819638148  -0.0042743110  -0.7174049736  -0.7174987092  -0.0295941863  -0.7573977222  -0.7573985480 
 -0.2907693558  -0.2907693558  -0.4127355283  -0.0085100924  -0.3712686199  -0.4024401050  -0.0035121598  -0.4162667722  -0.4189055400  -0.0003375072  -0.3903047157  -0.4124807015  -0.0187446691  -0.4120124110  -0.4189437001  -0.0098317456  -0.3736213852  -0.3752026259  -0.0047698117  -0.4192195266  -0.4127731068  -0.0206152699  -0.4107843100  -0.4120489857 
 -0.1815700552  -0.1819014363  -0.1819014363  -0.0085649893  -0.2244164959  -0.2244164959  -0.0035099711  -0.2124734777  -0.2124734777  -0.0003363907  -0.2473007530  -0.2473007530  -0.0188182673  -0.1962836414  -0.1962836414  -0.0098870373  -0.2407159918  -0.2407159918  -0.0047657608  -0.2064393780  -0.2064393780  -0.0206886741  -0.2141643745  -0.2141643745 
 -0.3081656101  -0.3081656104  -0.3081656104  -0.0117241888  -0.3084742358  -0.3084742358  -0.0033840126  -0.3085369851  -0.3085369851  -0.0002721334  -0.3081744253  -0.3081744253  -0.0230536864  -0.3085788800  -0.3085788800  -0.0130689512  -0.1679818118  -0.1679818118  -0.0045326458  -0.3085340176  -0.3085340176  -0.0249129279  -0.3085861024  -0.3085861024 
 -0.2433541431  -0.2433541443  -0.2432853317  -0.0088142509  -0.2742996732  -0.2742580662  -0.0035000329  -0.2431324164  -0.2431126803  -0.0003313207  -0.2601459009  -0.2430065198  -0.0191524429  -0.2742408275  -0.2742395953  -0.0101380910  -0.2576530328  -0.2742207409  -0.0047473680  -0.2421573925  -0.2430060244  -0.0210219687  -0.2742220059  -0.2742276813 
 -0.4617307508  -0.4617307518  -0.4617307518  -0.0148679788  -0.5968324683  -0.5956895369  -0.0032586686  -0.6040619252  -0.6059785304  -0.0002081895  -0.4551607426  -0.6042058027  -0.0272684467  -0.6059805407  -0.6059569775  -0.0162353450  -0.6068162515  -0.6058944022  -0.0043006678  -0.5667205012  -0.6060244897  -0.0291165774  -0.5680037932  -0.5682090325 
 -0.6892309233  -0.6892309233  -0.6892306395  -0.0124776327  -0.6891225423  -0.6890511953  -0.0033539726  -0.6891560899  -0.6891071405  -0.0002568085  -0.6892027548  -0.6891851063  -0.0240638001  -0.6891135043  -0.6890720491  -0.0138278123  -0.6891216998  -0.6890826467  -0.0044770497  -0.6891304872  -0.6890445783  -0.0259203787  -0.6891119236  -0.6891053749 
 -0.2907693558  -0.2907693558  -0.2906948272  -0.0083519865  -0.2906822743  -0.2906594724  -0.0035184636  -0.2907020652  -0.2829882845  -0.0003407231  -0.2907304173  -0.2906469253  -0.0185327025  -0.2906816916  -0.2906724057  -0.0096725030  -0.2906753713  -0.2906965762  -0.0047814782  -0.2906959081  -0.2790021974  -0.0204038621  -0.2906690714  -0.2907153420 
 -0.2276155651  -0.2276155676  -0.2276155676  -0.0093638353  -0.1826107029  -0.1826107029  -0.0034781208  -0.1370523930  -0.1370523930  -0.0003201423  -0.2385016677  -0.2385016677  -0.0198892498  -0.2107136709  -0.2107136709  -0.0106916268  -0.2108832869  -0.2108832869  -0.0047068146  -0.2086306286  -0.2086306286  -0.0217568333  -0.2094750065  -0.2094750065 
 -0.4617307508  -0.4617307518  -0.4617307518  -0.0097300963  -0.6820618149  -0.6827241332  -0.0034635178  -0.6567660794  -0.6793339568  -0.0003126927  -0.6201438955  -0.6683691696  -0.0203802822  -0.6791443468  -0.6577881963  -0.0110605213  -0.6839420440  -0.6840029606  -0.0046797884  -0.6535954122  -0.6791189507  -0.0222465712  -0.6816085736  -0.6827078355 
 -0.0535633527  -0.0535633520  -0.0523288846  -0.0104807106  -0.0328391696  -0.0329822135  -0.0034335906  -0.0336927138  -0.0537025788  -0.0002974254  -0.0326403797  -0.0337949923  -0.0193209879  -0.0586053798  -0.0585036483  -0.0118165325  -0.0328335108  -0.0328118861  -0.0046244012  -0.0336038975  -0.0336803216  -0.0193191421  -0.0554710567  -0.0586126585 
 -0.3200629364  -0.3200629366  -0.3200629366  -0.0143050220  -0.3201253156  -0.3201253156  -0.0032811139  -0.3232334808  -0.3232334808  -0.0002196399  -0.3199846758  -0.3199846758  -0.0265137118  -0.3219592649  -0.3219592649  -0.0156683405  -0.3201057842  -0.3201057842  -0.0043422080  -0.3232383553  -0.3232383553  -0.0283638320  -0.3198291970  -0.3198291970 
 -0.0218459137  -0.0214123063  -0.0214123063  -0.0107998643  -0.0222455288  -0.0227975203  -0.0030869885  -0.0173964574  -0.0170598634  -0.0002624910  -0.0080533224  -0.0066823293  -0.0125484271  -0.0125554436  -0.0222334969  -0.0108438348  -0.0222016990  -0.0227968267  -0.0030205726  -0.0173882497  -0.0174819067  -0.0125476558  -0.0125476558  -0.0222236898 
 -0.9813460781  -0.9813463593  -0.9813460512  -0.0121392859  -0.9812982106  -0.9812442195  -0.0033674626  -0.9812928254  -0.9812724004  -0.0002636904  -0.9813290137  -0.9813226929  -0.0236101915  -0.9812617555  -0.9812269563  -0.0134870329  -0.9812761958  -0.9812439302  -0.0045020161  -0.9812797709  -0.9812339045  -0.0254679659  -0.9812650057  -0.9812291713 
 -0.2907693558  -0.2907693558  -0.3833823875  -0.0088142509  -0.4331637383  -0.4329842737  -0.0035000329  -0.3417472279  -0.3252051456  -0.0003313207  -0.3948214951  -0.3865228617  -0.0191524429  -0.3427598954  -0.3427932659  -0.0101380910  -0.4329792586  -0.4328628046  -0.0047473680  -0.3405641510  -0.3290323741  -0.0210219687  -0.3426756675  -0.3445370201 
 -0.1916448371  -0.1916448397  -0.1916371778  -0.0114832201  -0.1903761796  -0.1915512862  -0.0033936201  -0.1565633062  -0.1711106312  -0.0002770346  -0.1747130944  -0.1735598022  -0.0227306288  -0.1517589883  -0.1654224365  -0.0128262500  -0.1139587854  -0.1964633241  -0.0045504267  -0.1731079005  -0.1729543749  -0.0245907219  -0.1736247631  -0.1750089157 
 -0.0098219027  -0.0098076034  -0.0098076034  -0.0066545857  -0.0109946483  -0.0110012723  -0.0032930965  -0.0043208216  -0.0090680725  -0.0003499488  -0.0098701674  -0.0098295929  -0.0054801683  -0.0054801713  -0.0109870294  -0.0065084246  -0.0065088034  -0.0111347823  -0.0033033203  -0.0033033207  -0.0098404987  -0.0056574243  -0.0056574243  -0.0109987303 
 -0.2907693558  -0.2907693558  -0.5289560557  -0.0170568598  -0.5287708435  -0.5289425814  -0.0031713971  -0.5287648607  -0.5287734413  -0.0001636682  -0.5288520606  -0.5288389341  -0.0302029967  -0.5287690300  -0.5289484201  -0.0184399639  -0.5289541555  -0.5289510745  -0.0041391519  -0.5288779029  -0.5289525540  -0.0320433913  -0.5288841171  -0.5289014989 
 -0.1272681404  -0.1324919877  -0.1300469080  -0.0144820050  -0.1272559655  -0.1272234655  -0.0032740575  -0.1328986752  -0.1327889950  -0.0002160401  -0.1294631623  -0.1300658908  -0.0267509863  -0.1272369468  -0.1272386752  -0.0158465960  -0.1272139861  -0.1272000020  -0.0043291485  -0.1322097392  -0.1328929054  -0.0286004810  -0.1272600416  -0.1272274963 
 -0.2907693558  -0.2907693558  -0.4453954182  -0.0080555397  -0.5028754953  -0.4927569566  -0.0035302830  -0.4464732041  -0.4462952927  -0.0003467527  -0.4483654150  -0.4483312218  -0.0181352675  -0.4783959288  -0.4472179538  -0.0093739247  -0.5028544827  -0.4973029071  -0.0048033528  -0.4464619104  -0.4462881392  -0.0200074747  -0.4783235612  -0.4925097490 
 -0.0145311864  -0.0145312016  -0.0145312015  -0.0108904884  -0.0140604109  -0.0140272415  -0.0027167249  -0.0122763188  -0.0120538412  -0.0002501132  -0.0060112420  -0.0060274656  -0.0115716253  -0.0115716253  -0.0140153088  -0.0108905768  -0.0108899393  -0.0138739848  -0.0026962859  -0.0119372431  -0.0122995002  -0.0115737873  -0.0115737873  -0.0115741883 
 -0.1018601807  -0.0913793354  -0.0913793347  -0.0113956052  -0.1079374647  -0.1125537148  -0.0033971134  -0.0841501905  -0.0864931578  -0.0002788167  -0.0949234767  -0.0947423585  -0.0226131669  -0.1030944334  -0.1023931472  -0.0127380051  -0.0949169117  -0.0947608349  -0.0045568917  -0.0921794212  -0.0906293812  -0.0244735696  -0.1030856528  -0.1118967137 
 -0.9813460781  -0.9813463593  -0.9813460512  -0.0094797124  -0.9812950017  -0.9812494311  -0.0034735007  -0.9812930427  -0.9812927686  -0.0003177854  -0.9813319221  -0.9813230302  -0.0200446018  -0.9812935175  -0.9812112946  -0.0108083371  -0.9812979331  -0.9812472729  -0.0046982641  -0.9812788613  -0.9812568816  -0.0219117757  -0.9812919662  -0.9812075178 
 -0.9813460781  -0.9813463593  -0.9813460512  -0.0107891836  -0.9813979762  -1.0090052929  -0.0034212916  -0.9813255831  -0.9813307530  -0.0002911511  -0.9813579123  -0.9813488480  -0.0218001604  -0.9813584334  -1.0076133695  -0.0121272234  -0.9814173761  -1.0086389961  -0.0046016392  -0.9813377068  -0.9813894795  -0.0236627063  -0.9813853296  -1.0052886275 
 -0.2907693558  -0.2907693558  -0.2907398248  -0.0101749096  -0.2906479259  -0.2906211655  -0.0034457830  -0.2906695785  -0.2906847876  -0.0003036453  -0.2907248482  -0.2906990343  -0.0209766264  -0.2906527010  -0.2906124606  -0.0115085327  -0.2906379153  -0.2906124292  -0.0046469660  -0.2906413574  -0.2955466105  -0.0228413433  -0.2906575479  -0.2906514414 
 -0.6892309233  -0.6892309233  -0.6892306395  -0.0117241888  -0.6890836082  -0.6889664745  -0.0033840126  -0.6891494992  -0.6891015319  -0.0002721334  -0.6891901044  -0.6891847759  -0.0230536864  -0.6889973370  -0.6889650578  -0.0130689512  -0.6890930809  -0.6889852650  -0.0045326458  -0.6891295042  -0.6890483414  -0.0249129279  -0.6890641487  -0.6890458148 
 -0.9813460781  -0.9813463593  -0.9813460512  -0.0091900765  -0.9812917907  -0.9812455741  -0.0034850486  -0.9812896595  -0.9812920047  -0.0003236765  -0.9813270830  -0.9813200998  -0.0196562980  -0.9812906744  -0.9812030918  -0.0105166187  -0.9812887356  -0.9812365796  -0.0047196361  -0.9812725410  -0.9812539930  -0.0215244955  -0.9812845351  -0.9811936478 
 -0.9813460781  -0.9813463593  -0.9813460512  -0.0142474841  -0.9812628792  -0.9812049278  -0.0032834079  -0.9812953751  -0.9812735010  -0.0002208102  -0.9813298926  -0.9813237799  -0.0264365729  -0.9812499780  -0.9811550998  -0.0156103889  -0.9812679268  -0.9812057295  -0.0043464537  -0.9812849378  -0.9812744833  -0.0282868965  -0.9812556137  -0.9811955255 
 -0.1265559259  -0.1265273090  -0.1265273090  -0.0112584631  -0.1266250756  -0.1265795920  -0.0034025813  -0.1061958005  -0.1117806932  -0.0002816061  -0.0806864762  -0.1005067770  -0.0224293056  -0.1265603022  -0.1264918831  -0.0125998769  -0.1267189531  -0.1266667535  -0.0045670114  -0.1004186360  -0.1061381878  -0.0242901930  -0.1266379374  -0.1265400792 
 -0.0217276482  -0.0229592389  -0.0229592385  -0.0107685599  -0.0222967823  -0.0228945183  -0.0031062253  -0.0188669906  -0.0185057368  -0.0002650677  -0.0101450108  -0.0071113929  -0.0126877467  -0.0223289855  -0.0222963975  -0.0108902080  -0.0108991961  -0.0228681744  -0.0030565403  -0.0188528490  -0.0189577449  -0.0126872055  -0.0126872055  -0.0222928310 
 -0.3682325735  -0.3682325732  -0.3682325732  -0.0120589935  -0.3681579377  -0.3681579377  -0.0033706639  -0.3653760385  -0.3653760385  -0.0002653235  -0.3661244628  -0.3661244628  -0.0235025464  -0.3682080621  -0.3682080621  -0.0134061631  -0.3661148941  -0.3661148941  -0.0045079408  -0.3662466124  -0.3662466124  -0.0253606046  -0.3682511464  -0.3682511464 
 -0.6892309233  -0.6892309233  -0.6892306395  -0.0107422628  -0.7982375684  -0.7979136100  -0.0034231624  -0.6683749282  -0.6692495609  -0.0002921055  -0.6892874590  -0.6894215729  -0.0217372555  -0.6676987359  -0.6678930078  -0.0120799652  -0.7980659218  -0.7979437546  -0.0046051014  -0.6614707572  -0.6679338558  -0.0235999672  -0.6283084783  -0.6663852927 
 -0.2907693558  -0.2907693558  -0.2907168796  -0.0086379964  -0.2906835817  -0.2906545282  -0.0035070603  -0.2908583863  -0.3018720496  -0.0003349057  -0.2907277357  -0.1686208398  -0.0189161451  -0.2906923317  -0.2907292407  -0.0099605692  -0.2906679889  -0.2907075890  -0.0047603737  -0.2908165051  -0.3022369127  -0.0207862938  -0.2906902177  -0.2907284081 
 -0.4617307508  -0.4617307518  -0.4617309827  -0.0123006949  -0.4616098555  -0.4615836099  -0.0033610271  -0.4616299250  -0.4616158434  -0.0002604074  -0.4616985379  -0.4616832123  -0.0238265864  -0.4616262901  -0.4615163106  -0.0136496024  -0.4616263517  -0.4615782138  -0.0044901058  -0.4616408652  -0.4616158629  -0.0256837903  -0.4616579082  -0.4616104166 
 -0.0083446672  -0.0083447672  -0.0083447667  -0.0064483438  -0.0071967261  -0.0056935681  -0.0028624816  -0.0069533359  -0.0071638238  -0.0003403200  -0.0079069115  -0.0079054449  -0.0053126108  -0.0053126110  -0.0067397673  -0.0064479774  -0.0064479775  -0.0065037590  -0.0028637921  -0.0075884744  -0.0071182865  -0.0067064766  -0.0067064766  -0.0067064766 
