 -0.2522475654  -0.2522475607  -0.2522717905  -0.0130390303  -0.2531463011  -0.2529875824  -0.0033315894  -0.2519434109  -0.2523140101  -0.0002453898  -0.2528127809  -0.2525653931  -0.0248164447  -0.2513751481  -0.2506970679  -0.0143932464  -0.2529453596  -0.2529508673  -0.0044356246  -0.2523022518  -0.2521732601  -0.0266710392  -0.2531331683  -0.2529731564 
 -0.4617307508  -0.4617307518  -0.4617308886  -0.0126884599  -0.4616781811  -0.4616899299  -0.0033455668  -0.4616360109  -0.4615822854  -0.0002525203  -0.4617097119  -0.4617298044  -0.0243464483  -0.4616594342  -0.4616211715  -0.0140401554  -0.4617744246  -0.4791604114  -0.0044614929  -0.4616242795  -0.4853616112  -0.0262022818  -0.4617648745  -0.4898533517 
 -0.0170169848  -0.0170133234  -0.0170133234  -0.0114836884  -0.0138870232  -0.0139522251  -0.0025323666  -0.0112437916  -0.0120998709  -0.0002136152  -0.0068644917  -0.0081349945  -0.0131554397  -0.0131554397  -0.0138293579  -0.0114818187  -0.0114818568  -0.0139375795  -0.0027800371  -0.0027953742  -0.0122436107  -0.0131532651  -0.0131532651  -0.0131532699 
 -0.3053188840  -0.3053188834  -0.3053188834  -0.0124774125  -0.3025535656  -0.3025535656  -0.0033539813  -0.3024641368  -0.3024641368  -0.0002568130  -0.2962084679  -0.2962084679  -0.0240635050  -0.2999838081  -0.2999838081  -0.0138275906  -0.3040602257  -0.3040602257  -0.0044770660  -0.3022583514  -0.3022583514  -0.0259200844  -0.2999537464  -0.2999537464 
 -0.3020722777  -0.3020722819  -0.3020722819  -0.0109693924  -0.1682256661  -0.1682256661  -0.0034141066  -0.2675264023  -0.2675264023  -0.0002874857  -0.2966070104  -0.2966070104  -0.0220417594  -0.2965447316  -0.2965447316  -0.0123087278  -0.2583940593  -0.2583940593  -0.0045883417  -0.2331155838  -0.2331155838  -0.0239036685  -0.2349909890  -0.2349909890 
 -0.0904271673  -0.0904271666  -0.0942132350  -0.0123038760  -0.0941241917  -0.0942018737  -0.0033609003  -0.0880451937  -0.0949450031  -0.0002603427  -0.0176522867  -0.0946839458  -0.0223177135  -0.0942404057  -0.0942372100  -0.0136528063  -0.0859054809  -0.0941845915  -0.0044898711  -0.0845950647  -0.0948910136  -0.0226509163  -0.0941921367  -0.0942207052 
 -0.2743779452  -0.2743779433  -0.2743779433  -0.0125685514  -0.2855950582  -0.2855950582  -0.0033503476  -0.2674144160  -0.2674144160  -0.0002549593  -0.2781398118  -0.2781398118  -0.0241856915  -0.2814305195  -0.2814305195  -0.0139193848  -0.2765479366  -0.2765479366  -0.0044703409  -0.2568040560  -0.2568040560  -0.0260419487  -0.2856610386  -0.2856610386 
 -0.4617307508  -0.4617307518  -0.4617307518  -0.0133614032  -0.5377293657  -0.5377037894  -0.0033187363  -0.4388322256  -0.5535503344  -0.0002388329  -0.4820448595  -0.5327610224  -0.0252486378  -0.5366391038  -0.5569046715  -0.0147179371  -0.5633705509  -0.5683620167  -0.0044118369  -0.4372997287  -0.5212547281  -0.0271020930  -0.4971147300  -0.5012207099 
 -0.0180815007  -0.0182511502  -0.0182511502  -0.0071584465  -0.0099451465  -0.0131625473  -0.0032581545  -0.0183847291  -0.0180284032  -0.0003409340  -0.0110533746  -0.0110521240  -0.0082108913  -0.0082108917  -0.0178060483  -0.0070362113  -0.0097368991  -0.0146856420  -0.0030396490  -0.0183843006  -0.0185037279  -0.0076737905  -0.0076737905  -0.0074535628 
 -0.1774089385  -0.1773727899  -0.1773727907  -0.0135738768  -0.1774129467  -0.1774615699  -0.0033102649  -0.1853414007  -0.1832985841  -0.0002345112  -0.1775401957  -0.1775273400  -0.0255334932  -0.1854711555  -0.1808782743  -0.0149319384  -0.1776102644  -0.1775849686  -0.0043961587  -0.1833986722  -0.1856921414  -0.0273861974  -0.1854914780  -0.1808567540 
 -0.2907693558  -0.2907693558  -0.3843904176  -0.0084800492  -0.4337555158  -0.4334874900  -0.0035133577  -0.4084743368  -0.3772287000  -0.0003381183  -0.3593903373  -0.3998214022  -0.0187043913  -0.4075243330  -0.4101910823  -0.0098014864  -0.4339722798  -0.4343537285  -0.0047720285  -0.3453555084  -0.3772438967  -0.0205750983  -0.3841212195  -0.4021893842 
 -0.2907693558  -0.2907693558  -0.2906578951  -0.0097287300  -0.2906369306  -0.2906097932  -0.0034635723  -0.2906673324  -0.3812710762  -0.0003127205  -0.2907314865  -0.2906762631  -0.0203784503  -0.2906297047  -0.4090708554  -0.0110591451  -0.2906046123  -0.2906052877  -0.0046798893  -0.2906500433  -0.3811312487  -0.0222447441  -0.2906399053  -0.2908139864 
 -0.2152272997  -0.2152272993  -0.2154309303  -0.0097287300  -0.2152015583  -0.2151684092  -0.0034635723  -0.2154243767  -0.2154689544  -0.0003127205  -0.2153975525  -0.2154646263  -0.0203784503  -0.2151534648  -0.2151222195  -0.0110591451  -0.2154334836  -0.2154341644  -0.0046798893  -0.2153019816  -0.2153532408  -0.0222447441  -0.2154492241  -0.2152476143 
 -0.1059466660  -0.1058634994  -0.1058634991  -0.0119505713  -0.1207060375  -0.1219967444  -0.0033749867  -0.0890684910  -0.0941798274  -0.0002675288  -0.0749695356  -0.0997871746  -0.0233571889  -0.1147134245  -0.1228512093  -0.0132969614  -0.1132852049  -0.1151600375  -0.0045159412  -0.0885661938  -0.0885770207  -0.0252156303  -0.1145708428  -0.1161443408 
 -0.1244691191  -0.1244456675  -0.1244456674  -0.0144477660  -0.1269232014  -0.1317456852  -0.0032754226  -0.0954904987  -0.1306099867  -0.0002167365  -0.1085599664  -0.1317640640  -0.0267050832  -0.1260408025  -0.1315030878  -0.0158121108  -0.1315318487  -0.1240757263  -0.0043316750  -0.0956108812  -0.1244410887  -0.0285546990  -0.1260562160  -0.1303281666 
 -0.3202384106  -0.3202384097  -0.3202384097  -0.0133541945  -0.3236178254  -0.3236178254  -0.0033190237  -0.3212418354  -0.3212418354  -0.0002389795  -0.2682278854  -0.2682278854  -0.0252389734  -0.3202229957  -0.3202229957  -0.0147106766  -0.3001561201  -0.3001561201  -0.0044123689  -0.3210898070  -0.3210898070  -0.0270924541  -0.3233265373  -0.3233265373 
 -0.0655065566  -0.0795918856  -0.0795918848  -0.0085649893  -0.0642084127  -0.1022945081  -0.0035099711  -0.0781960826  -0.0856547673  -0.0003363907  -0.0705796692  -0.0662266853  -0.0188182673  -0.0955504984  -0.0956450114  -0.0098870373  -0.0713169312  -0.0888579015  -0.0047657608  -0.0715185644  -0.0754922611  -0.0206886741  -0.0955500423  -0.0956462047 
 -0.1330806664  -0.1330723976  -0.1330723989  -0.0126652487  -0.1330058322  -0.1329788397  -0.0033464922  -0.1300933249  -0.1331292253  -0.0002529925  -0.0984288517  -0.1331217189  -0.0243153298  -0.1331452325  -0.1331264418  -0.0140167773  -0.1329515686  -0.1329359795  -0.0044632057  -0.1176935012  -0.1331614855  -0.0261712454  -0.1331479656  -0.1331083667 
 -0.1467078405  -0.1467456514  -0.1470626069  -0.0142474841  -0.1470559636  -0.1471017196  -0.0032834079  -0.1470675850  -0.1470179819  -0.0002208102  -0.1423699320  -0.1469519692  -0.0264365729  -0.1472606425  -0.1469096949  -0.0156103889  -0.1471783909  -0.1471327510  -0.0043464537  -0.1378289837  -0.1471225509  -0.0282868965  -0.1472410977  -0.1468201325 
 -0.6892309233  -0.6892309233  -0.6892306395  -0.0127293531  -0.6891251341  -0.6890599434  -0.0033439364  -0.6891555282  -0.6891082053  -0.0002516886  -0.6891953789  -0.6891905338  -0.0244012721  -0.6891404631  -0.6890767802  -0.0140813426  -0.6891357350  -0.6890735651  -0.0044584755  -0.6891364307  -0.6890561747  -0.0262569611  -0.6891517208  -0.6890964605 
 -0.4617307508  -0.4617307518  -0.4617309551  -0.0141631829  -0.4616986306  -0.4907063702  -0.0032867691  -0.4615933195  -0.4615968197  -0.0002225249  -0.4616984809  -0.4616396538  -0.0263235535  -0.4907059485  -0.4906979015  -0.0155254815  -0.4616336165  -0.4907186425  -0.0043526742  -0.4616061929  -0.4615672789  -0.0281741750  -0.4907218963  -0.4907118528 
 -0.9813460781  -0.9813463593  -0.9813460512  -0.0147266459  -0.9812877326  -0.9812439268  -0.0032643036  -0.9813127122  -0.9812750884  -0.0002110642  -0.9813284420  -0.9813217703  -0.0270789670  -0.9812797908  -0.9812328190  -0.0160929958  -0.9812920355  -0.9812452236  -0.0043110967  -0.9812783600  -0.9812398323  -0.0289275971  -0.9812834956  -0.9812385529 
 -0.0412047570  -0.0412047573  -0.0412239604  -0.0086461901  -0.0428280172  -0.0590846476  -0.0035067336  -0.0302952951  -0.0303011573  -0.0003347391  -0.0369695806  -0.0383407961  -0.0171271473  -0.0592400496  -0.0593911882  -0.0099688219  -0.0506639261  -0.0508782057  -0.0047597691  -0.0348048062  -0.0348885836  -0.0093106752  -0.0590676218  -0.0406894516 
 -0.4617307508  -0.4617307518  -0.4617307518  -0.0126230131  -0.6182650341  -0.6182559727  -0.0033481762  -0.6173414724  -0.6174518328  -0.0002538515  -0.5925742722  -0.6077974072  -0.0242587061  -0.6176052805  -0.6132834336  -0.0139742380  -0.6181798481  -0.6174377847  -0.0044663222  -0.6094033232  -0.6172368249  -0.0261147709  -0.6173195339  -0.6068411167 
 -0.2907693558  -0.2907693558  -0.2907204106  -0.0093638353  -0.2906671416  -0.2906236536  -0.0034781208  -0.2906371748  -0.3183394235  -0.0003201423  -0.2907227033  -0.2907063030  -0.0198892498  -0.2906504406  -0.2905922703  -0.0106916268  -0.2906468148  -0.2906251534  -0.0047068146  -0.2906373188  -0.3141487382  -0.0217568333  -0.2906664211  -0.2906363549 
 -0.2433541431  -0.2433541443  -0.2432853317  -0.0088142509  -0.2742996732  -0.2742580662  -0.0035000329  -0.2431324164  -0.2431126803  -0.0003313207  -0.2601459009  -0.2430065198  -0.0191524429  -0.2742408275  -0.2742395953  -0.0101380910  -0.2576530328  -0.2742207409  -0.0047473680  -0.2421573925  -0.2430060244  -0.0210219687  -0.2742220059  -0.2742276813 
 -0.9813460781  -0.9813463593  -0.9813460512  -0.0133149110  -1.0376934093  -1.0392108689  -0.0033205900  -0.9555355319  -0.9555615791  -0.0002397785  -0.9814109292  -0.9813796988  -0.0251863075  -1.0417124305  -1.0357197373  -0.0146711106  -1.0414085775  -1.0414429622  -0.0044152676  -0.9556217465  -0.9556436410  -0.0270399270  -1.0405449397  -1.0411997043 
 -0.0223295188  -0.0215932776  -0.0215932779  -0.0138560670  -0.0194470510  -0.0194707334  -0.0029134313  -0.0127000955  -0.0127141477  -0.0002231480  -0.0065328394  -0.0092567375  -0.0163129350  -0.0163134080  -0.0194656641  -0.0142364982  -0.0142365315  -0.0194718175  -0.0026758901  -0.0125032003  -0.0127159651  -0.0163125129  -0.0163125129  -0.0194654616 
 -0.2362025053  -0.2362025068  -0.2362025068  -0.0105503237  -0.2429881200  -0.2429881200  -0.0034308151  -0.2443076246  -0.2443076246  -0.0002960095  -0.2514524185  -0.2514524185  -0.0214799299  -0.2578571595  -0.2578571595  -0.0118866460  -0.2389999162  -0.2389999162  -0.0046192645  -0.2126051806  -0.2126051806  -0.0233433200  -0.2545003550  -0.2545003550 
 -0.0759054883  -0.0759054916  -0.0759051564  -0.0127529736  -0.0511233527  -0.0524059613  -0.0033429946  -0.0705068199  -0.0705542327  -0.0002512082  -0.0495191195  -0.0608749176  -0.0225351892  -0.0755447934  -0.0754401215  -0.0141051329  -0.0478429797  -0.0475499085  -0.0044567325  -0.0446178808  -0.0705527407  -0.0225323625  -0.0755962205  -0.0754452807 
 -0.0099741157  -0.0099707199  -0.0099707199  -0.0076148223  -0.0076137313  -0.0076129315  -0.0028380356  -0.0075839716  -0.0076330590  -0.0003190497  -0.0083550051  -0.0083552257  -0.0076159465  -0.0076159465  -0.0076158532  -0.0076138555  -0.0076138553  -0.0076128118  -0.0028754489  -0.0050732400  -0.0074002657  -0.0076183067  -0.0076183067  -0.0076183063 
 -0.4617307508  -0.4617307518  -0.4617308240  -0.0100605587  -0.4616260919  -0.4615408945  -0.0034503422  -0.4616238083  -0.4615977403  -0.0003059712  -0.4616910302  -0.4616923256  -0.0208233205  -0.4616084193  -0.4615038343  -0.0113933597  -0.4616196429  -0.4615205779  -0.0046554039  -0.4616269615  -0.4616256088  -0.0226884416  -0.4616116955  -0.4615538907 
 -0.9813460781  -0.9813463593  -0.9813460512  -0.0159993326  -0.9882421092  -0.9882293489  -0.0032135611  -0.9813936421  -0.9814472245  -0.0001851781  -0.9813623176  -0.9813490472  -0.0287852099  -1.0017389918  -1.0017931484  -0.0173748331  -0.9815370325  -1.0016844379  -0.0042171860  -0.9814060447  -1.0019882221  -0.0306293421  -1.0017180027  -1.0017471177 
 -0.3081676007  -0.3081676017  -0.3081676017  -0.0123006949  -0.2968033960  -0.2968033960  -0.0033610271  -0.3045275627  -0.3045275627  -0.0002604074  -0.3081758233  -0.3081758233  -0.0238265864  -0.2990680620  -0.2990680620  -0.0136496024  -0.3062656072  -0.3062656072  -0.0044901058  -0.3045237745  -0.3045237745  -0.0256837903  -0.2987632343  -0.2987632343 
 -0.6892309233  -0.6892309233  -0.6892306395  -0.0113769914  -0.6891321404  -0.6890580398  -0.0033978555  -0.6891554404  -0.6891083935  -0.0002791953  -0.6891911645  -0.6891852862  -0.0225882120  -0.6891266256  -0.6890836452  -0.0127192575  -0.6891284041  -0.6890499032  -0.0045582653  -0.6891295052  -0.6890439843  -0.0244486805  -0.6891215363  -0.6890811377 
 -0.9813460781  -0.9813463593  -0.9813460512  -0.0123793815  -0.9812979245  -0.9812428339  -0.0033578899  -0.9812935365  -0.9812723850  -0.0002588069  -0.9813287940  -0.9813222028  -0.0239320785  -0.9812917510  -0.9812307580  -0.0137288547  -0.9812762328  -0.9812431487  -0.0044842996  -0.9812799394  -0.9812318393  -0.0257890043  -0.9812651211  -0.9812332976 
 -0.4617307508  -0.4617307518  -0.4617307518  -0.0105364571  -0.5970641213  -0.5995521891  -0.0034313679  -0.4850149957  -0.5513355685  -0.0002962915  -0.5997140564  -0.5996513945  -0.0214613395  -0.5970115276  -0.5515214544  -0.0118726797  -0.5970666444  -0.5994675708  -0.0046202877  -0.5984325135  -0.5519639308  -0.0233247786  -0.5970717031  -0.5994425060 
 -0.0094093559  -0.0094097276  -0.0094097276  -0.0083482887  -0.0081607346  -0.0081610440  -0.0028338647  -0.0092679278  -0.0093269056  -0.0003005827  -0.0071573482  -0.0071567835  -0.0082050264  -0.0082050264  -0.0113165252  -0.0083480114  -0.0083480115  -0.0113129650  -0.0028448026  -0.0028448031  -0.0042371598  -0.0083444591  -0.0083444591  -0.0108503202 
 -0.3042278382  -0.3042278399  -0.3042278399  -0.0101570993  -0.1679286295  -0.1679286295  -0.0034464931  -0.3009726787  -0.3009726787  -0.0003040076  -0.3015224938  -0.3015224938  -0.0209527489  -0.3146759455  -0.3146759455  -0.0114905945  -0.1681589704  -0.1681589704  -0.0046482802  -0.3146168237  -0.3146168237  -0.0228175288  -0.3015345793  -0.3015345793 
 -0.2907693558  -0.2907693558  -0.3963924347  -0.0114832201  -0.4374733753  -0.4391694930  -0.0033936201  -0.3299369679  -0.3849637947  -0.0002770346  -0.3926584081  -0.3970432753  -0.0227306288  -0.3209460366  -0.3150214780  -0.0128262500  -0.4391286495  -0.4387438843  -0.0045504267  -0.3342865662  -0.3903436416  -0.0245907219  -0.3422835364  -0.3408897594 
 -0.1278843396  -0.1278782987  -0.1278783004  -0.0124770188  -0.1278647982  -0.1278819892  -0.0033539970  -0.1279228331  -0.1278855113  -0.0002568210  -0.0712466716  -0.1266539783  -0.0240629772  -0.1278977023  -0.1270263542  -0.0138271941  -0.1258701969  -0.1277041875  -0.0044770950  -0.1278969545  -0.1278933244  -0.0259195579  -0.1279165171  -0.1278716944 
 -0.2907693558  -0.2907693558  -0.2906167929  -0.0099147167  -0.2906227243  -0.2905985059  -0.0034561569  -0.2906857938  -0.3731950115  -0.0003089376  -0.2907297059  -0.2907062328  -0.0206277957  -0.2906020983  -0.4120578320  -0.0112464691  -0.2906314098  -0.2905821832  -0.0046661654  -0.2906703880  -0.3734813418  -0.0224934322  -0.2906228178  -0.2907367359 
 -0.0167263252  -0.0167269117  -0.0167269120  -0.0120203429  -0.0167262325  -0.0167272645  -0.0024503231  -0.0099325504  -0.0106203319  -0.0002080943  -0.0069066794  -0.0080859581  -0.0138045216  -0.0138045216  -0.0166394418  -0.0122220382  -0.0122266803  -0.0167265793  -0.0026654010  -0.0105105334  -0.0108093230  -0.0138041025  -0.0138041025  -0.0138041104 
 -0.0139282837  -0.0139282273  -0.0139282295  -0.0108370724  -0.0138369045  -0.0138561517  -0.0027376895  -0.0107780234  -0.0105818206  -0.0002492731  -0.0046606251  -0.0047120866  -0.0117995137  -0.0117995137  -0.0125810902  -0.0104624916  -0.0139140087  -0.0139320073  -0.0027324697  -0.0088140959  -0.0107798547  -0.0117977664  -0.0117977664  -0.0117977699 
 -0.1684164307  -0.1684259526  -0.1684259526  -0.0152251690  -0.1683820487  -0.1684163129  -0.0032444273  -0.1680606913  -0.1683793622  -0.0002009243  -0.1650764135  -0.1693013302  -0.0277473180  -0.1684177325  -0.1684450783  -0.0165951033  -0.1684264198  -0.1670564719  -0.0042743110  -0.1649118737  -0.1676577444  -0.0295941863  -0.1684326924  -0.1684195123 
 -0.0655065566  -0.0795918856  -0.0795918848  -0.0085649893  -0.0642084127  -0.1022945091  -0.0035099711  -0.0781960803  -0.0856547673  -0.0003363907  -0.0705796692  -0.0662266853  -0.0188182673  -0.0955504983  -0.0956450115  -0.0098870373  -0.0713169312  -0.0888579014  -0.0047657608  -0.0715185637  -0.0754922611  -0.0206886741  -0.0955500423  -0.0956462047 
 -0.4617307508  -0.4617307518  -0.4617307518  -0.0115240164  -0.5655391666  -0.5651562254  -0.0033919936  -0.4888131335  -0.4816617838  -0.0002762048  -0.5641310232  -0.4430106317  -0.0227853229  -0.5062049834  -0.4531235497  -0.0128673396  -0.5658726854  -0.5659483222  -0.0045474164  -0.5320127089  -0.4833165221  -0.0246452718  -0.5152836313  -0.5150229704 
 -0.6892309233  -0.6892309233  -0.6892306395  -0.0126652487  -0.6891282846  -0.6891008039  -0.0033464922  -0.6891542044  -0.6891074648  -0.0002529925  -0.6891955831  -0.6891908915  -0.0243153298  -0.6891490573  -0.6890915468  -0.0140167773  -0.6891381458  -0.6890788421  -0.0044632057  -0.6891333225  -0.6890520768  -0.0261712454  -0.6891575370  -0.6891066221 
 -0.4617307508  -0.4617307518  -0.4617308679  -0.0106636384  -0.4616321161  -0.4615744053  -0.0034262972  -0.4616236755  -0.4616404257  -0.0002937047  -0.4616900867  -0.4616706535  -0.0216318467  -0.4616272870  -0.4615510717  -0.0120007756  -0.4616457662  -0.4615801219  -0.0046109030  -0.4615848060  -0.4616396669  -0.0234948364  -0.4616473387  -0.4615772791 
 -0.4617307508  -0.4617307518  -0.4617307518  -0.0133541945  -0.5316613347  -0.5295339886  -0.0033190237  -0.4275396080  -0.5579834185  -0.0002389795  -0.4342526869  -0.5329590551  -0.0252389734  -0.5300535039  -0.5580436431  -0.0147106766  -0.5343821701  -0.5203709784  -0.0044123689  -0.4163129681  -0.5083674233  -0.0270924541  -0.5276045425  -0.5285306736 
 -0.2362025053  -0.2362025068  -0.2362025068  -0.0105503237  -0.2429881200  -0.2429881200  -0.0034308151  -0.2443076246  -0.2443076246  -0.0002960095  -0.2514524185  -0.2514524185  -0.0214799299  -0.2578571595  -0.2578571595  -0.0118866460  -0.2389999162  -0.2389999162  -0.0046192645  -0.2126051806  -0.2126051806  -0.0233433200  -0.2545003550  -0.2545003550 
 -0.2907693558  -0.2907693558  -0.2906986541  -0.0084606020  -0.2906764873  -0.2906391981  -0.0035141330  -0.2906356121  -0.2989028852  -0.0003385139  -0.2907224128  -0.2906980282  -0.0186783192  -0.2906352547  -0.2905885896  -0.0097818994  -0.2906538580  -0.2906105150  -0.0047734635  -0.2906705380  -0.2880899858  -0.0205490948  -0.2906463455  -0.2906234728 
 -0.6892309233  -0.6892309233  -0.6892306395  -0.0107802819  -0.6891441306  -0.6890760110  -0.0034216466  -0.6891490698  -0.6891324698  -0.0002913322  -0.6891932398  -0.6891871137  -0.0217882261  -0.6891454841  -0.6891100112  -0.0121182576  -0.6891410919  -0.6890714016  -0.0046022960  -0.6891432786  -0.6891055548  -0.0236508036  -0.6891611526  -0.6891307045 
 -0.0083703205  -0.0083705170  -0.0083705170  -0.0088666587  -0.0086609331  -0.0114644750  -0.0028641191  -0.0089208560  -0.0092808959  -0.0002913322  -0.0067776599  -0.0067779042  -0.0090493681  -0.0090539567  -0.0114644737  -0.0088666463  -0.0088666466  -0.0113327488  -0.0026013658  -0.0089181464  -0.0092802942  -0.0090492433  -0.0090492446  -0.0114644706 
 -0.4165829481  -0.4165829462  -0.4165829462  -0.0135263557  -0.4160360963  -0.4160360963  -0.0033121596  -0.4165146660  -0.4165146660  -0.0002354778  -0.4179353390  -0.4179353390  -0.0254697834  -0.4165226462  -0.4165226462  -0.0148840756  -0.4125361200  -0.4125361200  -0.0043996652  -0.4148134980  -0.4148134980  -0.0273226556  -0.4179097370  -0.4179097370 
 -0.1071998185  -0.1072946750  -0.1072946750  -0.0115030774  -0.1035360141  -0.1025217444  -0.0033928284  -0.0774673027  -0.1003230146  -0.0002766307  -0.0572695920  -0.0665413251  -0.0227572508  -0.1027656825  -0.1049762512  -0.0128462501  -0.1035162033  -0.1035061204  -0.0045489615  -0.0752583106  -0.0865453999  -0.0246172737  -0.1027564129  -0.1087597878 
 -0.4617307508  -0.4617307518  -0.4617307518  -0.0090881577  -0.4616256529  -0.4615859647  -0.0034891122  -0.4616297582  -0.4616274580  -0.0003257495  -0.4616867916  -0.4616417097  -0.0195196593  -0.4616306731  -0.4615587252  -0.0104139671  -0.4616552658  -0.4615846859  -0.0047271566  -0.4615953222  -0.4615850134  -0.0213882170  -0.4616558743  -0.4615973699 
 -0.1707597436  -0.1707597444  -0.1708740733  -0.0104756544  -0.1510265022  -0.1439797119  -0.0034337922  -0.1369141959  -0.1395669535  -0.0002975282  -0.1025654535  -0.1038003487  -0.0213798236  -0.1707612397  -0.1707739897  -0.0118114399  -0.1436380130  -0.1465267850  -0.0046247743  -0.1327967498  -0.1327441496  -0.0232434777  -0.1558707518  -0.1707448715 
 -0.0435974340  -0.0435974354  -0.0433966119  -0.0084848100  -0.0464058346  -0.0607335770  -0.0035131679  -0.0436891057  -0.0433919449  -0.0003380215  -0.0272369403  -0.0272789357  -0.0164867137  -0.0604577770  -0.0604701152  -0.0098062814  -0.0500443865  -0.0594241820  -0.0047716772  -0.0436955656  -0.0436901699  -0.0167061602  -0.0603848934  -0.0602948113 
 -0.6892309233  -0.6892309233  -0.6892306395  -0.0144820050  -0.6891112655  -0.6890397579  -0.0032740575  -0.6891525142  -0.6890989545  -0.0002160401  -0.6891941342  -0.6891871035  -0.0267509863  -0.6891175211  -0.6890345294  -0.0158465960  -0.6891224360  -0.6890478843  -0.0043291485  -0.6890899531  -0.6890484236  -0.0286004810  -0.6891333445  -0.6890972290 
 -0.4617307508  -0.4617307518  -0.4617307461  -0.0104807106  -0.4616352416  -0.4615745075  -0.0034335906  -0.4616240098  -0.4616250135  -0.0002974254  -0.4616907042  -0.4616899710  -0.0213866023  -0.4616289148  -0.4615187110  -0.0118165325  -0.4616247562  -0.4615806793  -0.0046244012  -0.4615851831  -0.4616223231  -0.0232502385  -0.4616241867  -0.4615778832 
 -0.2283773481  -0.2283773466  -0.2286989390  -0.0112937349  -0.2266143796  -0.2266369420  -0.0034011750  -0.2292921902  -0.2281938435  -0.0002808887  -0.1901826183  -0.1905572211  -0.0224765932  -0.2265139009  -0.2265093494  -0.0126354024  -0.2045637961  -0.2131000764  -0.0045644087  -0.1882872906  -0.1803476803  -0.0243373560  -0.2282528855  -0.2276449535 
 -0.1962705454  -0.1962705474  -0.1917877501  -0.0088237418  -0.1972823389  -0.1973063378  -0.0034996545  -0.2104096779  -0.2107719248  -0.0003311277  -0.2101633168  -0.2101545197  -0.0191651669  -0.2073512786  -0.2073457075  -0.0101476501  -0.1938467812  -0.1937934464  -0.0047466677  -0.2107797459  -0.2107953082  -0.0210346592  -0.1961027081  -0.1962720270 
 -0.9813460781  -0.9813463593  -0.9813460512  -0.0084800492  -0.9813617256  -0.9814964953  -0.0035133577  -0.9813848375  -0.9814150174  -0.0003381183  -0.9813571590  -0.9813509037  -0.0187043913  -0.9813215949  -0.8257604682  -0.0098014864  -0.9814078637  -0.9985581818  -0.0047720285  -0.9813737802  -0.9814701738  -0.0205750983  -0.9813486715  -0.8257758771 
 -0.6892309233  -0.6892309233  -0.6892306395  -0.0126230131  -0.7171033269  -0.7170706714  -0.0033481762  -0.7732669110  -0.7732851015  -0.0002538515  -0.6892572326  -0.6893065171  -0.0242587061  -0.7733086927  -0.7733099188  -0.0139742380  -0.7171119144  -0.7171004308  -0.0044663222  -0.7732861974  -0.7732822393  -0.0261147709  -0.7732787135  -0.7732522544 
 -0.1406190114  -0.1407406708  -0.1407406708  -0.0086049313  -0.1407765419  -0.1410355451  -0.0035083786  -0.1408896876  -0.1408454778  -0.0003355782  -0.0919069459  -0.0938808652  -0.0188718160  -0.1409423092  -0.1407568864  -0.0099272664  -0.1398371095  -0.1405120524  -0.0047628136  -0.1024486538  -0.1371150898  -0.0207420816  -0.1408474560  -0.1410544901 
 -0.9813460781  -0.9813463593  -0.9813460512  -0.0086461901  -0.9813975903  -0.9998351519  -0.0035067336  -0.9814421084  -0.8208498277  -0.0003347391  -0.9813449002  -0.9813408011  -0.0189271302  -0.9813474344  -0.9991062275  -0.0099688219  -0.9813949965  -0.9998111881  -0.0047597691  -0.9814018083  -0.8208511619  -0.0207972499  -0.9813379697  -0.9989060012 
 -0.2395652377  -0.2395652386  -0.2395652386  -0.0091323291  -0.2090975015  -0.2090975015  -0.0034873510  -0.2401074960  -0.2401074960  -0.0003248511  -0.2292586295  -0.2292586295  -0.0195788783  -0.2422154856  -0.2422154856  -0.0104584562  -0.2324776108  -0.2324776108  -0.0047238973  -0.2509743163  -0.2509743163  -0.0214472799  -0.2472296829  -0.2472296829 
 -0.3042278382  -0.3042278399  -0.3042278399  -0.0101570993  -0.1679286295  -0.1679286295  -0.0034464931  -0.3009726787  -0.3009726787  -0.0003040076  -0.3015224938  -0.3015224938  -0.0209527489  -0.3146759455  -0.3146759455  -0.0114905945  -0.1681589704  -0.1681589704  -0.0046482802  -0.3146168237  -0.3146168237  -0.0228175288  -0.3015345793  -0.3015345793 
 -0.4617307508  -0.4617307518  -0.4617307518  -0.0111038645  -0.5743211941  -0.6056754949  -0.0034087452  -0.4962301815  -0.5265428794  -0.0002847506  -0.5726066075  -0.5719787302  -0.0222220411  -0.5187198241  -0.5243152026  -0.0124441668  -0.5743319107  -0.6056746131  -0.0045784191  -0.5203719207  -0.5245014376  -0.0240834749  -0.5213838062  -0.5223542974 
 -0.0341330283  -0.0340789835  -0.0340789831  -0.0170088985  -0.0341745091  -0.0341538794  -0.0031586411  -0.0074437331  -0.0341757743  -0.0001636682  -0.0341469326  -0.0341641420  -0.0225205853  -0.0225205853  -0.0341573591  -0.0179902559  -0.0341635088  -0.0341147925  -0.0035013155  -0.0035013373  -0.0341779864  -0.0225453127  -0.0225453127  -0.0226737436 
 -0.2699932651  -0.2699932632  -0.2699932632  -0.0126220309  -0.2417021306  -0.2417021306  -0.0033482153  -0.2742386045  -0.2742386045  -0.0002538715  -0.2632395912  -0.2632395912  -0.0242573893  -0.2868639111  -0.2868639111  -0.0139732487  -0.2391600850  -0.2391600850  -0.0044663947  -0.2754308371  -0.2754308371  -0.0261134576  -0.2746164087  -0.2746164087 
 -0.4617307508  -0.4617307518  -0.4617308963  -0.0092623527  -0.6153921300  -0.6175259933  -0.0034821669  -0.6105535313  -0.6165131649  -0.0003222065  -0.4618132357  -0.6167771104  -0.0197531960  -0.6170571398  -0.6165715771  -0.0105894147  -0.6175033633  -0.6174707134  -0.0047143029  -0.6023476960  -0.6165227325  -0.0216211381  -0.6165166138  -0.6165655750 
 -0.1627811641  -0.1191294204  -0.1191294268  -0.0078984055  -0.1601592454  -0.1605692286  -0.0035365480  -0.1491807882  -0.1627958129  -0.0003499488  -0.1627266954  -0.1627447567  -0.0179246036  -0.0923828479  -0.1627410222  -0.0092156607  -0.1624930534  -0.1605745688  -0.0048149476  -0.1626367796  -0.1626733698  -0.0197973661  -0.1482012876  -0.1624973238 
 -0.0939350117  -0.0801419630  -0.0801419630  -0.0097604807  -0.0823580171  -0.1007976194  -0.0034623064  -0.0541199433  -0.0828800153  -0.0003120747  -0.0595194920  -0.0779419189  -0.0204210174  -0.1011462789  -0.1028774642  -0.0110911242  -0.0814993089  -0.0862094494  -0.0046775464  -0.0480687900  -0.0828306397  -0.0222871990  -0.1004775374  -0.1024701246 
 -0.0217563889  -0.0217580837  -0.0217580837  -0.0079319486  -0.0122951667  -0.0157419845  -0.0032319605  -0.0220920975  -0.0216724235  -0.0003348925  -0.0141660267  -0.0141664709  -0.0090609546  -0.0090609546  -0.0218541074  -0.0082682148  -0.0105198594  -0.0123719581  -0.0031876842  -0.0221212907  -0.0222410567  -0.0033837729  -0.0033837729  -0.0033836870 
 -0.9813460781  -0.9813463593  -0.9813460512  -0.0097300963  -1.0524585259  -1.0524685922  -0.0034635178  -1.0451559515  -0.9525539899  -0.0003126927  -0.9814437245  -0.9814531530  -0.0203802822  -1.0196940369  -1.0528683000  -0.0110605213  -1.0524670580  -1.0528560818  -0.0046797884  -1.0453881266  -0.9529286250  -0.0222465712  -1.0528374299  -1.0528521388 
 -0.6892309233  -0.6892309233  -0.6892306395  -0.0125770829  -0.6891478422  -0.6890875260  -0.0033500074  -0.6891552358  -0.6891062735  -0.0002547857  -0.6892032424  -0.6891855076  -0.0241971293  -0.6891396615  -0.6890682942  -0.0139279776  -0.6891473173  -0.6890820377  -0.0044697114  -0.6891299097  -0.6890447043  -0.0260533564  -0.6891405012  -0.6891042639 
 -0.9813460781  -0.9813463593  -0.9813460512  -0.0118141110  -0.9814215040  -0.9942703768  -0.0033804274  -0.9813291523  -0.9813307792  -0.0002703044  -0.9813456036  -0.9813403168  -0.0231742418  -0.9814214701  -0.9822263847  -0.0131595200  -0.9813997218  -0.9950498594  -0.0045260105  -0.9813299525  -0.9813360331  -0.0250331654  -0.9814083208  -0.9955811195 
 -0.2907693558  -0.2907693558  -0.2906671822  -0.0082832579  -0.2906738467  -0.2906770039  -0.0035212038  -0.2906459251  -0.2985085749  -0.0003421210  -0.2907415056  -0.3604467991  -0.0184405606  -0.2906811329  -0.2906604185  -0.0096032801  -0.2908281677  -0.3605142998  -0.0047865496  -0.2907758602  -0.2966698855  -0.0203119630  -0.2907855477  -0.3599185189 
 -0.0647257922  -0.0647257949  -0.0536744363  -0.0112584631  -0.0494869654  -0.0495064380  -0.0034025813  -0.0431866242  -0.0646357888  -0.0002816061  -0.0492521179  -0.0493470787  -0.0203173794  -0.0689425343  -0.0689684812  -0.0125998769  -0.0485867869  -0.0494887185  -0.0045670114  -0.0431843145  -0.0646361246  -0.0203145092  -0.0688348241  -0.0689672640 
 -0.1027950681  -0.0578801910  -0.0829276544  -0.0098052935  -0.1193261917  -0.1194258407  -0.0034605197  -0.0829542415  -0.0830045933  -0.0003111632  -0.0974152824  -0.0977946437  -0.0204810961  -0.1138928546  -0.1139145657  -0.0111362591  -0.1079202000  -0.1091196358  -0.0046742397  -0.0800952143  -0.0666716190  -0.0223471193  -0.1136999399  -0.1142286399 
 -0.6892309233  -0.6892309233  -0.6892306395  -0.0111016178  -0.6891294160  -0.6890538589  -0.0034088348  -0.6891543141  -0.6891071376  -0.0002847963  -0.6891889156  -0.6891834957  -0.0222190291  -0.6891199783  -0.6890745921  -0.0124419040  -0.6891251640  -0.6890843548  -0.0045785849  -0.6891274065  -0.6890426316  -0.0240804709  -0.6891159402  -0.6890741398 
 -0.3081425322  -0.3081425320  -0.3067572957  -0.0133934781  -0.3066089081  -0.3076843886  -0.0033174575  -0.3077339730  -0.3077298467  -0.0002381805  -0.3081474929  -0.3082547380  -0.0252916394  -0.3064736601  -0.3064757056  -0.0147502426  -0.3064892928  -0.3064756499  -0.0044094702  -0.3078814394  -0.3077329646  -0.0271449812  -0.3065538847  -0.3064956857 
 -0.6892309233  -0.6892309233  -0.6892306395  -0.0096234338  -0.7645820940  -0.7629635757  -0.0034677705  -0.6997240040  -0.6427914096  -0.0003148622  -0.6892331698  -0.6892800230  -0.0202372837  -0.6301883743  -0.6334052182  -0.0109530918  -0.7628180515  -0.7633812437  -0.0046876590  -0.6996483815  -0.6996885601  -0.0221039497  -0.6894437731  -0.6484061275 
 -0.6892309233  -0.6892309233  -0.6892306395  -0.0097729099  -0.6891456835  -0.6890780840  -0.0034618108  -0.6891482809  -0.6891332901  -0.0003118219  -0.6891979892  -0.6891919904  -0.0204376807  -0.6891504712  -0.6890880587  -0.0111036427  -0.6891498646  -0.6890837421  -0.0046766293  -0.6891465755  -0.6891087531  -0.0223038184  -0.6891453214  -0.6891183133 
 -0.1620284188  -0.1619837465  -0.1620242835  -0.0148890474  -0.1620205383  -0.1620054659  -0.0032578286  -0.1575035152  -0.1620335802  -0.0002077610  -0.1575040553  -0.1620492932  -0.0272966926  -0.1620169720  -0.1620190714  -0.0162565650  -0.1620514709  -0.1620527549  -0.0042991132  -0.1575103470  -0.1619953447  -0.0291447488  -0.1620325953  -0.1620291284 
 -0.6892309233  -0.6892309233  -0.6892306395  -0.0123859710  -0.6891250266  -0.6890537659  -0.0033576271  -0.6891564436  -0.6891076547  -0.0002586729  -0.6892026852  -0.6891851399  -0.0239409128  -0.6891169172  -0.6890749657  -0.0137354916  -0.6891234199  -0.6890837972  -0.0044838134  -0.6891299734  -0.6890442712  -0.0257978154  -0.6891142847  -0.6890744762 
 -0.0961093195  -0.0961093201  -0.0961306795  -0.0097300963  -0.1058859584  -0.1077987590  -0.0034635178  -0.1111070292  -0.0962271070  -0.0003126927  -0.0971421729  -0.0962404451  -0.0197018778  -0.1063278642  -0.1077570709  -0.0110605213  -0.1079937950  -0.1078122141  -0.0046797884  -0.0962444712  -0.0961866059  -0.0197408571  -0.1057057543  -0.1078068183 
 -0.2096661528  -0.2096661761  -0.2096720786  -0.0097763819  -0.2095782720  -0.2093822232  -0.0034616724  -0.2096676693  -0.2096333005  -0.0003117512  -0.2096136192  -0.2097128015  -0.0204423354  -0.2092932509  -0.2093005391  -0.0111071396  -0.2095688940  -0.2095211674  -0.0046763731  -0.2095108123  -0.2095182278  -0.0223084608  -0.2096009611  -0.2096006054 
 -0.2907693558  -0.2907693558  -0.2907204106  -0.0093638353  -0.2906671416  -0.2906236536  -0.0034781208  -0.2906371748  -0.3183394235  -0.0003201423  -0.2907227033  -0.2907063030  -0.0198892498  -0.2906504406  -0.2905922703  -0.0106916268  -0.2906468148  -0.2906251534  -0.0047068146  -0.2906373188  -0.3141487382  -0.0217568333  -0.2906664211  -0.2906363549 
 -0.1197338287  -0.1220198815  -0.1220198763  -0.0102743598  -0.1197334037  -0.1219404213  -0.0034418178  -0.1220617334  -0.1219568000  -0.0003016225  -0.0867461296  -0.1194669708  -0.0211099556  -0.1197339155  -0.1220515135  -0.0116086980  -0.1197300725  -0.1197331674  -0.0046396276  -0.1067386351  -0.1194894676  -0.0229743210  -0.1197319528  -0.1197338824 
 -0.2016288949  -0.2016288960  -0.2016357825  -0.0111038645  -0.1716639715  -0.1768057573  -0.0034087452  -0.1501258369  -0.1772787153  -0.0002847506  -0.2000428579  -0.1783434957  -0.0222220411  -0.1845930917  -0.1806346423  -0.0124441668  -0.1783027910  -0.1782325620  -0.0045784191  -0.2000478071  -0.1993996187  -0.0240834749  -0.1730181741  -0.1730450390 
 -0.2705591179  -0.2705591162  -0.2705228906  -0.0148679788  -0.2701209756  -0.2702073691  -0.0032586686  -0.2707575111  -0.2707369986  -0.0002081895  -0.2706260791  -0.2706014419  -0.0272684467  -0.2704146513  -0.2704326342  -0.0162353450  -0.2702658841  -0.2702516308  -0.0043006678  -0.2707790015  -0.2707803809  -0.0291165774  -0.2705409186  -0.2705587212 
 -0.0098245612  -0.0098243167  -0.0098243167  -0.0074681828  -0.0102963135  -0.0102901128  -0.0028603034  -0.0071844474  -0.0068049403  -0.0003221756  -0.0090975621  -0.0090963633  -0.0079537462  -0.0079547765  -0.0102907457  -0.0074681992  -0.0074681998  -0.0102929498  -0.0028712583  -0.0028712722  -0.0087730191  -0.0079535076  -0.0079535083  -0.0100379351 
 -0.1732572924  -0.1732572960  -0.1732509351  -0.0094175557  -0.1431755137  -0.1381341807  -0.0034759789  -0.1629564927  -0.1641816560  -0.0003190497  -0.1051619381  -0.1355130355  -0.0199612708  -0.1731762049  -0.1731349727  -0.0107457335  -0.1669349008  -0.1411752980  -0.0047028506  -0.1316313430  -0.1322907303  -0.0218286643  -0.1668116862  -0.1702238010 
 -0.1265559259  -0.1265273090  -0.1265273090  -0.0112584631  -0.1266250756  -0.1265795920  -0.0034025813  -0.1061958005  -0.1117806932  -0.0002816061  -0.0806864762  -0.1005067770  -0.0224293056  -0.1265603022  -0.1264918831  -0.0125998769  -0.1267189531  -0.1266667535  -0.0045670114  -0.1004186360  -0.1061381878  -0.0242901930  -0.1266379374  -0.1265400792 
 -0.9813460781  -0.9813463593  -0.9813460512  -0.0133614032  -0.9813179773  -0.9813925585  -0.0033187363  -0.9813485406  -0.9813656532  -0.0002388329  -0.9813439075  -0.9813362387  -0.0252486378  -0.9813221349  -0.9962473424  -0.0147179371  -0.9813325556  -0.9813999191  -0.0044118369  -0.9813640043  -0.9813884559  -0.0271020930  -0.9813320045  -0.9980154157 
 -0.0104667343  -0.0065884969  -0.0065884982  -0.0075013558  -0.0074988707  -0.0096817856  -0.0028710487  -0.0091943790  -0.0104638693  -0.0003166396  -0.0064188787  -0.0065399266  -0.0073134239  -0.0073134239  -0.0093369604  -0.0065534777  -0.0065534752  -0.0096796728  -0.0026065623  -0.0091861701  -0.0104643213  -0.0065590805  -0.0065590805  -0.0065590807 
 -0.1819970774  -0.1819970767  -0.1724110690  -0.0124008109  -0.1945275607  -0.1945297406  -0.0033570355  -0.1746559297  -0.1785533913  -0.0002583710  -0.1945500882  -0.1945487268  -0.0239608081  -0.1944935043  -0.1945338854  -0.0137504382  -0.1945093175  -0.1945064713  -0.0044827183  -0.1745708217  -0.1766919838  -0.0258176583  -0.1945192289  -0.1945068085 
