 -0.2270746288  -0.2270746322  -0.2270746322  -0.0105295896  -0.2438808950  -0.2438808950  -0.0034316417  -0.2195626324  -0.2195626324  -0.0002964312  -0.2270152714  -0.2270152714  -0.0214521325  -0.2273104374  -0.2273104374  -0.0118657629  -0.2284852474  -0.2284852474  -0.0046207944  -0.2269932456  -0.2269932456  -0.0233155959  -0.2284638711  -0.2284638711 
 -0.0144630179  -0.0144664356  -0.0144664356  -0.0081801278  -0.0081798444  -0.0081790484  -0.0026483534  -0.0143200361  -0.0145511431  -0.0003016225  -0.0068267507  -0.0068267143  -0.0082059485  -0.0082059485  -0.0081819249  -0.0081801276  -0.0081801280  -0.0081787989  -0.0028616073  -0.0143027835  -0.0145176368  -0.0082052956  -0.0082052956  -0.0082053104 
 -0.2016288949  -0.2016288960  -0.2016357825  -0.0111038645  -0.1716639715  -0.1768057573  -0.0034087452  -0.1501258369  -0.1772787153  -0.0002847506  -0.2000428579  -0.1783434957  -0.0222220411  -0.1845930917  -0.1806346423  -0.0124441668  -0.1783027910  -0.1782325620  -0.0045784191  -0.2000478071  -0.1993996187  -0.0240834749  -0.1730181741  -0.1730450390 
 -0.2907693558  -0.2907693558  -0.4418354939  -0.0142474841  -0.4418035044  -0.4413481715  -0.0032834079  -0.2906807746  -0.4442051071  -0.0002208102  -0.2907258202  -0.4403651474  -0.0264365729  -0.4411987607  -0.4418068487  -0.0156103889  -0.2905894032  -0.4409188522  -0.0043464537  -0.2906248047  -0.4364442043  -0.0282868965  -0.4414030445  -0.4413433665 
 -0.1684164307  -0.1684259526  -0.1684259526  -0.0152251690  -0.1683820487  -0.1684163129  -0.0032444273  -0.1680606913  -0.1683793622  -0.0002009243  -0.1650764135  -0.1693013302  -0.0277473180  -0.1684177325  -0.1684450783  -0.0165951033  -0.1684264198  -0.1670564719  -0.0042743110  -0.1649118737  -0.1676577444  -0.0295941863  -0.1684326924  -0.1684195123 
 -0.9813460781  -0.9813463593  -0.9813460512  -0.0126384848  -0.9813010015  -0.9812452713  -0.0033475593  -0.9813129434  -0.9812740636  -0.0002535368  -0.9813279393  -0.9813216143  -0.0242794484  -0.9812985027  -0.9812477599  -0.0139898209  -0.9813012733  -0.9812442332  -0.0044651806  -0.9812756438  -0.9812311503  -0.0261354586  -0.9812698758  -0.9812486212 
 -0.3351367349  -0.3351367326  -0.3351367326  -0.0120715691  -0.3349423534  -0.3349423534  -0.0033701625  -0.3345784831  -0.3345784831  -0.0002650677  -0.3008637333  -0.3008637333  -0.0235194060  -0.3376455213  -0.3376455213  -0.0134188291  -0.3372937300  -0.3372937300  -0.0045070129  -0.3337428663  -0.3337428663  -0.0253774198  -0.3351841759  -0.3351841759 
 -0.0495430576  -0.0495430576  -0.0495416283  -0.0096234338  -0.0582574904  -0.0607427432  -0.0034677705  -0.0488805983  -0.0488653508  -0.0003148622  -0.0445686261  -0.0493959009  -0.0165987997  -0.0608024977  -0.0445470833  -0.0109530918  -0.0495270482  -0.0489645147  -0.0046876590  -0.0484135411  -0.0483878507  -0.0183032227  -0.0607566283  -0.0291061904 
 -0.9813460781  -0.9813463593  -0.9813460512  -0.0094175557  -0.9813104273  -0.9812467625  -0.0034759789  -0.9812918410  -0.9812674602  -0.0003190497  -0.9813265165  -0.9813205871  -0.0199612708  -0.9812917813  -0.9812081946  -0.0107457335  -0.9812884074  -0.9812383089  -0.0047028506  -0.9812734756  -0.9812145505  -0.0218286643  -0.9812849901  -0.9812003516 
 -0.6892309233  -0.6892309233  -0.6892306395  -0.0092630726  -0.6891521699  -0.6890804898  -0.0034821382  -0.6891310159  -0.6891159592  -0.0003221918  -0.6891918859  -0.6891870437  -0.0197541611  -0.6891549029  -0.6890841495  -0.0105901397  -0.6891448992  -0.6891072344  -0.0047142498  -0.6891324285  -0.6890941944  -0.0216221006  -0.6891064804  -0.6891057080 
 -0.2858614269  -0.2858614266  -0.2858614266  -0.0112584631  -0.2876780344  -0.2876780344  -0.0034025813  -0.2843845808  -0.2843845808  -0.0002816061  -0.2767922325  -0.2767922325  -0.0224293056  -0.2911148958  -0.2911148958  -0.0125998769  -0.2857982643  -0.2857982643  -0.0045670114  -0.2843286515  -0.2843286515  -0.0242901930  -0.2911217398  -0.2911217398 
 -0.6892309233  -0.6892309233  -0.6892306395  -0.0111615159  -0.7785722413  -0.7786104916  -0.0034064466  -0.6227545361  -0.6340913811  -0.0002835780  -0.6892908464  -0.6893863061  -0.0222993322  -0.6501019391  -0.6513663215  -0.0125022327  -0.7785611118  -0.7786141364  -0.0045741650  -0.6256765403  -0.6260725163  -0.0241605622  -0.6507046379  -0.6503840433 
 -0.1188746682  -0.1183825912  -0.1183825922  -0.0145229335  -0.1194073918  -0.1195807303  -0.0032724257  -0.1194890028  -0.1215151528  -0.0002152076  -0.1196383400  -0.1194260864  -0.0268058575  -0.1195299074  -0.1186664587  -0.0158878187  -0.1194688645  -0.1194533286  -0.0043261285  -0.1130527835  -0.1230557683  -0.0286552076  -0.1219453765  -0.1193542482 
 -0.2907693558  -0.2907693558  -0.2907379127  -0.0124783117  -0.2906748960  -0.2906371980  -0.0033539455  -0.2906723171  -0.2906529270  -0.0002567947  -0.2907293112  -0.2907071800  -0.0240647105  -0.2906644213  -0.2906002303  -0.0138284962  -0.2906752123  -0.2906300754  -0.0044769996  -0.2906458093  -0.2906470366  -0.0259212867  -0.2906775105  -0.2906652451 
 -0.0107254351  -0.0103446822  -0.0103446876  -0.0074451319  -0.0074154966  -0.0016530807  -0.0029144772  -0.0122249908  -0.0118025708  -0.0003277427  -0.0096556139  -0.0096556346  -0.0077005131  -0.0077005134  -0.0074477822  -0.0074449329  -0.0074449334  -0.0074959340  -0.0026016115  -0.0122470365  -0.0117770297  -0.0077815494  -0.0077815494  -0.0018515866 
 -0.6892309233  -0.6892309233  -0.6892306395  -0.0093638353  -0.6891482290  -0.6890724841  -0.0034781208  -0.6891132940  -0.6891047588  -0.0003201423  -0.6892002275  -0.6891831198  -0.0198892498  -0.6891112447  -0.6890614757  -0.0106916268  -0.6891370980  -0.6890938602  -0.0047068146  -0.6891235517  -0.6890876760  -0.0217568333  -0.6890955920  -0.6890854422 
 -0.4617307508  -0.4617307518  -0.4617307518  -0.0112695059  -0.4616956502  -0.4907008425  -0.0034021410  -0.4616183812  -0.4615104687  -0.0002813815  -0.4616949370  -0.4616672957  -0.0224441103  -0.4907007543  -0.4907135474  -0.0126109991  -0.4616360047  -0.4907530795  -0.0045661965  -0.4616323444  -0.4615545433  -0.0243049587  -0.4907455148  -0.4907250536 
 -0.9813460781  -0.9813463593  -0.9813460512  -0.0102479292  -0.9812878808  -0.9812480412  -0.0034428716  -0.9812932931  -0.9812947207  -0.0003021601  -0.9813298076  -0.9813222902  -0.0210745211  -0.9812832645  -0.9812416070  -0.0115820774  -0.9812887845  -0.9812438362  -0.0046415779  -0.9812790566  -0.9812609748  -0.0229389799  -0.9812815804  -0.9811973491 
 -0.9813460781  -0.9813463593  -0.9813460512  -0.0117104373  -0.9813497074  -0.9814845886  -0.0033845609  -0.9813393787  -0.9813478163  -0.0002724131  -0.9813537629  -0.9813460197  -0.0230352503  -0.9813064161  -0.9815034907  -0.0130551008  -0.9813828754  -0.9986430839  -0.0045336605  -0.9813657263  -0.9813931394  -0.0248945403  -0.9813367304  -0.9985458271 
 -0.6892309233  -0.6892309233  -0.6892306395  -0.0092525318  -0.7326832961  -0.7323984375  -0.0034825585  -0.6893789237  -0.7324427768  -0.0003224062  -0.7310740907  -0.7310119059  -0.0197400295  -0.7324733348  -0.7323828621  -0.0105795232  -0.7326887303  -0.7324627336  -0.0047150276  -0.7325555537  -0.7323067884  -0.0216080063  -0.7323818408  -0.7327216807 
 -0.2204868017  -0.2204867996  -0.2204867996  -0.0128481113  -0.1969005378  -0.1969005378  -0.0033392014  -0.2470775932  -0.2470775932  -0.0002492731  -0.2635408609  -0.2635408609  -0.0245604868  -0.2589855566  -0.2589855566  -0.0142009547  -0.2730716008  -0.2730716008  -0.0044497124  -0.2699950213  -0.2699950213  -0.0264157561  -0.2502023767  -0.2502023767 
 -0.4617307508  -0.4617307518  -0.4617306107  -0.0109216635  -0.4616513605  -0.4616028314  -0.0034160096  -0.4616300546  -0.4616310221  -0.0002884565  -0.4616941931  -0.4616561548  -0.0219777712  -0.4616523454  -0.4615966040  -0.0122606558  -0.4616523756  -0.4616227121  -0.0045918636  -0.4615901670  -0.4616435246  -0.0238398489  -0.4616723971  -0.4616005384 
 -0.1244691191  -0.1244456675  -0.1244456674  -0.0144477660  -0.1269232014  -0.1317456852  -0.0032754226  -0.0954904987  -0.1306099867  -0.0002167365  -0.1085599664  -0.1317640640  -0.0267050832  -0.1260408025  -0.1315030878  -0.0158121108  -0.1315318487  -0.1240757263  -0.0043316750  -0.0956108812  -0.1244410887  -0.0285546990  -0.1260562160  -0.1303281666 
 -0.6892309233  -0.6892309233  -0.6892306395  -0.0093398944  -0.6891514345  -0.6890798106  -0.0034790753  -0.6891407637  -0.6891268019  -0.0003206293  -0.6891911345  -0.6891863923  -0.0198571532  -0.6891537358  -0.6890826793  -0.0106675138  -0.6891445223  -0.6891061047  -0.0047085812  -0.6891377067  -0.6891024841  -0.0217248212  -0.6891401476  -0.6891020097 
 -0.6892309233  -0.6892309233  -0.6892306395  -0.0088760903  -0.6891367056  -0.6890630721  -0.0034975674  -0.6891557273  -0.6891400649  -0.0003300629  -0.6891918855  -0.6891873460  -0.0192353486  -0.6891309935  -0.6890647537  -0.0102003750  -0.6891363439  -0.6891004475  -0.0047428049  -0.6891463968  -0.6891130429  -0.0211046559  -0.6891239635  -0.6890963223 
 -0.0720518948  -0.0720518949  -0.0720055548  -0.0127529736  -0.0511233527  -0.0524059613  -0.0033429946  -0.0705087534  -0.0705517075  -0.0002512082  -0.0495212570  -0.0562717441  -0.0225351892  -0.0755448133  -0.0755880593  -0.0141051329  -0.0478429797  -0.0475491583  -0.0044567325  -0.0566572911  -0.0705490564  -0.0225323625  -0.0755962203  -0.0755721256 
 -0.2303546827  -0.2304431502  -0.2304431502  -0.0095115887  -0.2418727243  -0.2418727243  -0.0034722298  -0.2219803649  -0.2219803649  -0.0003171371  -0.2098200197  -0.2098200197  -0.0200873373  -0.2081081906  -0.2081081906  -0.0108404426  -0.2208743727  -0.2208743727  -0.0046959120  -0.2093462977  -0.2093462977  -0.0219543985  -0.2078496171  -0.2078496171 
 -0.9813460781  -0.9813463593  -0.9813460512  -0.0107245089  -1.0346357625  -1.0346807740  -0.0034238702  -0.9816401703  -0.9528202203  -0.0002924666  -0.9814421761  -0.9813881003  -0.0217134534  -0.9538216822  -1.0341670214  -0.0120620837  -1.0346652797  -1.0347010084  -0.0046064115  -0.9816711908  -0.9527744788  -0.0235762280  -0.9537875917  -1.0326682876 
 -0.0176378923  -0.0176386401  -0.0176386385  -0.0112141535  -0.0182394956  -0.0185986415  -0.0030509975  -0.0131543365  -0.0126123222  -0.0002709568  -0.0105207194  -0.0106745514  -0.0133777765  -0.0133779466  -0.0177292135  -0.0115881632  -0.0176201038  -0.0149178763  -0.0023486031  -0.0116209259  -0.0130363112  -0.0133784609  -0.0133784609  -0.0177286223 
 -0.0109899868  -0.0109905117  -0.0109905117  -0.0085767761  -0.0083597683  -0.0107441945  -0.0028144196  -0.0109530022  -0.0109529871  -0.0002974254  -0.0073358260  -0.0073357113  -0.0086391235  -0.0086391236  -0.0107430563  -0.0085767611  -0.0085767612  -0.0107439744  -0.0028682900  -0.0093765972  -0.0109565922  -0.0086451639  -0.0086451644  -0.0107410012 
 -0.9813460781  -0.9813463593  -0.9813460512  -0.0091345032  -0.9812890852  -0.9812469000  -0.0034872643  -0.9813007813  -0.9812952645  -0.0003248069  -0.9813285969  -0.9813230643  -0.0195817929  -0.9812864248  -0.9812407064  -0.0104606459  -0.9812882520  -0.9812424838  -0.0047237368  -0.9812834979  -0.9812566413  -0.0214501869  -0.9812827024  -0.9812319016 
 -0.0153274437  -0.0153262675  -0.0153262683  -0.0110123754  -0.0138367673  -0.0138561516  -0.0027376304  -0.0084274793  -0.0084326169  -0.0002492731  -0.0053103776  -0.0053325836  -0.0117995137  -0.0117995137  -0.0125810902  -0.0104624916  -0.0139140085  -0.0145395823  -0.0023758494  -0.0082821447  -0.0084305873  -0.0117977664  -0.0117977664  -0.0117977699 
 -0.2907693558  -0.2907693558  -0.3703482381  -0.0121982529  -0.4117187132  -0.4389110737  -0.0033651115  -0.3898682811  -0.4006556408  -0.0002624910  -0.3801168745  -0.4144350796  -0.0236892463  -0.4008910448  -0.4011886124  -0.0135464239  -0.4088580029  -0.4429938145  -0.0044976650  -0.4005791777  -0.4064968439  -0.0255468123  -0.3894959205  -0.4000214706 
 -0.9813460781  -0.9813463593  -0.9813460512  -0.0099373427  -0.9812883968  -0.9812447817  -0.0034552548  -0.9812901977  -0.9812931442  -0.0003084773  -0.9813272712  -0.9813208458  -0.0206581295  -0.9812865756  -0.9812416807  -0.0112692578  -0.9812863370  -0.9812382641  -0.0046644959  -0.9812733975  -0.9812566524  -0.0225236861  -0.9812821332  -0.9811987355 
 -0.0608669422  -0.0608669422  -0.0621943503  -0.0113769914  -0.0373226763  -0.0364269145  -0.0033978555  -0.0587405027  -0.0585732349  -0.0002791953  -0.0243601987  -0.0327949682  -0.0204297719  -0.0622492773  -0.0622047056  -0.0127192575  -0.0375746277  -0.0375732992  -0.0045582653  -0.0500324081  -0.0585402868  -0.0204259308  -0.0622194369  -0.0623034367 
 -0.4617307508  -0.4617307518  -0.4617307518  -0.0084752814  -0.5213801025  -0.5213958717  -0.0035135478  -0.5182775896  -0.5390800012  -0.0003382153  -0.5065279460  -0.5399712687  -0.0186979993  -0.5223540996  -0.5319684383  -0.0097966843  -0.5223100212  -0.5223739059  -0.0047723803  -0.4940318467  -0.5392005613  -0.0205687231  -0.5330085560  -0.5385698195 
 -0.4617307508  -0.4617307518  -0.4617308628  -0.0126416282  -0.4616373147  -0.4615827700  -0.0033474340  -0.4616286037  -0.4616538634  -0.0002534729  -0.4616868818  -0.4616662520  -0.0242836627  -0.4616626689  -0.4615868482  -0.0139929870  -0.4616531842  -0.4615947282  -0.0044649486  -0.4615992918  -0.4615581980  -0.0261396617  -0.4616783593  -0.4616200261 
 -0.1801841658  -0.1801841627  -0.1813751725  -0.0112292594  -0.1750876438  -0.1116088968  -0.0034037457  -0.1807746331  -0.1808363088  -0.0002822001  -0.1505072620  -0.1750592902  -0.0223901534  -0.1776291941  -0.1774110886  -0.0125704633  -0.1591561062  -0.1505106881  -0.0045691663  -0.1582755885  -0.1712857838  -0.0242511440  -0.1841113958  -0.1745981384 
 -0.6892309233  -0.6892309233  -0.6892306395  -0.0109216635  -0.6891604573  -0.6891056964  -0.0034160096  -0.6891239553  -0.6891094394  -0.0002884565  -0.6891928766  -0.6891868429  -0.0219777712  -0.6891595549  -0.6890979637  -0.0122606558  -0.6891588895  -0.6891037301  -0.0045918636  -0.6891297079  -0.6890421667  -0.0238398489  -0.6891557818  -0.6891253511 
 -0.0204921298  -0.0204915725  -0.0204915725  -0.0146747365  -0.0205116526  -0.0205165826  -0.0028852998  -0.0132283582  -0.0131963562  -0.0002009243  -0.0099255113  -0.0115153606  -0.0170104520  -0.0170104520  -0.0205177203  -0.0150439874  -0.0150440051  -0.0205124754  -0.0028964144  -0.0120595143  -0.0132918550  -0.0170128668  -0.0170128668  -0.0170149447 
 -0.4617307508  -0.4617307518  -0.4617308859  -0.0089823117  -0.5856251218  -0.5874699874  -0.0034933323  -0.4790023644  -0.4800663564  -0.0003279024  -0.4754459324  -0.4827739581  -0.0193777556  -0.5113109273  -0.5112641209  -0.0103073601  -0.5876426134  -0.5880378601  -0.0047349669  -0.4769014362  -0.5108774105  -0.0212466874  -0.5113333353  -0.5030393492 
 -0.2907693558  -0.2907693558  -0.5329654381  -0.0170568598  -0.5330048195  -0.5330308049  -0.0031713971  -0.5329030183  -0.5330324977  -0.0001636682  -0.5168809687  -0.5329068364  -0.0302029967  -0.5329515147  -0.5329225315  -0.0184399639  -0.5329668542  -0.5329980911  -0.0041391519  -0.5328854252  -0.5329488496  -0.0320433913  -0.5329458636  -0.5329266120 
 -0.6892309233  -0.6892309233  -0.6892306395  -0.0085100924  -0.7310761817  -0.7308603333  -0.0035121598  -0.6894205081  -0.7633365829  -0.0003375072  -0.6893220120  -0.6540017943  -0.0187446691  -0.6893098393  -0.7317744272  -0.0098317456  -0.7310192347  -0.7310089768  -0.0047698117  -0.7664234956  -0.7381446409  -0.0206152699  -0.7365003748  -0.7363043095 
 -0.0180335542  -0.0180394497  -0.0180394503  -0.0071193751  -0.0070943510  -0.0026242104  -0.0029461477  -0.0181407613  -0.0180192748  -0.0003313207  -0.0119488100  -0.0119488153  -0.0017456003  -0.0018515844  -0.0179347575  -0.0071164752  -0.0071164742  -0.0123075746  -0.0030932779  -0.0181374587  -0.0182344715  -0.0026317746  -0.0026317746  -0.0116737944 
 -0.6892309233  -0.6892309233  -0.6892306395  -0.0126972129  -0.7436975856  -0.7531149774  -0.0033452178  -0.6893641195  -0.7486539524  -0.0002523423  -0.6892923798  -0.6643700227  -0.0243581830  -0.7526490038  -0.7526336956  -0.0140489713  -0.7722457992  -0.7527964080  -0.0044608471  -0.7531847478  -0.7533196880  -0.0262139856  -0.7526470693  -0.7526354528 
 -0.2243288536  -0.2247954064  -0.2247954064  -0.0106721608  -0.2128419579  -0.2128419579  -0.0034259574  -0.2407124376  -0.2407124376  -0.0002935313  -0.2081372543  -0.2081372543  -0.0216432723  -0.2100612514  -0.2100612514  -0.0120093592  -0.2243375527  -0.2243375527  -0.0046102742  -0.2221420958  -0.2221420958  -0.0235062319  -0.2121506561  -0.2121506561 
 -0.0708169994  -0.0708170113  -0.0708247145  -0.0107641064  -0.0696056563  -0.0708835385  -0.0034222915  -0.0693724336  -0.0708324102  -0.0002916612  -0.0203004996  -0.0710239577  -0.0198412977  -0.0709061378  -0.0707746351  -0.0121019659  -0.0670665273  -0.0708973536  -0.0046034896  -0.0693448761  -0.0708014690  -0.0198379329  -0.0708956297  -0.0707524304 
 -0.2663074760  -0.2663074707  -0.2663074707  -0.0089332864  -0.2650369491  -0.2650369491  -0.0034952869  -0.2587981866  -0.2587981866  -0.0003288996  -0.2313668905  -0.2313668905  -0.0193120292  -0.2770291874  -0.2770291874  -0.0102579823  -0.2255680405  -0.2255680405  -0.0047385845  -0.2481861228  -0.2481861228  -0.0211811343  -0.2589367553  -0.2589367553 
 -0.1252059417  -0.1156482679  -0.1156482679  -0.0130557506  -0.1531546683  -0.1532396762  -0.0033309228  -0.1144271764  -0.1135899126  -0.0002450497  -0.0982713145  -0.1176593137  -0.0248388609  -0.1532736336  -0.1533054306  -0.0144100869  -0.1530232311  -0.1527956138  -0.0044343908  -0.1259330784  -0.1191278895  -0.0266933963  -0.1521458872  -0.1532819373 
 -0.1217805182  -0.1219066036  -0.1219066047  -0.0112348497  -0.1242321738  -0.1242382266  -0.0034035228  -0.1128548183  -0.1217943014  -0.0002820864  -0.0849543767  -0.0805596910  -0.0223976481  -0.1245581717  -0.1245314661  -0.0125760938  -0.1246429137  -0.1242010402  -0.0045687538  -0.0994224005  -0.1113038683  -0.0242586189  -0.1245759317  -0.1245456949 
 -0.0720518948  -0.0720518949  -0.0720055548  -0.0127529736  -0.0511233527  -0.0524059613  -0.0033429946  -0.0705087534  -0.0705517075  -0.0002512082  -0.0495212579  -0.0562717441  -0.0225351892  -0.0755447933  -0.0755880450  -0.0141051329  -0.0478429797  -0.0475491583  -0.0044567325  -0.0566572924  -0.0705490564  -0.0225323625  -0.0755962205  -0.0755721413 
 -0.2116306232  -0.2116306243  -0.2116366739  -0.0106459418  -0.2116570349  -0.2116538060  -0.0034270027  -0.2106977604  -0.2105716567  -0.0002940646  -0.2116334842  -0.2116433565  -0.0216081215  -0.1926851050  -0.2115754665  -0.0119829516  -0.2116525333  -0.2116440653  -0.0046122089  -0.2107693240  -0.2108285197  -0.0234711737  -0.2116158150  -0.2116036584 
 -0.0341330283  -0.0340789835  -0.0340789831  -0.0170088985  -0.0341745091  -0.0341538794  -0.0031586411  -0.0074437331  -0.0341757743  -0.0001636682  -0.0341469326  -0.0341641420  -0.0225205853  -0.0225205853  -0.0341573591  -0.0179902559  -0.0341635088  -0.0341147925  -0.0035013155  -0.0035013373  -0.0341779864  -0.0225453127  -0.0225453127  -0.0226737436 
 -0.0671765982  -0.0671765550  -0.0451353371  -0.0147266459  -0.0434824180  -0.0434863341  -0.0032643036  -0.0628143119  -0.0441495247  -0.0002110642  -0.0406604071  -0.0487605546  -0.0248106886  -0.0671400623  -0.0447910172  -0.0160929958  -0.0434864275  -0.0434837847  -0.0043110967  -0.0616932270  -0.0427781153  -0.0248071852  -0.0248129958  -0.0671405343 
 -0.9813460781  -0.9813463593  -0.9813460512  -0.0121486804  -0.9812980490  -0.9812428942  -0.0033670880  -0.9812921205  -0.9812721145  -0.0002634993  -0.9813289423  -0.9813227882  -0.0236227863  -0.9812914902  -0.9812288559  -0.0134964949  -0.9812756595  -0.9812428365  -0.0045013229  -0.9812796432  -0.9812669069  -0.0254805275  -0.9812649636  -0.9812310778 
 -0.0167263252  -0.0167269117  -0.0167269120  -0.0120203429  -0.0167262325  -0.0167272645  -0.0024503231  -0.0099325504  -0.0106203319  -0.0002080943  -0.0069066794  -0.0080859581  -0.0138045216  -0.0138045216  -0.0166394418  -0.0122220382  -0.0122266803  -0.0167265793  -0.0026654010  -0.0105105334  -0.0108093230  -0.0138041025  -0.0138041025  -0.0138041104 
 -0.9813460781  -0.9813463593  -0.9813460512  -0.0102743598  -0.9812825021  -0.9812413725  -0.0034418178  -0.9812917396  -0.9812916146  -0.0003016225  -0.9813272487  -0.9813207414  -0.0211099556  -0.9812781491  -0.9812332002  -0.0116086980  -0.9812821322  -0.9812365447  -0.0046396276  -0.9812744382  -0.9812563677  -0.0229743210  -0.9812751050  -0.9811894464 
 -0.3429059200  -0.3429059215  -0.3429059215  -0.0140984962  -0.3433757286  -0.3433757286  -0.0032893481  -0.3428818913  -0.3428818913  -0.0002238406  -0.3428839858  -0.3428839858  -0.0262368306  -0.3433747694  -0.3433747694  -0.0154603298  -0.3432292049  -0.3432292049  -0.0043574474  -0.3428544733  -0.3428544733  -0.0280876807  -0.3431976845  -0.3431976845 
 -0.6892309233  -0.6892309233  -0.6892306395  -0.0093638353  -0.6891482290  -0.6890724841  -0.0034781208  -0.6891132940  -0.6891047588  -0.0003201423  -0.6892002275  -0.6891831198  -0.0198892498  -0.6891112447  -0.6890614757  -0.0106916268  -0.6891370980  -0.6890938602  -0.0047068146  -0.6891235517  -0.6890876760  -0.0217568333  -0.6890955920  -0.6890854422 
 -0.2907693558  -0.2907693558  -0.3932591542  -0.0113808025  -0.2788398616  -0.4062804497  -0.0033977036  -0.3141751737  -0.3375755722  -0.0002791178  -0.3955537459  -0.4288204598  -0.0225933215  -0.3329308089  -0.3570521154  -0.0127230960  -0.4609661751  -0.4383944183  -0.0045579840  -0.3358359056  -0.3663405158  -0.0244537765  -0.3884326293  -0.3671748126 
 -0.3351367349  -0.3351367326  -0.3351367326  -0.0120715691  -0.3349423534  -0.3349423534  -0.0033701625  -0.3345784831  -0.3345784831  -0.0002650677  -0.3008637333  -0.3008637333  -0.0235194060  -0.3376455213  -0.3376455213  -0.0134188291  -0.3372937300  -0.3372937300  -0.0045070129  -0.3337428663  -0.3337428663  -0.0253774198  -0.3351841759  -0.3351841759 
 -0.1999554625  -0.1999554595  -0.1996997912  -0.0092013327  -0.2457660961  -0.2475818085  -0.0034845998  -0.1998159845  -0.2481493163  -0.0003234476  -0.1954215919  -0.1990726096  -0.0196713888  -0.2480866475  -0.2480826141  -0.0105279559  -0.2471228141  -0.2471068179  -0.0047188055  -0.1919200463  -0.1996962825  -0.0215395466  -0.2480893553  -0.2480942489 
 -0.1144472020  -0.1144479172  -0.1144479173  -0.0126384848  -0.1124564664  -0.1123003825  -0.0033475593  -0.0970801336  -0.0882166958  -0.0002535368  -0.0660887819  -0.0813792497  -0.0242794484  -0.1085025560  -0.1066697334  -0.0139898209  -0.1124604443  -0.1122743409  -0.0044651806  -0.0833411351  -0.0896366098  -0.0261354586  -0.1084929911  -0.1144519586 
 -0.0547989156  -0.0547989156  -0.0559745664  -0.0150794082  -0.0504120257  -0.0504309284  -0.0032502388  -0.0703420521  -0.0560567081  -0.0002038891  -0.0580095776  -0.0580424931  -0.0245434315  -0.0747398379  -0.0747511987  -0.0164482945  -0.0560182483  -0.0559879611  -0.0042850666  -0.0670902532  -0.0560859316  -0.0246788488  -0.0743451904  -0.0504796963 
 -0.2907693558  -0.2907693558  -0.2906924580  -0.0095360483  -0.2906654650  -0.2906491562  -0.0034712546  -0.2906458693  -0.3466210823  -0.0003166396  -0.2907236131  -0.2906955923  -0.0201201293  -0.2906556637  -0.2906086582  -0.0108650781  -0.2906715739  -0.2906537049  -0.0046941071  -0.2906392156  -0.2980951989  -0.0219871041  -0.2906691880  -0.2906684019 
 -0.4617307508  -0.4617307518  -0.4617309119  -0.0092070286  -0.5386968818  -0.5427651321  -0.0034843727  -0.5473362955  -0.5471465446  -0.0003233317  -0.5183144660  -0.5467717741  -0.0196790251  -0.5465192542  -0.5464769183  -0.0105336928  -0.5271602369  -0.5269556303  -0.0047183852  -0.5471173957  -0.5468405435  -0.0215471627  -0.5464569512  -0.5467463985 
 -0.2427725008  -0.2427724902  -0.2427548580  -0.0170568598  -0.2420920086  -0.2421680151  -0.0031713971  -0.2434908681  -0.2430367816  -0.0001636682  -0.2427792007  -0.2427606716  -0.0302029967  -0.2427470980  -0.2427570748  -0.0184399639  -0.2427624819  -0.2427687694  -0.0041391519  -0.2434718870  -0.2433230765  -0.0320433913  -0.2426812018  -0.2427279995 
 -0.4617307508  -0.4617307518  -0.4617307518  -0.0108235627  -0.4616408745  -0.4615854439  -0.0034199209  -0.4616797019  -0.4616244511  -0.0002904519  -0.4616944647  -0.4616795100  -0.0218462511  -0.4616702666  -0.4616375859  -0.0121618497  -0.4616375689  -0.4616042985  -0.0045991024  -0.4616261809  -0.4615719685  -0.0237086756  -0.4616615873  -0.4616198022 
 -0.9813460781  -0.9813463593  -0.9813460512  -0.0103406600  -0.9813069279  -0.9812441548  -0.0034391744  -0.9812904224  -0.9812929454  -0.0003002740  -0.9813268846  -0.9813207503  -0.0211988417  -0.9812836045  -0.9812018323  -0.0116754749  -0.9812844145  -0.9812384933  -0.0046347354  -0.9812727908  -0.9812196498  -0.0230629729  -0.9812791179  -0.9811979205 
 -0.0095433142  -0.0075395636  -0.0075395617  -0.0071314956  -0.0071310861  -0.0073058746  -0.0028373014  -0.0097655285  -0.0097648158  -0.0003250409  -0.0097005090  -0.0097004667  -0.0073091092  -0.0073091092  -0.0073092864  -0.0071315151  -0.0071315149  -0.0073034259  -0.0028438683  -0.0097646267  -0.0097651007  -0.0073098106  -0.0073098106  -0.0073098102 
 -0.4617307508  -0.4617307518  -0.4617306772  -0.0088928180  -0.5715140522  -0.5739084055  -0.0034969004  -0.5937702641  -0.5824312143  -0.0003297227  -0.5515390054  -0.5660897456  -0.0192577748  -0.5687136321  -0.5691596526  -0.0102172230  -0.5717320740  -0.5739354326  -0.0047415706  -0.5814292346  -0.5824167847  -0.0211270229  -0.5762775416  -0.5697469125 
 -0.1291812245  -0.1280464265  -0.1280464265  -0.0120715691  -0.1553829755  -0.1556342680  -0.0033701625  -0.1281886496  -0.1281518732  -0.0002650677  -0.0998490127  -0.1261593041  -0.0235194060  -0.1553515392  -0.1553699121  -0.0134188291  -0.1550780859  -0.1278987790  -0.0045070129  -0.1261671131  -0.1272758216  -0.0253774198  -0.1553908046  -0.1554101253 
 -0.9813460781  -0.9813463593  -0.9813460512  -0.0127529736  -0.9812896074  -0.9812317482  -0.0033429946  -0.9812936395  -0.9812709242  -0.0002512082  -0.9813294243  -0.9813238281  -0.0244329393  -0.9812512911  -0.9812076216  -0.0141051329  -0.9812689651  -0.9812337164  -0.0044567325  -0.9812813121  -0.9812654849  -0.0262885448  -0.9812559336  -0.9812115220 
 -0.0574653322  -0.0574653325  -0.0574589239  -0.0111615159  -0.0391469504  -0.0532880428  -0.0034064466  -0.0569692587  -0.0569591586  -0.0002835780  -0.0575825056  -0.0582637760  -0.0057632512  -0.0541908675  -0.0585753995  -0.0125022327  -0.0370523010  -0.0523145622  -0.0045741650  -0.0563608859  -0.0569059625  -0.0202773110  -0.0500037739  -0.0633742875 
 -0.6892309233  -0.6892309233  -0.6892306395  -0.0095511090  -0.6978192587  -0.6978079661  -0.0034706541  -0.6893149370  -0.6977995380  -0.0003163332  -0.6978053097  -0.6977742537  -0.0201403207  -0.6978147150  -0.6977980668  -0.0108802471  -0.6978329401  -0.6977946398  -0.0046929958  -0.6978134895  -0.6978350268  -0.0220072423  -0.6977891105  -0.6978434206 
 -0.2907693558  -0.2907693558  -0.2907350039  -0.0126384848  -0.2906562582  -0.2906185118  -0.0033475593  -0.2906483962  -0.2906797183  -0.0002535368  -0.2907294497  -0.2907064962  -0.0242794484  -0.2906457290  -0.2906068116  -0.0139898209  -0.2906555303  -0.2906059639  -0.0044651806  -0.2906456644  -0.2906816649  -0.0261354586  -0.2906791834  -0.2906448841 
 -0.0990367683  -0.0905776202  -0.0905776202  -0.0106721608  -0.1040439742  -0.1017600913  -0.0034259574  -0.0791149036  -0.0882919810  -0.0002935313  -0.0622758776  -0.0620452225  -0.0216432723  -0.1017503163  -0.0989916053  -0.0120093592  -0.0818551662  -0.0838028343  -0.0046102742  -0.0753844109  -0.0882904064  -0.0235062319  -0.0980908232  -0.0990111881 
 -0.0670894422  -0.0670894147  -0.0670844986  -0.0124008109  -0.0507033064  -0.0610883449  -0.0033570355  -0.0655226672  -0.0675007293  -0.0002583710  -0.0259369261  -0.0441720788  -0.0218771279  -0.0671107183  -0.0671166880  -0.0137504382  -0.0431249071  -0.0591439221  -0.0044827183  -0.0649437404  -0.0658341116  -0.0218735144  -0.0671329173  -0.0671120500 
 -0.4617307508  -0.4617307518  -0.4617307518  -0.0096955236  -0.4616052559  -0.4615561524  -0.0034648963  -0.4616278909  -0.4616340942  -0.0003133959  -0.4616958523  -0.4616743178  -0.0203339318  -0.4616086089  -0.4615083705  -0.0110257000  -0.4616130541  -0.4615350848  -0.0046823395  -0.4616433529  -0.4616339653  -0.0222003430  -0.4616388854  -0.4615938213 
 -0.0144630179  -0.0144664356  -0.0144664356  -0.0081801278  -0.0081798444  -0.0081790484  -0.0026483534  -0.0143200361  -0.0145511431  -0.0003016225  -0.0068267507  -0.0068267143  -0.0082059485  -0.0082059485  -0.0081819249  -0.0081801276  -0.0081801280  -0.0081787989  -0.0028616073  -0.0143027835  -0.0145176368  -0.0082052956  -0.0082052956  -0.0082053104 
 -0.2789557033  -0.2789557028  -0.2789557028  -0.0112348497  -0.2788106032  -0.2788106032  -0.0034035228  -0.2778237762  -0.2778237762  -0.0002820864  -0.2025837752  -0.2025837752  -0.0223976481  -0.2787520802  -0.2787520802  -0.0125760938  -0.2329630279  -0.2329630279  -0.0045687538  -0.2778106112  -0.2778106112  -0.0242586189  -0.2027323005  -0.2027323005 
 -0.4617307508  -0.4617307518  -0.4617305645  -0.0147266459  -0.4616054290  -0.4615686659  -0.0032643036  -0.4616259195  -0.4615982286  -0.0002110642  -0.4616954658  -0.4616729987  -0.0270789670  -0.4616163134  -0.4615505771  -0.0160929958  -0.4616160678  -0.4615615931  -0.0043110967  -0.4615976047  -0.4615860610  -0.0289275971  -0.4616377265  -0.4615975224 
 -0.4617307508  -0.4617307518  -0.4617305669  -0.0115030774  -0.4616270286  -0.4615739444  -0.0033928284  -0.4616272232  -0.4616154771  -0.0002766307  -0.4616928937  -0.4616627764  -0.0227572508  -0.4616206192  -0.4615509782  -0.0128462501  -0.4616201487  -0.4615463138  -0.0045489615  -0.4615902214  -0.4615901653  -0.0246172737  -0.4616450734  -0.4615804172 
 -0.1112440356  -0.1112464805  -0.1112464799  -0.0114832201  -0.1046634485  -0.1054580690  -0.0033936201  -0.0769530911  -0.1110591209  -0.0002770346  -0.0844789730  -0.1116024591  -0.0227306288  -0.0876752702  -0.1068093679  -0.0128262500  -0.1043813040  -0.1018052411  -0.0045504267  -0.0792247275  -0.0842685590  -0.0245907219  -0.0911611865  -0.1098635694 
 -0.2907693558  -0.2907693558  -0.2906300422  -0.0127529736  -0.2906322231  -0.2905763834  -0.0033429946  -0.2906985850  -0.4183525131  -0.0002512082  -0.2907342275  -0.2906913521  -0.0244329393  -0.2905733069  -0.4182825920  -0.0141051329  -0.2906871952  -0.2906391904  -0.0044567325  -0.2906521380  -0.4070858387  -0.0262885448  -0.2906740155  -0.2905741618 
 -0.6892309233  -0.6892309233  -0.6892306395  -0.0115240164  -0.7193352576  -0.7713329499  -0.0033919936  -0.6404258463  -0.6404281612  -0.0002762048  -0.6893254746  -0.7190659893  -0.0227853229  -0.6526546944  -0.6580374027  -0.0128673396  -0.7705182815  -0.7703185860  -0.0045474164  -0.6452098202  -0.6455519379  -0.0246452718  -0.6589637882  -0.6655090935 
 -0.2907693558  -0.2907693558  -0.2902237346  -0.0143905243  -0.2904846176  -0.2903363473  -0.0032777049  -0.2906325138  -0.4168604058  -0.0002179008  -0.2907317932  -0.2905355519  -0.0266283415  -0.2903070839  -0.4140805559  -0.0157544576  -0.2905785043  -0.2902994033  -0.0043358988  -0.2906455632  -0.2902245431  -0.0284781596  -0.2905282052  -0.4139015842 
 -0.0134092257  -0.0132908824  -0.0132908832  -0.0102461716  -0.0135185153  -0.0135648112  -0.0028005603  -0.0102714636  -0.0102654120  -0.0002607451  -0.0069940601  -0.0069948054  -0.0111886316  -0.0111886862  -0.0135524279  -0.0103417017  -0.0103416842  -0.0144368616  -0.0028310786  -0.0103204192  -0.0102651103  -0.0111886027  -0.0111886027  -0.0135503268 
 -0.1902188434  -0.1902188416  -0.1901848025  -0.0090301518  -0.1899426746  -0.1899481741  -0.0034914249  -0.1902729278  -0.1899928918  -0.0003269294  -0.1421734816  -0.1419585440  -0.0194418930  -0.1899316639  -0.1899767974  -0.0103555442  -0.1900391088  -0.1908701967  -0.0047314368  -0.1473739412  -0.1693959647  -0.0213106558  -0.1905126154  -0.1899125310 
 -0.9813460781  -0.9813463593  -0.9813460512  -0.0098817584  -0.9812828907  -0.9812431964  -0.0034574710  -0.9812976825  -0.9812941134  -0.0003096079  -0.9813303840  -0.9813236934  -0.0205836098  -0.9812760703  -0.9812277227  -0.0112132738  -0.9812850502  -0.9812421609  -0.0046685974  -0.9812835502  -0.9812602636  -0.0224493628  -0.9812755980  -0.9812235523 
 -0.4617307508  -0.4617307518  -0.4617307518  -0.0120589935  -0.5754935102  -0.5865204252  -0.0033706639  -0.5973703883  -0.5968620463  -0.0002653235  -0.5151312863  -0.5964084218  -0.0235025464  -0.5964875433  -0.5963719742  -0.0134061631  -0.5771039723  -0.5964646927  -0.0045079408  -0.5950455340  -0.5967922690  -0.0253606046  -0.5968043704  -0.5619156025 
 -0.6892309233  -0.6892309233  -0.6892306395  -0.0086918295  -0.6891609280  -0.6890929070  -0.0035049139  -0.6891702408  -0.6891723348  -0.0003338108  -0.6891908722  -0.6891866483  -0.0189883171  -0.6891630906  -0.6890921681  -0.0100147894  -0.6891545621  -0.6890850773  -0.0047564014  -0.6891602570  -0.6891389222  -0.0208582756  -0.6891107682  -0.6891050144 
 -0.0149136681  -0.0149037544  -0.0149037534  -0.0089300735  -0.0132884830  -0.0132631669  -0.0028313991  -0.0122495584  -0.0120347388  -0.0002884565  -0.0065101084  -0.0065113377  -0.0095391414  -0.0095391414  -0.0146563248  -0.0091212769  -0.0091212757  -0.0132652381  -0.0025548413  -0.0119890836  -0.0122595889  -0.0095423181  -0.0095423181  -0.0132869688 
 -0.0232123057  -0.0232119257  -0.0232119257  -0.0124138823  -0.0204939963  -0.0203334333  -0.0030362355  -0.0110524074  -0.0110602798  -0.0002453898  -0.0092345794  -0.0092348253  -0.0146676336  -0.0146676355  -0.0203241321  -0.0127887696  -0.0127903528  -0.0203426582  -0.0030333003  -0.0030382075  -0.0110626306  -0.0146676391  -0.0146676391  -0.0203211231 
 -0.2176683720  -0.2176683705  -0.2176683705  -0.0108357950  -0.2179617848  -0.2179617848  -0.0034194332  -0.2245455277  -0.2245455277  -0.0002902031  -0.2162916947  -0.2162916947  -0.0218626506  -0.2320525103  -0.2320525103  -0.0121741699  -0.2340602929  -0.2340602929  -0.0045981997  -0.2120288267  -0.2120288267  -0.0237250318  -0.2128431127  -0.2128431127 
 -0.9813460781  -0.9813463593  -0.9813460512  -0.0125770829  -0.9812988375  -0.9812427375  -0.0033500074  -0.9813128022  -0.9812726497  -0.0002547857  -0.9813276831  -0.9813218635  -0.0241971293  -0.9812957039  -0.9812416292  -0.0139279776  -0.9812997894  -0.9812418485  -0.0044697114  -0.9812757972  -0.9812307885  -0.0260533564  -0.9812669857  -0.9812431492 
 -0.4617307508  -0.4617307518  -0.4617307129  -0.0123025416  -0.6081937770  -0.5271187361  -0.0033609535  -0.5903694485  -0.5590837650  -0.0002603698  -0.4484805447  -0.5589207498  -0.0238290622  -0.5590789399  -0.5590988221  -0.0136514624  -0.5590854876  -0.5590856348  -0.0044899696  -0.5964934321  -0.5590862142  -0.0256862596  -0.5590747069  -0.5590908554 
 -0.0088469898  -0.0088539803  -0.0088539803  -0.0073154919  -0.0073142368  -0.0092099007  -0.0028521419  -0.0034442294  -0.0034363013  -0.0003220800  -0.0082007233  -0.0081991676  -0.0075317809  -0.0092060983  -0.0092027699  -0.0073154842  -0.0073154843  -0.0092063862  -0.0028627211  -0.0028627305  -0.0034421094  -0.0075319400  -0.0075319401  -0.0092040184 
 -0.1639956202  -0.1639956211  -0.1629908850  -0.0088142509  -0.1894145287  -0.1885854678  -0.0035000329  -0.1301670898  -0.1306792667  -0.0003313207  -0.1273371886  -0.1615875106  -0.0191524429  -0.1948279389  -0.1953633386  -0.0101380910  -0.1957553384  -0.1896572987  -0.0047473680  -0.1542732870  -0.1542431993  -0.0210219687  -0.1632142087  -0.1860155021 
 -0.2974239312  -0.2974239320  -0.2974239320  -0.0089799032  -0.3107390825  -0.3107390825  -0.0034934283  -0.2973034930  -0.2973034930  -0.0003279514  -0.2975419724  -0.2975419724  -0.0193745266  -0.2972518827  -0.2972518827  -0.0103049343  -0.3109222237  -0.3109222237  -0.0047351447  -0.2976114343  -0.2976114343  -0.0212434669  -0.3112642504  -0.3112642504 
