 -0.6892309233  -0.6892309233  -0.6892306395  -0.0143764633  -0.6891235473  -0.6890619997  -0.0032782655  -0.6891545701  -0.6891018915  -0.0002181868  -0.6892043011  -0.6891867403  -0.0266094904  -0.6891046484  -0.6890642393  -0.0157402954  -0.6891312823  -0.6890631944  -0.0043369364  -0.6891343047  -0.6890486996  -0.0284593582  -0.6891453333  -0.6891139357 
 -0.6892309233  -0.6892309233  -0.6892306395  -0.0124008109  -0.6891175850  -0.6890851375  -0.0033570355  -0.6891563460  -0.6891077266  -0.0002583710  -0.6892029346  -0.6891859505  -0.0239608081  -0.6891381170  -0.6890653932  -0.0137504382  -0.6891475688  -0.6890803622  -0.0044827183  -0.6891319140  -0.6890474392  -0.0258176583  -0.6891395955  -0.6891036061 
 -0.3081676021  -0.3081676034  -0.3081676034  -0.0123006949  -0.2968033961  -0.2968033961  -0.0033610271  -0.3045275627  -0.3045275627  -0.0002604074  -0.3081600709  -0.3081600709  -0.0238265864  -0.2990680620  -0.2990680620  -0.0136496024  -0.3062656073  -0.3062656073  -0.0044901058  -0.3045151851  -0.3045151851  -0.0256837903  -0.2987632344  -0.2987632344 
 -0.2907693558  -0.2907693558  -0.3611528346  -0.0090040450  -0.4106134107  -0.4106955725  -0.0034924658  -0.4043119884  -0.3564229740  -0.0003274604  -0.4097054675  -0.4098349940  -0.0194068927  -0.3608730737  -0.3621661382  -0.0103292497  -0.4110639883  -0.4109785981  -0.0047333632  -0.3571543354  -0.3562941743  -0.0212757477  -0.3906286267  -0.4101304513 
 -0.0078030349  -0.0078022014  -0.0078022025  -0.0081503717  -0.0081472062  -0.0088195963  -0.0028535463  -0.0037427088  -0.0037438121  -0.0003064833  -0.0079692806  -0.0079691521  -0.0080421735  -0.0080421735  -0.0088212489  -0.0081500979  -0.0081500995  -0.0088211348  -0.0028769563  -0.0037330966  -0.0035026893  -0.0080602464  -0.0080602464  -0.0080658189 
 -0.4617307508  -0.4617307518  -0.4617307305  -0.0132363439  -0.3218140705  -0.6632612830  -0.0033237225  -0.5443403652  -0.6615242940  -0.0002413765  -0.5284793415  -0.5402192719  -0.0250809755  -0.6608781167  -0.6616684328  -0.0145919786  -0.6266679779  -0.6375535266  -0.0044210650  -0.5356252462  -0.6633196680  -0.0269348727  -0.6182062026  -0.6607401881 
 -0.6892309233  -0.6892309233  -0.6892306395  -0.0125770829  -0.6891478422  -0.6890875260  -0.0033500074  -0.6891552358  -0.6891062735  -0.0002547857  -0.6892032424  -0.6891855076  -0.0241971293  -0.6891396615  -0.6890682942  -0.0139279776  -0.6891473173  -0.6890820377  -0.0044697114  -0.6891299097  -0.6890447043  -0.0260533564  -0.6891405012  -0.6891042639 
 -0.0180606220  -0.0180482007  -0.0180481999  -0.0107684819  -0.0222811880  -0.0228945183  -0.0031061751  -0.0188721543  -0.0185025829  -0.0002650677  -0.0101452357  -0.0161126446  -0.0126877467  -0.0223289855  -0.0229181232  -0.0108902080  -0.0108991961  -0.0228637835  -0.0028738284  -0.0188642290  -0.0189588603  -0.0126873064  -0.0126873064  -0.0223049161 
 -0.1056138738  -0.1056138797  -0.1056142693  -0.0170568598  -0.0774475775  -0.1056303958  -0.0031713971  -0.0989533216  -0.1056349038  -0.0001636682  -0.0762410787  -0.1056249107  -0.0290036962  -0.1055908613  -0.1055927788  -0.0184399639  -0.0772508043  -0.0775373950  -0.0041391519  -0.0989297880  -0.1048357661  -0.0293846617  -0.1055954792  -0.1055944341 
 -0.1192307282  -0.1196618675  -0.1196618665  -0.0090301518  -0.1195105317  -0.1195632833  -0.0034914249  -0.1196261453  -0.1195368124  -0.0003269294  -0.0792529001  -0.0742643241  -0.0194418930  -0.1196282357  -0.1195061352  -0.0103555442  -0.1190346613  -0.1196378200  -0.0047314368  -0.0946570253  -0.1035319264  -0.0213106558  -0.1194979495  -0.1193395656 
 -0.0653512810  -0.0653512800  -0.0697845301  -0.0142115751  -0.0646191733  -0.0694373666  -0.0032848396  -0.0452224339  -0.0550532883  -0.0002215406  -0.0511656962  -0.0672063059  -0.0251835130  -0.0882867422  -0.0879575229  -0.0155742217  -0.0645703825  -0.0649541464  -0.0043491034  -0.0504044684  -0.0550578168  -0.0252778774  -0.0686934965  -0.0880697934 
 -0.2907693558  -0.2907693558  -0.3837682488  -0.0111038645  -0.4397910123  -0.4394238257  -0.0034087452  -0.3453412486  -0.3550376264  -0.0002847506  -0.3996643706  -0.3779141792  -0.0222220411  -0.3554920405  -0.3503237971  -0.0124441668  -0.4412869231  -0.4399888925  -0.0045784191  -0.3491644475  -0.3549833319  -0.0240834749  -0.3982608647  -0.3569134380 
 -0.0211274072  -0.0212173983  -0.0212173983  -0.0096841161  -0.0142724225  -0.0150342772  -0.0029708059  -0.0189714970  -0.0189502282  -0.0003126927  -0.0141582464  -0.0215525192  -0.0024406344  -0.0024434206  -0.0187910083  -0.0101096466  -0.0142019536  -0.0143329305  -0.0035349611  -0.0208605990  -0.0189110528  -0.0025760525  -0.0025760525  -0.0187157526 
 -0.9813460781  -0.9813463593  -0.9813460512  -0.0085089691  -0.9812951149  -0.9812476010  -0.0035122046  -0.9812907335  -0.9812646063  -0.0003375301  -0.9813261851  -0.9813204394  -0.0187431631  -0.9812964261  -0.9812057794  -0.0098306142  -0.9812904702  -0.9812352908  -0.0047698945  -0.9812715343  -0.9812096448  -0.0206137678  -0.9812884384  -0.9811927127 
 -0.9813460781  -0.9813463593  -0.9813460512  -0.0130390303  -0.9813587706  -0.9973786025  -0.0033315894  -0.9813670936  -0.9813849012  -0.0002453898  -0.9813404546  -0.9813367869  -0.0248164447  -0.9813451049  -0.9964044603  -0.0143932464  -0.9813530594  -0.9973227918  -0.0044356246  -0.9813558365  -0.9814583640  -0.0266710392  -0.9813670447  -0.9817833690 
 -0.0705320362  -0.0705320362  -0.0704352515  -0.0127293531  -0.0467166531  -0.0508648245  -0.0033439364  -0.0686874097  -0.0688651495  -0.0002516886  -0.0397907511  -0.0486109082  -0.0224922234  -0.0738824297  -0.0739293953  -0.0140813426  -0.0466385780  -0.0470302677  -0.0044584755  -0.0685037378  -0.0688564293  -0.0224900441  -0.0737708600  -0.0740059952 
 -0.2696118058  -0.2696118082  -0.2696118082  -0.0104807106  -0.2603015527  -0.2603015527  -0.0034335906  -0.2515912979  -0.2515912979  -0.0002974254  -0.2494765788  -0.2494765788  -0.0213866023  -0.2649777569  -0.2649777569  -0.0118165325  -0.2263313181  -0.2263313181  -0.0046244012  -0.2204741360  -0.2204741360  -0.0232502385  -0.2049725916  -0.2049725916 
 -0.2181202611  -0.2181202552  -0.2171083134  -0.0150794082  -0.2172520924  -0.2172876169  -0.0032502388  -0.2188104456  -0.2185836323  -0.0002038891  -0.2181151610  -0.2180842875  -0.0275519021  -0.2180912855  -0.2180705832  -0.0164482945  -0.2173268415  -0.2173427339  -0.0042850666  -0.2188433279  -0.2186764188  -0.0293992855  -0.2180712394  -0.2180710133 
 -0.9813460781  -0.9813463593  -0.9813460512  -0.0103966802  -0.9813080655  -0.9812450421  -0.0034369409  -0.9812904906  -0.9812702221  -0.0002991345  -0.9813285298  -0.9813210338  -0.0212739460  -0.9812871995  -0.9812058087  -0.0117318979  -0.9812874314  -0.9812401615  -0.0046306017  -0.9812740840  -0.9812200821  -0.0231378791  -0.9812829338  -0.9812008927 
 -0.1414464864  -0.1442998178  -0.1442998177  -0.0117104373  -0.1442932434  -0.1414432617  -0.0033845609  -0.1414523251  -0.1442596106  -0.0002724131  -0.1011987566  -0.0959402570  -0.0230352503  -0.1428707526  -0.1428932628  -0.0130551008  -0.1414468456  -0.1414470126  -0.0045336605  -0.0925840851  -0.1193232513  -0.0248945403  -0.1428947263  -0.1439976450 
 -0.0787560438  -0.0787560438  -0.0789270684  -0.0092466935  -0.0983961421  -0.0983458365  -0.0034827913  -0.0789108652  -0.0789223923  -0.0003225250  -0.0691708246  -0.0790497287  -0.0185771318  -0.0983385154  -0.0986050839  -0.0105736428  -0.0977294489  -0.0983474524  -0.0047154584  -0.0789163326  -0.0789826504  -0.0185723162  -0.0983357438  -0.0985727288 
 -0.0970339374  -0.0970338938  -0.0970413421  -0.0092623527  -0.0969944330  -0.0971429980  -0.0034821669  -0.0969962245  -0.0970459667  -0.0003222065  -0.0395067907  -0.0973199945  -0.0186454829  -0.0969648131  -0.0969923762  -0.0105894147  -0.0970448200  -0.0971325208  -0.0047143029  -0.0950047540  -0.0970467634  -0.0189657381  -0.0971462100  -0.0969537966 
 -0.4617307508  -0.4617307518  -0.4617309352  -0.0087413705  -0.4616194592  -0.4615736966  -0.0035029387  -0.4616681703  -0.4617773441  -0.0003328031  -0.4616924061  -0.4616867014  -0.0190547349  -0.4616196608  -0.4615480836  -0.0100646866  -0.4616382483  -0.4615934086  -0.0047527458  -0.4616530498  -0.4617302035  -0.0209245183  -0.4616362054  -0.4615996591 
 -0.0894567559  -0.0894567582  -0.0889242252  -0.0133934781  -0.0919148058  -0.0893881662  -0.0033174575  -0.0808746522  -0.0894071195  -0.0002381805  -0.0788709941  -0.0892485784  -0.0250761459  -0.0894212217  -0.0894554796  -0.0147502426  -0.0919190832  -0.0919030950  -0.0044094702  -0.0808891777  -0.0789211158  -0.0256258867  -0.0892063994  -0.0894040686 
 -0.3081425322  -0.3081425320  -0.3067572957  -0.0133934781  -0.3066089081  -0.3076843886  -0.0033174575  -0.3077339730  -0.3077298467  -0.0002381805  -0.3081474929  -0.3082547380  -0.0252916394  -0.3064736601  -0.3064757056  -0.0147502426  -0.3064892928  -0.3064756499  -0.0044094702  -0.3078814394  -0.3077329646  -0.0271449812  -0.3065538847  -0.3064956857 
 -0.3290035107  -0.3290035108  -0.3290035108  -0.0133375913  -0.3291513276  -0.3291513276  -0.0033196857  -0.3289878571  -0.3289878571  -0.0002393172  -0.2815902317  -0.2815902317  -0.0252167142  -0.3291166014  -0.3291166014  -0.0146939541  -0.2941337636  -0.2941337636  -0.0044135940  -0.3285165776  -0.3285165776  -0.0270702535  -0.3285167867  -0.3285167867 
 -0.1225343623  -0.1225343432  -0.1225343465  -0.0106837126  -0.1141303408  -0.0978836444  -0.0034254968  -0.1002690264  -0.1090589598  -0.0002932964  -0.0976927720  -0.0977062266  -0.0216587594  -0.1077262860  -0.0870972944  -0.0120209940  -0.1182499884  -0.1211356718  -0.0046094218  -0.1225252543  -0.1225289288  -0.0235216781  -0.1077182994  -0.1225359746 
 -0.0184761913  -0.0184799292  -0.0184799292  -0.0120810345  -0.0167667349  -0.0167843395  -0.0027652709  -0.0104370553  -0.0085076583  -0.0002483278  -0.0070301844  -0.0070382934  -0.0141622808  -0.0141630088  -0.0167062005  -0.0124495520  -0.0124539797  -0.0167843792  -0.0029020130  -0.0108353329  -0.0085094027  -0.0141622937  -0.0141622937  -0.0167152093 
 -0.2743639328  -0.2743639364  -0.2743428136  -0.0090464615  -0.2742892974  -0.2742906046  -0.0034907746  -0.2744999543  -0.2743675205  -0.0003265976  -0.2749339707  -0.2747746891  -0.0194637588  -0.2742098455  -0.2742275867  -0.0103719711  -0.2743475427  -0.2743414758  -0.0047302334  -0.2748509101  -0.2747674026  -0.0213324639  -0.2742895954  -0.2742988407 
 -0.2907693558  -0.2907693558  -0.2906966306  -0.0098095804  -0.2906849144  -0.2906503139  -0.0034603488  -0.2906806143  -0.3185243784  -0.0003110760  -0.2907358469  -0.2905935414  -0.0204868435  -0.2906835240  -0.2906635895  -0.0111405769  -0.2906711147  -0.2906584477  -0.0046739234  -0.2906596469  -0.3726527907  -0.0223528516  -0.2907015318  -0.2907142993 
 -0.4617307508  -0.4617307518  -0.4617307775  -0.0106632282  -0.4616411509  -0.4615845256  -0.0034263135  -0.4616405471  -0.4616006613  -0.0002937130  -0.4616986842  -0.4616546767  -0.0216312967  -0.4616656792  -0.4615943695  -0.0120003623  -0.4616459025  -0.4616185788  -0.0046109333  -0.4616014306  -0.4615461566  -0.0234942878  -0.4616688189  -0.4616281726 
 -0.2907693558  -0.2907693558  -0.2906271282  -0.0131019565  -0.3024254644  -0.3027123936  -0.0033290805  -0.2906589177  -0.2906312443  -0.0002441099  -0.2907513527  -0.4068255551  -0.0249008075  -0.2907333031  -0.2907050816  -0.0144566251  -0.3605868855  -0.3604327918  -0.0044309813  -0.2906435729  -0.3602593347  -0.0267551796  -0.4130328337  -0.3007742903 
 -0.9813460781  -0.9813463593  -0.9813460512  -0.0097300963  -1.0524585259  -1.0524685922  -0.0034635178  -1.0451559515  -0.9525539899  -0.0003126927  -0.9814437245  -0.9814531530  -0.0203802822  -1.0196940369  -1.0528683000  -0.0110605213  -1.0524670580  -1.0528560818  -0.0046797884  -1.0453881266  -0.9529286250  -0.0222465712  -1.0528374299  -1.0528521388 
 -0.6892309233  -0.6892309233  -0.6892306395  -0.0090464615  -0.7115131230  -0.7113273853  -0.0034907746  -0.7835687448  -0.7835809584  -0.0003265976  -0.6892034096  -0.6892760112  -0.0194637588  -0.7480772561  -0.7480742551  -0.0103719711  -0.7488827419  -0.7488775319  -0.0047302334  -0.7682334293  -0.7760849434  -0.0213324639  -0.7480908429  -0.7480807918 
 -0.0253701287  -0.0253701177  -0.0253791040  -0.0083510166  -0.0398291233  -0.0398601605  -0.0035185022  -0.0238375015  -0.0238372499  -0.0003407428  -0.0254184449  -0.0254248665  -0.0161093092  -0.0518148173  -0.0237067262  -0.0096715261  -0.0281611963  -0.0357675360  -0.0047815497  -0.0238313744  -0.0250430351  -0.0161124058  -0.0513079945  -0.0508848284 
 -0.4617307508  -0.4617307518  -0.4617307518  -0.0111038645  -0.5743211958  -0.6056754951  -0.0034087452  -0.4962301794  -0.5265428794  -0.0002847506  -0.5726066075  -0.5719787313  -0.0222220411  -0.5187198224  -0.5243152033  -0.0124441668  -0.5743319113  -0.6056746134  -0.0045784191  -0.5203719147  -0.5245014397  -0.0240834749  -0.5213838063  -0.5223542958 
 -0.1622187108  -0.1622187113  -0.1621971090  -0.0092638720  -0.1572703769  -0.1593253186  -0.0034821064  -0.1276105839  -0.1279607439  -0.0003221756  -0.1409876416  -0.1599834584  -0.0197552329  -0.1625656355  -0.1653424746  -0.0105909449  -0.1618679498  -0.1618666476  -0.0047141908  -0.1615606837  -0.1616578867  -0.0216231696  -0.1502818769  -0.1509983006 
 -0.0833334914  -0.0833334914  -0.0832350798  -0.0141631829  -0.0709461535  -0.0834026294  -0.0032867691  -0.0780175979  -0.0826194735  -0.0002225249  -0.0825493966  -0.0834119817  -0.0244619708  -0.0833369491  -0.0833874387  -0.0155254815  -0.0709475403  -0.0794655594  -0.0043526742  -0.0780723168  -0.0825521077  -0.0244545858  -0.0827052807  -0.0833859488 
 -0.1133111411  -0.1133083941  -0.1133083966  -0.0111038645  -0.1204804391  -0.1038986369  -0.0034087452  -0.0759262564  -0.0946763952  -0.0002847506  -0.0853610989  -0.1134363895  -0.0222220411  -0.1222205522  -0.1153686142  -0.0124441668  -0.1075317740  -0.1124642861  -0.0045784191  -0.0853621872  -0.0853610080  -0.0240834749  -0.1222778594  -0.0944967577 
 -0.1405826090  -0.1407643673  -0.1445800815  -0.0118451508  -0.1429138046  -0.1429118296  -0.0033791898  -0.1392729017  -0.1408176523  -0.0002696730  -0.1401012669  -0.1445580447  -0.0232158556  -0.1429181047  -0.1314677349  -0.0131907829  -0.1390054783  -0.1444928452  -0.0045237201  -0.1279909086  -0.1445597883  -0.0250746695  -0.1429189214  -0.1406446942 
 -0.0389764298  -0.0389764282  -0.0607295964  -0.0094875655  -0.0474394632  -0.0601942053  -0.0034731876  -0.0357260144  -0.0360555934  -0.0003176257  -0.0306838295  -0.0338254770  -0.0180487103  -0.0606420322  -0.0605622075  -0.0108162467  -0.0486523044  -0.0550762529  -0.0046976846  -0.0352244371  -0.0312734459  -0.0180849424  -0.0607163160  -0.0606277881 
 -0.4617307508  -0.4617307518  -0.4617307518  -0.0084169385  -0.5173987834  -0.5169092797  -0.0035158739  -0.5492243469  -0.5496557524  -0.0003394020  -0.5168263568  -0.5491795442  -0.0186197812  -0.5491608191  -0.5496203616  -0.0097379220  -0.5169359181  -0.5238015179  -0.0047766854  -0.5496710628  -0.5496410848  -0.0204907112  -0.5491809751  -0.5496639352 
 -0.0459339433  -0.0459339402  -0.0459350682  -0.0107802819  -0.0365201066  -0.0350977724  -0.0034216466  -0.0289510372  -0.0289877779  -0.0002913322  -0.0153155989  -0.0384175046  -0.0196705248  -0.0573446328  -0.0575728041  -0.0121182576  -0.0350796892  -0.0350915305  -0.0046022960  -0.0303797245  -0.0289881444  -0.0196627340  -0.0569579549  -0.0578590299 
 -0.1311833583  -0.1311224974  -0.1311224974  -0.0097763819  -0.1309943227  -0.1310141590  -0.0034616724  -0.1310463401  -0.1310912086  -0.0003117512  -0.0977869932  -0.1310824534  -0.0204423354  -0.1310716774  -0.1311062689  -0.0111071396  -0.1309700609  -0.1309992930  -0.0046763731  -0.1310906276  -0.1310430957  -0.0223084608  -0.1309724230  -0.1310281438 
 -0.0326244065  -0.0326267109  -0.0326267109  -0.0129641994  -0.0320297419  -0.0320291438  -0.0032447253  -0.0135187634  -0.0135185849  -0.0002413765  -0.0129643382  -0.0129642426  -0.0163909997  -0.0163909997  -0.0320352210  -0.0132624405  -0.0320381257  -0.0320398089  -0.0036931128  -0.0134955445  -0.0135185110  -0.0164649230  -0.0164649230  -0.0164740411 
 -0.0113302482  -0.0113306948  -0.0113306945  -0.0077662950  -0.0079002309  -0.0088641356  -0.0025627839  -0.0112817192  -0.0113312180  -0.0003053210  -0.0091671499  -0.0091752975  -0.0084233189  -0.0084233189  -0.0088555800  -0.0077659979  -0.0077659984  -0.0088579450  -0.0028071761  -0.0113324218  -0.0113317414  -0.0084918410  -0.0084918410  -0.0085013136 
 -0.0341330283  -0.0340789835  -0.0340789831  -0.0170088985  -0.0341745091  -0.0341538794  -0.0031586411  -0.0074437331  -0.0341757743  -0.0001636682  -0.0341469326  -0.0341641420  -0.0225205853  -0.0225205853  -0.0341573591  -0.0179902559  -0.0341635088  -0.0341147925  -0.0035013155  -0.0035013373  -0.0341779864  -0.0225453127  -0.0225453127  -0.0226737436 
 -0.0869560514  -0.0869560131  -0.0869731663  -0.0114722936  -0.0870133960  -0.0868894196  -0.0033940558  -0.0812331518  -0.0875978792  -0.0002772568  -0.0486382124  -0.0547644693  -0.0214609184  -0.0869495874  -0.0869805984  -0.0128152449  -0.0820963181  -0.0870636894  -0.0045512330  -0.0464222267  -0.0782903487  -0.0210874552  -0.0869608406  -0.0869115937 
 -0.9813460781  -0.9813463593  -0.9813460512  -0.0097300963  -1.0524585259  -1.0524685922  -0.0034635178  -1.0451559515  -0.9525539899  -0.0003126927  -0.9814437245  -0.9814531530  -0.0203802822  -1.0196940369  -1.0528683000  -0.0110605213  -1.0524670580  -1.0528560818  -0.0046797884  -1.0453881266  -0.9529286250  -0.0222465712  -1.0528374299  -1.0528521388 
 -0.9813460781  -0.9813463593  -0.9813460512  -0.0096234338  -0.9813907405  -0.9999871048  -0.0034677705  -0.9814251574  -0.9815017567  -0.0003148622  -0.9813458767  -0.9813391185  -0.0202372837  -0.9813734821  -0.9978145700  -0.0109530918  -0.9814338029  -0.9997844949  -0.0046876590  -0.9814524920  -0.9814688814  -0.0221039497  -0.9813343514  -0.9974477685 
 -0.9813460781  -0.9813463593  -0.9813460512  -0.0117820361  -0.9814385716  -0.9948407966  -0.0033817062  -0.9813324554  -0.9813361881  -0.0002709568  -0.9813477286  -0.9813424535  -0.0231312402  -0.9814704757  -0.9827917313  -0.0131272145  -0.9814186133  -0.9949322473  -0.0045283773  -0.9813337717  -0.9813511011  -0.0249902772  -0.9814268776  -0.9949040744 
 -0.2290612947  -0.2290612952  -0.2076960994  -0.0082641934  -0.2291651057  -0.2292311073  -0.0035219639  -0.1860869610  -0.1777239747  -0.0003425088  -0.2016866434  -0.2016907436  -0.0184150016  -0.2284312160  -0.2284413064  -0.0095840786  -0.2016013350  -0.2020326827  -0.0047879564  -0.1809903990  -0.1810498315  -0.0202864714  -0.2295194620  -0.2294585315 
 -0.0812321673  -0.0812321673  -0.0811310432  -0.0141382862  -0.0738811736  -0.0813866214  -0.0032877617  -0.0805049895  -0.0818623798  -0.0002230313  -0.0819702460  -0.0813674210  -0.0244107497  -0.0812456804  -0.0812895493  -0.0155004059  -0.0695524059  -0.0768190605  -0.0043545113  -0.0759416347  -0.0811863866  -0.0244090150  -0.0805903523  -0.0812956226 
 -0.3104828217  -0.3104828242  -0.3104828242  -0.0104139410  -0.1680937108  -0.1680937108  -0.0034362527  -0.3085112548  -0.3085112548  -0.0002987835  -0.3103393697  -0.3103393697  -0.0212970868  -0.3103915672  -0.3103915672  -0.0117492827  -0.3026614286  -0.3026614286  -0.0046293280  -0.3104885832  -0.3104885832  -0.0231609589  -0.3100216062  -0.3100216062 
 -0.1598308439  -0.1598308424  -0.1586354247  -0.0088591622  -0.1219995843  -0.1232357987  -0.0034982423  -0.1614311403  -0.1590255821  -0.0003304073  -0.1636515626  -0.1635965093  -0.0192126538  -0.1700735171  -0.1723594699  -0.0101833252  -0.1226564314  -0.1226579190  -0.0047440540  -0.1645900952  -0.1644699973  -0.0210820208  -0.1198239886  -0.1198214821 
 -0.0668540046  -0.0668540050  -0.0669394685  -0.0123936023  -0.0434612146  -0.0527187624  -0.0033573229  -0.0661460643  -0.0669279172  -0.0002585177  -0.0252972261  -0.0401924065  -0.0218453069  -0.0669086623  -0.0668203531  -0.0137431777  -0.0440885260  -0.0527001416  -0.0044832503  -0.0641409638  -0.0661509106  -0.0218388563  -0.0669224406  -0.0668147997 
 -0.9813460781  -0.9813463593  -0.9813460512  -0.0124008109  -0.9812994925  -0.9812425514  -0.0033570355  -0.9813129071  -0.9812733566  -0.0002583710  -0.9813277216  -0.9813215042  -0.0239608081  -0.9812950640  -0.9812391486  -0.0137504382  -0.9813002963  -0.9812412092  -0.0044827183  -0.9812754821  -0.9812319564  -0.0258176583  -0.9812671439  -0.9812413380 
 -0.4617307508  -0.4617307518  -0.4617309819  -0.0088142509  -0.6539725110  -0.6550817486  -0.0035000329  -0.5883136397  -0.6130288188  -0.0003313207  -0.5933459482  -0.6007395667  -0.0191524429  -0.6553911441  -0.5723756232  -0.0101380910  -0.6532710797  -0.6549552727  -0.0047473680  -0.5590536039  -0.6327662760  -0.0210219687  -0.6533085544  -0.6556564245 
 -0.6892309233  -0.6892309233  -0.6892306395  -0.0117241888  -0.6890836082  -0.6889664745  -0.0033840126  -0.6891494992  -0.6891015319  -0.0002721334  -0.6891901044  -0.6891847759  -0.0230536864  -0.6889973370  -0.6889650578  -0.0130689512  -0.6890930809  -0.6889852650  -0.0045326458  -0.6891295042  -0.6890483414  -0.0249129279  -0.6890641487  -0.6890458148 
 -0.4617307508  -0.4617307518  -0.4617305598  -0.0118049243  -0.5951537167  -0.5951396396  -0.0033807937  -0.4265287136  -0.4989068750  -0.0002704912  -0.5067289945  -0.4926929311  -0.0231619255  -0.4702110491  -0.5445286885  -0.0131502672  -0.5951732204  -0.5951722735  -0.0045266884  -0.4261924172  -0.4924489652  -0.0250208816  -0.4910201758  -0.5461664273 
 -0.6892309233  -0.6892309233  -0.6892306395  -0.0087413705  -0.6891512720  -0.6890809264  -0.0035029387  -0.6891775205  -0.6891385109  -0.0003328031  -0.6891906688  -0.6891857870  -0.0190547349  -0.6891495973  -0.6890798468  -0.0100646866  -0.6891443322  -0.6891071558  -0.0047527458  -0.6891432304  -0.6891121437  -0.0209245183  -0.6891364864  -0.6890994211 
 -0.2288960504  -0.2288960541  -0.2289027466  -0.0133541945  -0.2288845165  -0.2288661464  -0.0033190237  -0.2304703393  -0.2304452375  -0.0002389795  -0.1737133167  -0.1762532116  -0.0252389734  -0.2288829405  -0.2288692700  -0.0147106766  -0.2288385392  -0.2287276943  -0.0044123689  -0.2305909420  -0.2310397308  -0.0270924541  -0.2288923898  -0.2288422931 
 -0.2907693558  -0.2907693558  -0.2907350039  -0.0126384848  -0.2906562582  -0.2906185118  -0.0033475593  -0.2906483962  -0.2906797183  -0.0002535368  -0.2907294497  -0.2907064962  -0.0242794484  -0.2906457290  -0.2906068116  -0.0139898209  -0.2906555303  -0.2906059639  -0.0044651806  -0.2906456644  -0.2906816649  -0.0261354586  -0.2906791834  -0.2906448841 
 -0.2648078350  -0.2648078011  -0.2648087381  -0.0120589935  -0.2648015357  -0.2647953977  -0.0033706639  -0.2648397475  -0.2648199387  -0.0002653235  -0.2647806518  -0.2647918662  -0.0235025464  -0.2648426205  -0.2648466627  -0.0134061631  -0.2648430319  -0.2648344916  -0.0045079408  -0.2648641860  -0.2648449072  -0.0253606046  -0.2647907834  -0.2647763229 
 -0.4617307508  -0.4617307518  -0.4617307439  -0.0094974966  -0.4616257711  -0.4615928545  -0.0034727917  -0.4616844531  -0.4616972654  -0.0003174237  -0.4616941436  -0.4616863689  -0.0200684445  -0.4616609741  -0.4616154231  -0.0108262492  -0.4616441487  -0.4616342212  -0.0046969518  -0.4616652438  -0.4616840705  -0.0219355555  -0.4616447422  -0.4616225296 
 -0.1076968772  -0.1000340954  -0.1000340954  -0.0106636384  -0.1048275110  -0.0843103949  -0.0034262972  -0.0831671349  -0.0755275352  -0.0002937047  -0.0767666424  -0.0759351098  -0.0216318467  -0.1075059431  -0.1063574358  -0.0120007756  -0.1050691247  -0.1004792871  -0.0046109030  -0.0774020129  -0.0755255457  -0.0234948364  -0.1075014222  -0.1063655626 
 -0.9813460781  -0.9813463593  -0.9813460512  -0.0124970624  -0.9812934615  -0.9812349567  -0.0033531979  -0.9812924886  -0.9812706757  -0.0002564133  -0.9813290648  -0.9813226720  -0.0240898489  -0.9812571408  -0.9812107790  -0.0138473818  -0.9812725302  -0.9812357211  -0.0044756160  -0.9812789522  -0.9812315986  -0.0259463588  -0.9812603307  -0.9812144848 
 -0.9813460781  -0.9813463593  -0.9813460512  -0.0084271691  -0.9814098900  -0.9997729298  -0.0035154660  -0.9814357447  -0.9815207234  -0.0003391939  -0.9813566805  -0.9813532344  -0.0186334969  -0.9813622849  -0.9984812674  -0.0097482261  -0.9814243612  -0.9996487230  -0.0047759305  -0.9814059289  -0.8338658622  -0.0205043907  -0.9813686244  -0.8294389368 
 -0.0144043738  -0.0144046675  -0.0144046662  -0.0088756083  -0.0111604611  -0.0099483739  -0.0028688941  -0.0146286084  -0.0143601170  -0.0002904519  -0.0070173689  -0.0076790264  -0.0092000869  -0.0092000869  -0.0089956989  -0.0088170220  -0.0088170221  -0.0099484214  -0.0026306948  -0.0146388747  -0.0147198090  -0.0090024843  -0.0090024843  -0.0113058644 
 -0.4617307508  -0.4617307518  -0.4617307775  -0.0106632282  -0.4616411509  -0.4615845256  -0.0034263135  -0.4616405471  -0.4616006613  -0.0002937130  -0.4616986842  -0.4616546767  -0.0216312967  -0.4616656792  -0.4615943695  -0.0120003623  -0.4616459025  -0.4616185788  -0.0046109333  -0.4616014306  -0.4615461566  -0.0234942878  -0.4616688189  -0.4616281726 
 -0.1570415029  -0.1570841529  -0.1570023564  -0.0097300963  -0.1952924247  -0.2047240091  -0.0034635178  -0.1866469774  -0.1866502823  -0.0003126927  -0.1569242525  -0.1831237378  -0.0203802822  -0.2045307667  -0.2047025291  -0.0110605213  -0.2045479286  -0.2046479982  -0.0046797884  -0.1830796732  -0.1830617529  -0.0222465712  -0.2043512190  -0.2046517789 
 -0.4617307508  -0.4617307518  -0.4617307518  -0.0089157427  -0.2406136469  -0.5932205783  -0.0034959864  -0.4781435338  -0.5195993604  -0.0003292564  -0.4617835444  -0.4452103782  -0.0192885091  -0.4778786176  -0.4782970187  -0.0102403125  -0.5934405501  -0.5932978100  -0.0047398790  -0.4460582462  -0.5189570835  -0.0211576762  -0.4778629172  -0.4781648999 
 -0.9813460781  -0.9813463593  -0.9813460512  -0.0086529671  -0.9813135033  -0.9812502025  -0.0035064634  -0.9813051184  -0.9813002931  -0.0003346012  -0.9813274316  -0.9813207385  -0.0189362158  -0.9812977185  -0.9812484533  -0.0099756476  -0.9812935069  -0.9812429773  -0.0047592690  -0.9812841226  -0.9812238340  -0.0208063116  -0.9812894842  -0.9812004887 
 -0.2907693558  -0.2907693558  -0.4279039925  -0.0120715691  -0.4158563271  -0.4295521927  -0.0033701625  -0.4280837368  -0.3320643247  -0.0002650677  -0.3980256610  -0.3798922938  -0.0235194060  -0.4292088513  -0.4291930651  -0.0134188291  -0.3973082431  -0.4054878425  -0.0045070129  -0.4300116580  -0.3582011297  -0.0253774198  -0.4295128113  -0.4298616858 
 -0.6892309233  -0.6892309233  -0.6892306395  -0.0088928180  -0.7688455333  -0.7686493376  -0.0034969004  -0.6893430680  -0.7477020946  -0.0003297227  -0.6892315852  -0.6892730624  -0.0192577748  -0.7395033962  -0.7394999848  -0.0102172230  -0.7689075396  -0.7685206386  -0.0047415706  -0.7485110861  -0.7506450857  -0.0211270229  -0.7391406295  -0.7391486335 
 -0.9813460781  -0.9813463593  -0.9813460512  -0.0143905243  -0.9812837270  -0.9812312216  -0.0032777049  -0.9812917484  -0.9812740950  -0.0002179008  -0.9813288204  -0.9813224839  -0.0266283415  -0.9812431868  -0.9811556035  -0.0157544576  -0.9812647920  -0.9812010216  -0.0043358988  -0.9812790753  -0.9812404814  -0.0284781596  -0.9812496273  -0.9811628813 
 -0.3606267537  -0.3606267520  -0.3606267520  -0.0132363439  -0.3728101215  -0.3728101215  -0.0033237225  -0.3279310029  -0.3279310029  -0.0002413765  -0.3275863076  -0.3275863076  -0.0250809755  -0.3724438631  -0.3724438631  -0.0145919786  -0.3110791133  -0.3110791133  -0.0044210650  -0.3258270200  -0.3258270200  -0.0269348727  -0.3725957418  -0.3725957418 
 -0.0852503544  -0.0852503588  -0.0852527784  -0.0111401326  -0.0852414225  -0.0852224858  -0.0034072992  -0.0834828373  -0.0852428319  -0.0002840129  -0.0834500005  -0.0852454421  -0.0197531988  -0.0852235593  -0.0852088051  -0.0124806957  -0.0805879103  -0.0852577205  -0.0045757429  -0.0834437150  -0.0834879108  -0.0200626871  -0.0852066846  -0.0851749719 
 -0.1855259400  -0.1855259382  -0.1809720631  -0.0123859710  -0.1634758581  -0.1657980975  -0.0033576271  -0.1806385529  -0.1815640538  -0.0002586729  -0.1725077950  -0.1470643599  -0.0239409128  -0.1809890458  -0.1772267157  -0.0137354916  -0.1746889027  -0.1680640557  -0.0044838134  -0.1656393419  -0.1670560492  -0.0257978154  -0.1855704592  -0.1853599182 
 -0.1775650909  -0.1775650849  -0.1775438746  -0.0106721608  -0.1609750381  -0.1451671745  -0.0034259574  -0.1609665504  -0.1606447139  -0.0002935313  -0.1205190777  -0.1205577768  -0.0216432723  -0.1756749632  -0.1756849926  -0.0120093592  -0.1192728144  -0.1192452551  -0.0046102742  -0.1589444452  -0.1579404617  -0.0235062319  -0.1661484696  -0.1775675854 
 -0.2040062811  -0.2040062809  -0.2039948030  -0.0143015256  -0.2039522032  -0.2036614945  -0.0032812533  -0.2037882369  -0.2040976993  -0.0002197110  -0.2040259799  -0.2040501877  -0.0265090243  -0.2039605439  -0.2039777973  -0.0156648189  -0.2034983992  -0.2035681632  -0.0043424660  -0.2040255484  -0.2040018912  -0.0283591569  -0.2040379981  -0.2040308037 
 -0.2958300707  -0.2958300705  -0.2958300705  -0.0096955236  -0.3028336739  -0.3028336739  -0.0034648963  -0.3015175743  -0.3015175743  -0.0003133959  -0.2952333241  -0.2952333241  -0.0203339318  -0.2947527916  -0.2947527916  -0.0110257000  -0.3028865779  -0.3028865779  -0.0046823395  -0.3023818607  -0.3023818607  -0.0222003430  -0.2947137700  -0.2947137700 
 -0.2014579088  -0.2014579133  -0.1953934585  -0.0107245089  -0.2279895132  -0.2190213395  -0.0034238702  -0.1966950959  -0.1986834158  -0.0002924666  -0.1981574199  -0.1981203353  -0.0217134534  -0.2125625418  -0.2125547859  -0.0120620837  -0.2084287689  -0.2056799141  -0.0046064115  -0.1922209243  -0.1964137599  -0.0235762280  -0.1938211640  -0.1900063880 
 -0.1749841619  -0.1773427069  -0.1773427121  -0.0141325475  -0.1684903579  -0.1683818297  -0.0032879905  -0.1788833700  -0.1784636503  -0.0002231480  -0.1750383824  -0.1750145948  -0.0262824818  -0.1772975672  -0.1773203373  -0.0154946259  -0.1750161561  -0.1749037960  -0.0043549348  -0.1790774934  -0.1791099124  -0.0281332116  -0.1757236771  -0.1773179319 
 -0.9813460781  -0.9813463593  -0.9813460512  -0.0125770829  -0.9812988375  -0.9812427375  -0.0033500074  -0.9813128022  -0.9812726497  -0.0002547857  -0.9813276831  -0.9813218635  -0.0241971293  -0.9812957039  -0.9812416292  -0.0139279776  -0.9812997894  -0.9812418485  -0.0044697114  -0.9812757972  -0.9812307885  -0.0260533564  -0.9812669857  -0.9812431492 
 -0.0938706909  -0.0938690138  -0.0938690138  -0.0089157427  -0.1013933120  -0.1020234576  -0.0034959864  -0.0901822170  -0.0939227737  -0.0003292564  -0.0938614024  -0.0916280272  -0.0192885091  -0.1082555473  -0.0978994617  -0.0102403125  -0.1052404323  -0.1009965337  -0.0047398790  -0.0805299621  -0.0873842194  -0.0211576762  -0.1122248842  -0.0992415373 
 -0.0873302911  -0.0873302911  -0.0873343870  -0.0133149110  -0.0919162016  -0.0919067711  -0.0033205900  -0.0862874186  -0.0873388249  -0.0002397785  -0.0859238270  -0.0865978052  -0.0249569903  -0.0870925336  -0.0871090381  -0.0146711106  -0.0919171419  -0.0918998080  -0.0044152676  -0.0739473956  -0.0874370510  -0.0252812061  -0.0872231386  -0.0876681773 
 -0.0262740255  -0.0262710199  -0.0262710268  -0.0133358327  -0.0312399828  -0.0312360732  -0.0032613560  -0.0264546775  -0.0264217051  -0.0002381805  -0.0174324997  -0.0266151867  -0.0177493716  -0.0177493718  -0.0312353867  -0.0136550103  -0.0312617598  -0.0312414476  -0.0030842680  -0.0265746133  -0.0265745429  -0.0177492376  -0.0177492376  -0.0177798104 
 -0.2907693558  -0.2907693558  -0.4866979653  -0.0126230131  -0.4884192023  -0.4885627821  -0.0033481762  -0.4872071841  -0.4876099734  -0.0002538515  -0.3620035164  -0.4880906964  -0.0242587061  -0.4869133581  -0.4883653013  -0.0139742380  -0.4883724675  -0.4885796634  -0.0044663222  -0.4763432853  -0.4885219340  -0.0261147709  -0.4886053874  -0.4869670190 
 -0.3951098521  -0.3951098569  -0.3951098569  -0.0092466935  -0.3959510646  -0.3959510646  -0.0034827913  -0.3958896164  -0.3958896164  -0.0003225250  -0.3959471748  -0.3959471748  -0.0197322023  -0.3959197212  -0.3959197212  -0.0105736428  -0.3959298558  -0.3959298558  -0.0047154584  -0.3954480076  -0.3954480076  -0.0216001997  -0.3958612152  -0.3958612152 
 -0.3364010266  -0.3364010289  -0.3364010289  -0.0141218149  -0.3365228647  -0.3365228647  -0.0032884184  -0.3368358169  -0.3368358169  -0.0002233663  -0.3364031590  -0.3364031590  -0.0262680930  -0.3368704847  -0.3368704847  -0.0154838162  -0.3363089511  -0.3363089511  -0.0043557267  -0.3368362242  -0.3368362242  -0.0281188608  -0.3379277596  -0.3379277596 
 -0.0723175821  -0.0723175895  -0.0723080911  -0.0143917562  -0.0474633670  -0.0589183205  -0.0032776558  -0.0676100790  -0.0711574285  -0.0002178757  -0.0361381976  -0.0731305955  -0.0245417883  -0.0723428374  -0.0723614944  -0.0157556983  -0.0468260686  -0.0468562989  -0.0043358079  -0.0676199060  -0.0711377504  -0.0245405032  -0.0245676273  -0.0723825037 
 -0.1945589945  -0.1945589500  -0.1945685415  -0.0100749760  -0.1946114693  -0.1947834268  -0.0034497674  -0.1947847398  -0.1948470192  -0.0003056779  -0.1573959068  -0.1798671347  -0.0208426493  -0.1945576030  -0.1945744258  -0.0114078807  -0.1947881307  -0.1948004829  -0.0046543400  -0.1946776009  -0.1946595903  -0.0227077194  -0.1948164637  -0.1947965582 
 -0.1806246776  -0.1806246759  -0.1805697779  -0.0124740638  -0.1549911835  -0.1781783748  -0.0033541148  -0.1668489152  -0.1623341051  -0.0002568811  -0.1525402131  -0.1780533290  -0.0240590155  -0.1534937111  -0.1676274312  -0.0138242178  -0.1781587790  -0.1766603763  -0.0044773131  -0.1460469941  -0.1546492224  -0.0259156068  -0.1539141533  -0.1682067627 
 -0.1833946386  -0.1833946429  -0.1833946429  -0.0086918295  -0.2088306036  -0.2088306036  -0.0035049139  -0.2018671876  -0.2018671876  -0.0003338108  -0.2034570512  -0.2034570512  -0.0189883171  -0.1901495341  -0.1901495341  -0.0100147894  -0.2731226321  -0.2731226321  -0.0047564014  -0.1832347951  -0.1832347951  -0.0208582756  -0.2257799011  -0.2257799011 
 -0.2500601134  -0.2502832038  -0.2502832038  -0.0123831100  -0.2657583243  -0.2657583243  -0.0033577412  -0.2699844138  -0.2699844138  -0.0002587311  -0.2579403226  -0.2579403226  -0.0239370772  -0.2638549102  -0.2638549102  -0.0137326100  -0.2559802928  -0.2559802928  -0.0044840245  -0.2741759050  -0.2741759050  -0.0257939899  -0.2747078460  -0.2747078460 
 -0.9813460781  -0.9813463593  -0.9813460512  -0.0085389426  -0.9813607757  -0.9965014205  -0.0035110096  -0.9813236032  -0.9813251974  -0.0003369204  -0.9813533783  -0.9813478482  -0.0187833474  -0.9813420818  -0.9814547051  -0.0098608032  -0.9813624556  -0.9969305425  -0.0047676828  -0.9813327675  -0.9813747697  -0.0206538462  -0.9813491373  -0.9814619682 
 -0.4617307508  -0.4617307518  -0.4617307054  -0.0088237418  -0.5326921882  -0.5313247860  -0.0034996545  -0.5454704553  -0.5446652798  -0.0003311277  -0.5275543877  -0.5431055632  -0.0191651669  -0.5386615606  -0.5383299738  -0.0101476501  -0.5325007627  -0.5324867445  -0.0047466677  -0.5431309915  -0.5436491075  -0.0210346592  -0.5386400636  -0.5380086397 
 -0.2914557441  -0.2914557450  -0.2914557450  -0.0097763819  -0.2989152051  -0.2989152051  -0.0034616724  -0.2964988199  -0.2964988199  -0.0003117512  -0.2990501285  -0.2990501285  -0.0204423354  -0.2905206347  -0.2905206347  -0.0111071396  -0.1681206709  -0.1681206709  -0.0046763731  -0.2990501173  -0.2990501173  -0.0223084608  -0.3055169764  -0.3055169764 
 -0.0741437259  -0.0741438067  -0.0706812044  -0.0097287300  -0.0741491054  -0.0741616510  -0.0034635723  -0.0726903615  -0.0712847314  -0.0003127205  -0.0258337412  -0.0715764943  -0.0180854403  -0.0742003249  -0.0740920785  -0.0110591451  -0.0729290043  -0.0741615586  -0.0046798893  -0.0642050365  -0.0706787690  -0.0180898471  -0.0742093483  -0.0741139900 
