  0.4000000000  1.0000000000  0.0000000000  0.0000000000  0.0000000000  0.0000000000  0.3069045011  0.0753201637  0.0000000011 -0.0000000000 -0.0000000000 -0.0000000000  0.2613393716  0.0000000010 -0.0000000000  0.0000000000 -0.0000000000  0.0000000037 -0.0000000000 -0.0000000000  0.0000000000  0.0000000011 -0.0000000000 -0.0000000000  0.0000000011 -0.0000000000  0.0958869550
  0.4000000000  1.0000000000  0.0000000000  0.0000000000  0.0000000000  0.3333333333  0.3096755833  0.0741072121  0.0000000011 -0.0000000000 -0.0000000000 -0.0000000000  0.2570161648  0.0000000010 -0.0000000001 -0.0000000000 -0.0000000000  0.0000000036  0.0000000000 -0.0000000000 -0.0000000000  0.0000000011 -0.0000000000 -0.0000000000  0.0000000011 -0.0000000000  0.0958503706
  0.4000000000  1.0000000000  0.0000000000  0.0000000000  0.0000000000  0.6666666667  0.3095718597  0.0740842842  0.0000000011  0.0000000000 -0.0000000000 -0.0000000000  0.2569541641  0.0000000010  0.0000000001 -0.0000000000 -0.0000000000  0.0000000036 -0.0000000000 -0.0000000000 -0.0000000000  0.0000000011 -0.0000000000 -0.0000000000  0.0000000011  0.0000000000  0.0960827611
  0.4000000000  1.0000000000  0.0000000000  0.0000000000  0.0000000000  1.0000000000  0.1716872593  0.0186784713  0.0186784571  0.0186780420 -0.0000000000 -0.0000000000  0.0573778700  0.0573757249  0.0573752218 -0.0000000000 -0.0000000000  0.0573778561  0.0573752149 -0.0000000000  0.0000000000  0.0573761209 -0.0000000000 -0.0000000000  0.0334334654  0.0334326933  0.0334334867
  0.4000000000  1.0000000000  0.0000000000  0.0000000000  0.3333333333  0.0000000000  0.3060440663  0.0763250621  0.0000000011  0.0000000000 -0.0000000000 -0.0000000000  0.2652036478  0.0000000011  0.0000000000 -0.0000000000 -0.0000000000  0.0000000036 -0.0000000000 -0.0000000000  0.0000000000  0.0000000011 -0.0000000000 -0.0000000000  0.0000000011  0.0000000000  0.0971546713
  0.4000000000  1.0000000000  0.0000000000  0.0000000000  0.3333333333  0.3333333333  0.3046947795  0.0770612710  0.0000000011  0.0000000000 -0.0000000000 -0.0000000000  0.2681470346  0.0000000011  0.0000000000  0.0000000000 -0.0000000000  0.0000000036 -0.0000000000 -0.0000000000 -0.0000000000  0.0000000011 -0.0000000000 -0.0000000000  0.0000000011 -0.0000000000  0.0977275987
  0.4000000000  1.0000000000  0.0000000000  0.0000000000  0.3333333333  0.6666666667  0.1628560158  0.0458551224  0.0165028121  0.0000080071 -0.0000000000 -0.0000000000  0.2577273976  0.0482917931  0.0000283060  0.0000000000 -0.0000000000  0.1535509426 -0.0000118832 -0.0000000000  0.0000000000  0.0569421703 -0.0000000000 -0.0000000000  0.0085011867  0.0000100181  0.0539217323
  0.4000000000  1.0000000000  0.0000000000  0.0000000000  0.3333333333  1.0000000000  0.0000000037  0.0000000012  0.0000000012  0.0000000000 -0.0000000000 -0.0000000000  0.2980464282  0.0785006359 -0.0000590459 -0.0000000000 -0.0000000000  0.2727585094 -0.0000432097 -0.0000000000  0.0000000000  0.0999309902 -0.0000000000 -0.0000000000  0.0000000011  0.0000000000  0.0000000011
  0.4000000000  1.0000000000  0.0000000000  0.0000000000  0.6666666667  0.0000000000  0.1683574739  0.0189817141  0.0189817007 -0.0189812788 -0.0000000000 -0.0000000000  0.0579603636  0.0579581048 -0.0579576088  0.0000000000 -0.0000000000  0.0579602972 -0.0579575756 -0.0000000000 -0.0000000000  0.0579585376 -0.0000000000 -0.0000000000  0.0338043872 -0.0338035827  0.0338044020
  0.4000000000  1.0000000000  0.0000000000  0.0000000000  0.6666666667  0.3333333333  0.1628278428  0.0457920791  0.0164993472 -0.0000347952 -0.0000000000 -0.0000000000  0.2575850747  0.0483077431 -0.0001166201  0.0000000000 -0.0000000000  0.1535801970  0.0000444851 -0.0000000000 -0.0000000000  0.0569621442 -0.0000000000 -0.0000000000  0.0084962674 -0.0000310554  0.0538910033
  0.4000000000  1.0000000000  0.0000000000  0.0000000000  0.6666666667  0.6666666667  0.0000000036  0.0000000010  0.0000000010 -0.0000000001 -0.0000000000 -0.0000000000  0.2951743685  0.0781760235 -0.0052948889  0.0000000000 -0.0000000000  0.2662698010 -0.0046042860 -0.0000000000  0.0000000000  0.1009614966 -0.0000000000 -0.0000000000  0.0000000011 -0.0000000000  0.0000000011
  0.4000000000  1.0000000000  0.0000000000  0.0000000000  0.6666666667  1.0000000000  0.0000000036  0.0000000010  0.0000000010 -0.0000000000 -0.0000000000 -0.0000000000  0.2962501400  0.0778633333 -0.0047673194 -0.0000000000 -0.0000000000  0.2673479979 -0.0041611507 -0.0000000000  0.0000000000  0.1005607554 -0.0000000000 -0.0000000000  0.0000000011 -0.0000000000  0.0000000011
  0.4000000000  1.0000000000  0.0000000000  0.0000000000  1.0000000000  0.0000000000  0.1646186648  0.0192353281  0.0192353111 -0.0192348554 -0.0000000000 -0.0000000000  0.0584950128  0.0584925458 -0.0584920267 -0.0000000000 -0.0000000000  0.0584948772 -0.0584919590 -0.0000000000 -0.0000000000  0.0584930272 -0.0000000000 -0.0000000000  0.0341363533 -0.0341354786  0.0341363560
  0.4000000000  1.0000000000  0.0000000000  0.0000000000  1.0000000000  0.3333333333  0.0000000036  0.0000000010  0.0000000010 -0.0000000001 -0.0000000000 -0.0000000000  0.2943461941  0.0783191149 -0.0055263874  0.0000000000 -0.0000000000  0.2657672967 -0.0048410016 -0.0000000000 -0.0000000000  0.1011702149 -0.0000000000 -0.0000000000  0.0000000011 -0.0000000000  0.0000000011
  0.4000000000  1.0000000000  0.0000000000  0.0000000000  1.0000000000  0.6666666667  0.0000000036  0.0000000010  0.0000000010 -0.0000000001 -0.0000000000 -0.0000000000  0.2945193504  0.0783201489 -0.0053615069 -0.0000000000 -0.0000000000  0.2657957329 -0.0047018391 -0.0000000000  0.0000000000  0.1011208947 -0.0000000000 -0.0000000000  0.0000000011 -0.0000000000  0.0000000011
  0.4000000000  1.0000000000  0.0000000000  0.0000000000  1.0000000000  1.0000000000  0.0000000036  0.0000000010  0.0000000011 -0.0000000000 -0.0000000000 -0.0000000000  0.2953926355  0.0781853923 -0.0048145527  0.0000000000 -0.0000000000  0.2664337711 -0.0041369390 -0.0000000000 -0.0000000000  0.1009292743 -0.0000000000 -0.0000000000  0.0000000011 -0.0000000000  0.0000000011
  0.4000000000  1.0000000000  0.0000000000  0.3333333333  0.0000000000  0.0000000000  0.3096818637  0.0740174208  0.0000000011 -0.0000000000  0.0000000000  0.0000064584  0.2569995895  0.0000000010 -0.0000000001  0.0000000000 -0.0000230967  0.0000000036 -0.0000000000  0.0000000000  0.0000000000  0.0000000011 -0.0000000000  0.0000000000  0.0000000011 -0.0000000000  0.0958268914
  0.4000000000  1.0000000000  0.0000000000  0.3333333333  0.0000000000  0.3333333333  0.3096091666  0.0740780243  0.0000000011 -0.0000000000  0.0000000000 -0.0000882949  0.2572656163  0.0000000010 -0.0000000001  0.0000000000 -0.0001231933  0.0000000036 -0.0000000000  0.0000000000 -0.0000000000  0.0000000011 -0.0000000000  0.0000000000  0.0000000011 -0.0000000000  0.0962110544
  0.4000000000  1.0000000000  0.0000000000  0.3333333333  0.0000000000  0.6666666667  0.3094950845  0.0739751745  0.0000000011 -0.0000000000 -0.0000000000 -0.0000278379  0.2568778109  0.0000000011 -0.0000000000 -0.0000000000 -0.0000080890  0.0000000037  0.0000000000  0.0000000000 -0.0000000000  0.0000000011 -0.0000000000 -0.0000000000  0.0000000011  0.0000000000  0.0964929041
  0.4000000000  1.0000000000  0.0000000000  0.3333333333  0.0000000000  1.0000000000  0.1717271773  0.0187357253  0.0187357142  0.0187352830 -0.0000582937 -0.0000582880  0.0573720805  0.0573698793  0.0573693667 -0.0000817878 -0.0000817942  0.0573720726  0.0573693628 -0.0000817843 -0.0000817907  0.0573702906 -0.0000817875 -0.0000817916  0.0334794144  0.0334786228  0.0334794328
  0.4000000000  1.0000000000  0.0000000000  0.3333333333  0.3333333333  0.0000000000  0.3052684978  0.0767803873  0.0000000011  0.0000000000 -0.0000000000 -0.0003027553  0.2668448588  0.0000000011  0.0000000000 -0.0000000000 -0.0002601280  0.0000000036 -0.0000000000 -0.0000000000 -0.0000000000  0.0000000011 -0.0000000000 -0.0000000000  0.0000000011 -0.0000000000  0.0975840499
  0.4000000000  1.0000000000  0.0000000000  0.3333333333  0.3333333333  0.3333333333  0.3036774553  0.0775544005  0.0000000011  0.0000000000 -0.0000000000 -0.0004539632  0.2718747088  0.0000000011  0.0000000000 -0.0000000000 -0.0004208708  0.0000000036  0.0000000000 -0.0000000000 -0.0000000000  0.0000000011 -0.0000000000 -0.0000000000  0.0000000011  0.0000000000  0.0984326046
  0.4000000000  1.0000000000  0.0000000000  0.3333333333  0.3333333333  0.6666666667  0.1628681494  0.0458609115  0.0165065538  0.0000168201 -0.0000536590 -0.0000241614  0.2577432712  0.0482916738  0.0000631721 -0.0000355186 -0.0000335223  0.1535565682 -0.0000277866 -0.0000694193 -0.0000110855  0.0569438051  0.0000048828 -0.0000462494  0.0085069055  0.0000209178  0.0539288286
  0.4000000000  1.0000000000  0.0000000000  0.3333333333  0.3333333333  1.0000000000  0.0000000036  0.0000000011  0.0000000012  0.0000000000 -0.0000000000 -0.0000000000  0.2980016948  0.0784341373  0.0000417738 -0.0000000000 -0.0000000000  0.2720472138  0.0000514950 -0.0000000000 -0.0000000000  0.1001119884 -0.0000000000  0.0000000000  0.0000000011  0.0000000000  0.0000000011
  0.4000000000  1.0000000000  0.0000000000  0.3333333333  0.6666666667  0.0000000000  0.1652846831  0.0191367757  0.0191367534 -0.0191363285 -0.0005698620  0.0005698597  0.0582765139  0.0582741998 -0.0582736998 -0.0009101862  0.0009101947  0.0582764107 -0.0582736484 -0.0009101766  0.0009101850  0.0582746357  0.0009101707 -0.0009101820  0.0341092876 -0.0341084645  0.0341092927
  0.4000000000  1.0000000000  0.0000000000  0.3333333333  0.6666666667  0.3333333333  0.1628268801  0.0458120851  0.0165106711 -0.0000284343 -0.0005258411  0.0000794573  0.2577068857  0.0482987159 -0.0001020934 -0.0003264601  0.0001096816  0.1535952565  0.0000386286 -0.0005656142  0.0000326649  0.0569713207 -0.0000115749 -0.0003903040  0.0085134612 -0.0000277560  0.0539114194
  0.4000000000  1.0000000000  0.0000000000  0.3333333333  0.6666666667  0.6666666667  0.0000000036  0.0000000010  0.0000000010 -0.0000000001 -0.0000000000 -0.0000000000  0.2958785278  0.0779894871 -0.0054583303 -0.0000000000  0.0000000000  0.2657214517 -0.0046282639 -0.0000000000 -0.0000000000  0.1008980170 -0.0000000000  0.0000000000  0.0000000011 -0.0000000000  0.0000000011
  0.4000000000  1.0000000000  0.0000000000  0.3333333333  0.6666666667  1.0000000000  0.0000000036  0.0000000011  0.0000000011 -0.0000000000 -0.0000000000 -0.0000000000  0.2970766334  0.0783564251 -0.0025779057 -0.0000000000 -0.0000000000  0.2683067875 -0.0018634681 -0.0000000000 -0.0000000000  0.1005746520 -0.0000000000 -0.0000000000  0.0000000011 -0.0000000000  0.0000000011
  0.4000000000  1.0000000000  0.0000000000  0.3333333333  1.0000000000  0.0000000000  0.1616949075  0.0189967095  0.0189966929 -0.0189962080 -0.0005516126  0.0005516742  0.0586088364  0.0586055430 -0.0586048040 -0.0012013719  0.0012014122  0.0586087261 -0.0586047463 -0.0012013257  0.0012013659  0.0586062166  0.0012013123 -0.0012013240  0.0341397427 -0.0341384846  0.0341396724
  0.4000000000  1.0000000000  0.0000000000  0.3333333333  1.0000000000  0.3333333333  0.0000000036  0.0000000010  0.0000000010 -0.0000000001 -0.0000000000 -0.0000000000  0.2951752038  0.0781470371 -0.0056114729 -0.0000000000  0.0000000000  0.2652915413 -0.0047894082 -0.0000000000  0.0000000000  0.1010857355 -0.0000000000  0.0000000000  0.0000000011 -0.0000000000  0.0000000011
  0.4000000000  1.0000000000  0.0000000000  0.3333333333  1.0000000000  0.6666666667  0.0000000036  0.0000000010  0.0000000010 -0.0000000001 -0.0000000000 -0.0000000000  0.2951659488  0.0782040169 -0.0053321230 -0.0000000000  0.0000000000  0.2658329314 -0.0046095691 -0.0000000000 -0.0000000000  0.1010000132 -0.0000000000  0.0000000000  0.0000000011 -0.0000000000  0.0000000011
  0.4000000000  1.0000000000  0.0000000000  0.3333333333  1.0000000000  1.0000000000  0.0000000036  0.0000000011  0.0000000011 -0.0000000000 -0.0000000000 -0.0000000000  0.2969559957  0.0784464479 -0.0036772403  0.0000000000  0.0000000000  0.2665619780 -0.0027714147  0.0000000000  0.0000000000  0.1007569408  0.0000000000  0.0000000000  0.0000000011 -0.0000000000  0.0000000011
  0.4000000000  1.0000000000  0.0000000000  0.6666666667  0.0000000000  0.0000000000  0.1910147505  0.0329291322  0.0124012495 -0.0085596726  0.0127724746 -0.0212827578  0.1010633093  0.0132820001 -0.0096371559  0.0097925370 -0.0181244830  0.0251169685 -0.0109526648  0.0133906984 -0.0094208586  0.0122299023 -0.0094890711  0.0077372628  0.0162590131 -0.0115624259  0.0483673236
  0.4000000000  1.0000000000  0.0000000000  0.6666666667  0.0000000000  0.3333333333  0.3004056532  0.0765220777  0.0000000010  0.0000000000  0.0000000000 -0.0046060929  0.2645118758  0.0000000010 -0.0000000000  0.0000000000 -0.0037647550  0.0000000036 -0.0000000000  0.0000000000 -0.0000000001  0.0000000011 -0.0000000000  0.0000000000  0.0000000011  0.0000000000  0.1000446990
  0.4000000000  1.0000000000  0.0000000000  0.6666666667  0.0000000000  0.6666666667  0.1156758700  0.0433454941  0.0425640806 -0.0031942561  0.0370013177 -0.0373821727  0.1085969065  0.0430031819  0.0344264992 -0.0009734161 -0.0368606755  0.1068900049  0.0347397725  0.0363626363  0.0004769372  0.0417276127 -0.0049512248  0.0053572239  0.0430569690  0.0010079575  0.0437767938
  0.4000000000  1.0000000000  0.0000000000  0.6666666667  0.0000000000  1.0000000000  0.1166581335  0.0400631437  0.0397049523 -0.0024541295  0.0354128243 -0.0331853580  0.1061485676  0.0342714930  0.0293499832 -0.0011550794 -0.0299457461  0.1024186365  0.0286278309  0.0312313289  0.0020579110  0.0379676455 -0.0045999896  0.0057667736  0.0398408632  0.0020409642  0.0390539517
  0.4000000000  1.0000000000  0.0000000000  0.6666666667  0.3333333333  0.0000000000  0.3000924306  0.0780167481  0.0000000012  0.0000000000  0.0000000000 -0.0000780763  0.2708998349  0.0000000012  0.0000000000  0.0000000000 -0.0000310720  0.0000000036 -0.0000000000 -0.0000000000 -0.0000000000  0.0000000011 -0.0000000000  0.0000000000  0.0000000011 -0.0000000000  0.0994074021
  0.4000000000  1.0000000000  0.0000000000  0.6666666667  0.3333333333  0.3333333333  0.2997422597  0.0775888333  0.0000000011  0.0000000000  0.0000000000 -0.0017019363  0.2738843583  0.0000000011  0.0000000000  0.0000000000 -0.0015019114  0.0000000036 -0.0000000000  0.0000000000 -0.0000000000  0.0000000011  0.0000000000  0.0000000000  0.0000000011 -0.0000000000  0.0997599333
  0.4000000000  1.0000000000  0.0000000000  0.6666666667  0.3333333333  0.6666666667  0.1628067544  0.0457714699  0.0165077246  0.0000181031  0.0005423450  0.0000432039  0.2575438948  0.0482991549  0.0000543350  0.0003344382  0.0000696329  0.1535888920 -0.0000164373  0.0005863785  0.0000179528  0.0569668896 -0.0000059978  0.0003924567  0.0084990611  0.0000133604  0.0538822708
  0.4000000000  1.0000000000  0.0000000000  0.6666666667  0.3333333333  1.0000000000  0.0000000036  0.0000000011  0.0000000011  0.0000000000 -0.0000000000 -0.0000000000  0.2957822509  0.0778137086  0.0034215809  0.0000000000 -0.0000000000  0.2691528155  0.0032022024  0.0000000000 -0.0000000000  0.1019071806 -0.0000000000  0.0000000000  0.0000000011 -0.0000000000  0.0000000011
  0.4000000000  1.0000000000  0.0000000000  0.6666666667  0.6666666667  0.0000000000  0.1639407416  0.0192313302  0.0192312986 -0.0192308260 -0.0006774337  0.0006774214  0.0584260157  0.0584234959 -0.0584229622 -0.0009998949  0.0009998999  0.0584258646 -0.0584228869 -0.0009998879  0.0009998928  0.0584239723  0.0009998801 -0.0009998868  0.0342003998 -0.0341995061  0.0342004062
  0.4000000000  1.0000000000  0.0000000000  0.6666666667  0.6666666667  0.3333333333  0.1631060306  0.0192771578  0.0192771135 -0.0192765775 -0.0007859762  0.0007859525  0.0584435693  0.0584408063 -0.0584402231 -0.0010865994  0.0010866045  0.0584433929 -0.0584401352 -0.0010865924  0.0010865974  0.0584413256  0.0010865819 -0.0010865921  0.0342552393 -0.0342542506  0.0342552498
  0.4000000000  1.0000000000  0.0000000000  0.6666666667  0.6666666667  0.6666666667  0.1627778797  0.0457213403  0.0165063016 -0.0000282290 -0.0007307513  0.0000698505  0.2575253724  0.0482866677 -0.0001163193 -0.0004505481  0.0001326141  0.1535407618  0.0000457453 -0.0007788577  0.0000304776  0.0569777209 -0.0000100815 -0.0005394167  0.0085074253 -0.0000380078  0.0538688167
  0.4000000000  1.0000000000  0.0000000000  0.6666666667  0.6666666667  1.0000000000  0.0000000036  0.0000000011  0.0000000012 -0.0000000000 -0.0000000000 -0.0000000000  0.2969686914  0.0785008964 -0.0000078844 -0.0000000000  0.0000000000  0.2723776218  0.0000040871 -0.0000000000  0.0000000000  0.1003820480  0.0000000000  0.0000000000  0.0000000011 -0.0000000000  0.0000000011
  0.4000000000  1.0000000000  0.0000000000  0.6666666667  1.0000000000  0.0000000000  0.1589090206  0.0195388920  0.0195387918 -0.0195382065 -0.0014297722  0.0014296800  0.0584394517  0.0584363191 -0.0584357353 -0.0016058591  0.0016058462  0.0584390813 -0.0584355536 -0.0016058575  0.0016058445  0.0584369053  0.0016058273 -0.0016058243  0.0344354625 -0.0344343753  0.0344355542
  0.4000000000  1.0000000000  0.0000000000  0.6666666667  1.0000000000  0.3333333333  0.1779539104  0.0230974830  0.0218887938 -0.0211803534 -0.0005526191  0.0005350909  0.0653419830  0.0563225401 -0.0554485740 -0.0010789558  0.0009093647  0.0577970979 -0.0560976843 -0.0010014405  0.0008241042  0.0567586520  0.0009636307 -0.0011279495  0.0356873142 -0.0351870136  0.0363592417
  0.4000000000  1.0000000000  0.0000000000  0.6666666667  1.0000000000  0.6666666667  0.1621796297  0.0448617629  0.0165155477 -0.0000489267 -0.0025253233  0.0001155808  0.2565039673  0.0480757644 -0.0001965805 -0.0015451017  0.0002906805  0.1529214059  0.0000040491 -0.0026509007  0.0000754525  0.0570963263 -0.0000124727 -0.0018418865  0.0085730612 -0.0000402155  0.0535509649
  0.4000000000  1.0000000000  0.0000000000  0.6666666667  1.0000000000  1.0000000000  0.0000000036  0.0000000012  0.0000000012 -0.0000000000 -0.0000000000 -0.0000000000  0.2977825601  0.0785008589 -0.0001073725 -0.0000000000  0.0000000000  0.2725401977 -0.0000525619 -0.0000000000  0.0000000000  0.1001118810  0.0000000000  0.0000000000  0.0000000011 -0.0000000000  0.0000000011
  0.4000000000  1.0000000000  0.0000000000  1.0000000000  0.0000000000  0.0000000000  0.1169535252  0.0207878747  0.0207955944 -0.0207624031  0.0182559459 -0.0182545726  0.0342178749  0.0341275865 -0.0341209904  0.0189673497 -0.0189636843  0.0342135618 -0.0341189944  0.0189626557 -0.0189647571  0.0341576350 -0.0189621916  0.0189624172  0.0260972458 -0.0260418949  0.0260955173
  0.4000000000  1.0000000000  0.0000000000  1.0000000000  0.0000000000  0.3333333333  0.1057748663  0.0388803361  0.0393028232 -0.0073025200  0.0329396168 -0.0345580249  0.0996449121  0.0283360400  0.0125276018  0.0032722935 -0.0300398612  0.1094183724  0.0132705150  0.0295192989 -0.0038591806  0.0322338584 -0.0114820910  0.0098880795  0.0393977850 -0.0036210384  0.0404776532
  0.4000000000  1.0000000000  0.0000000000  1.0000000000  0.0000000000  0.6666666667  0.1054962525  0.0398424661  0.0421888818 -0.0056618353  0.0390758401 -0.0371890424  0.0977680076  0.0322073925  0.0227863916 -0.0003914779 -0.0324217418  0.1030026302  0.0228197644  0.0336772882 -0.0005706304  0.0351927876 -0.0080250793  0.0080488110  0.0421318822 -0.0018326184  0.0406986619
  0.4000000000  1.0000000000  0.0000000000  1.0000000000  0.0000000000  1.0000000000  0.0000000036  0.0000000010  0.0000000010  0.0000000001 -0.0000000000  0.0000000000  0.2933752780  0.0774752928  0.0051973579 -0.0000000000  0.0000000000  0.2674783569  0.0049252578 -0.0000000000  0.0000000000  0.1015282538  0.0000000000 -0.0000000000  0.0000000011 -0.0000000000  0.0000000011
  0.4000000000  1.0000000000  0.0000000000  1.0000000000  0.3333333333  0.0000000000  0.1509367314  0.0214111438  0.0214111602 -0.0214104038  0.0022354436 -0.0022353516  0.0562730517  0.0562696223 -0.0562689379  0.0021370877 -0.0021370649  0.0562727698 -0.0562687953  0.0021370999 -0.0021370700  0.0562702402 -0.0021370367  0.0021369991  0.0354252438 -0.0354238718  0.0354252797
  0.4000000000  1.0000000000  0.0000000000  1.0000000000  0.3333333333  0.3333333333  0.1624344273  0.0451531284  0.0164862905  0.0000409055  0.0020439271  0.0000949590  0.2565979624  0.0481044601  0.0001752612  0.0012362582  0.0002301982  0.1529360723 -0.0000282736  0.0020927802  0.0000551734  0.0569853213 -0.0000112942  0.0014631683  0.0085220963  0.0000511393  0.0536590400
  0.4000000000  1.0000000000  0.0000000000  1.0000000000  0.3333333333  0.6666666667  0.1315467202  0.0358061217  0.0182874157  0.0000944165  0.0087581758 -0.0009204850  0.2534905588  0.0508389935  0.0005421433  0.0041673038 -0.0007577301  0.1607220360  0.0000248864  0.0058535473  0.0001428800  0.0611893650 -0.0000304195  0.0041984815  0.0103079038  0.0001747409  0.0450459285
  0.4000000000  1.0000000000  0.0000000000  1.0000000000  0.3333333333  1.0000000000  0.0000000036  0.0000000011  0.0000000011  0.0000000000 -0.0000000000 -0.0000000000  0.2934154205  0.0786365027  0.0046296377  0.0000000000 -0.0000000000  0.2666798760  0.0043097513  0.0000000000 -0.0000000000  0.1013037454 -0.0000000000  0.0000000000  0.0000000011 -0.0000000000  0.0000000011
  0.4000000000  1.0000000000  0.0000000000  1.0000000000  0.6666666667  0.0000000000  0.1600823205  0.0196021029  0.0196020105 -0.0196014190 -0.0000214980  0.0000214874  0.0585577811  0.0585547586 -0.0585541197 -0.0000282690  0.0000282670  0.0585576032 -0.0585540293 -0.0000282710  0.0000282690  0.0585553240  0.0000282678 -0.0000282715  0.0348867275 -0.0348856071  0.0348867339
  0.4000000000  1.0000000000  0.0000000000  1.0000000000  0.6666666667  0.3333333333  0.1600373378  0.0195954680  0.0195953779 -0.0195947853 -0.0000131688  0.0000132065  0.0585659121  0.0585628876 -0.0585622502 -0.0000309650  0.0000309755  0.0585657305 -0.0585621582 -0.0000309578  0.0000309683  0.0585634523  0.0000309653 -0.0000309612  0.0348735156 -0.0348723933  0.0348735240
  0.4000000000  1.0000000000  0.0000000000  1.0000000000  0.6666666667  0.6666666667  0.1608735743  0.0233438941  0.0237209660 -0.0182483996  0.0005124821  0.0009158494  0.0743325071  0.0571231370 -0.0447675532  0.0007971179  0.0013758046  0.0749203683 -0.0436833961  0.0004122413 -0.0001727837  0.0573959542  0.0000679377  0.0002401115  0.0370712738 -0.0314954548  0.0362482308
  0.4000000000  1.0000000000  0.0000000000  1.0000000000  0.6666666667  1.0000000000  0.1145589362  0.0281790772  0.0139944036  0.0002065780 -0.0007578121  0.0007155569  0.2571147100  0.0546520762  0.0008047371 -0.0003294792  0.0010295701  0.1782197302  0.0000850023 -0.0006941178  0.0000885772  0.0657235079  0.0000360907 -0.0005078777  0.0086365343  0.0002014512  0.0360444771
  0.4000000000  1.0000000000  0.0000000000  1.0000000000  1.0000000000  0.0000000000  0.1578693529  0.0197847596  0.0197846181 -0.0197838559 -0.0012009067  0.0012007744  0.0583574147  0.0583537232 -0.0583529606 -0.0013644254  0.0013644037  0.0583570763 -0.0583527927 -0.0013644453  0.0013644226  0.0583543744  0.0013643763 -0.0013643868  0.0347321004 -0.0347307871  0.0347322035
  0.4000000000  1.0000000000  0.0000000000  1.0000000000  1.0000000000  0.3333333333  0.1556995950  0.0199311760  0.0199310703 -0.0199303253 -0.0014360783  0.0014359522  0.0582601929  0.0582566174 -0.0582558968 -0.0015746901  0.0015746892  0.0582598455 -0.0582557247 -0.0015747233  0.0015747217  0.0582572627  0.0015746667 -0.0015746597  0.0348066169 -0.0348053261  0.0348067004
  0.4000000000  1.0000000000  0.0000000000  1.0000000000  1.0000000000  0.6666666667  0.1757080393  0.0244848484  0.0231194078 -0.0219258205 -0.0018363422  0.0017104443  0.0652740238  0.0543672606 -0.0527003654 -0.0017482447  0.0014658458  0.0560188945 -0.0533761786 -0.0017234739  0.0014597659  0.0541292697  0.0015068599 -0.0016276505  0.0361481344 -0.0354595087  0.0367757368
  0.4000000000  1.0000000000  0.0000000000  1.0000000000  1.0000000000  1.0000000000  0.1427059997  0.0396904955  0.0176706817  0.0000107295 -0.0060750291  0.0002683758  0.2562945261  0.0501451258  0.0003983259 -0.0030394944  0.0007684211  0.1584651270  0.0000589200 -0.0039280700 -0.0000735509  0.0596625942 -0.0000065534 -0.0033611731  0.0096007626 -0.0000171163  0.0480020280
  0.4000000000  1.0000000000  0.3333333333  0.0000000000  0.0000000000  0.0000000000  0.3096114721  0.0739919884  0.0000000011  0.0000000000  0.0000000000  0.0000473145  0.2570279014  0.0000000010  0.0000000001  0.0000000000  0.0000798762  0.0000000036 -0.0000000000  0.0000000000  0.0000000000  0.0000000011 -0.0000000000  0.0000000000  0.0000000011  0.0000000000  0.0959675965
  0.4000000000  1.0000000000  0.3333333333  0.0000000000  0.0000000000  0.3333333333  0.3096394591  0.0743383228  0.0000000011  0.0000000000  0.0000000000 -0.0000388593  0.2578983579  0.0000000011  0.0000000000  0.0000000000 -0.0000594677  0.0000000036  0.0000000000  0.0000000000  0.0000000000  0.0000000011 -0.0000000000  0.0000000000  0.0000000011 -0.0000000000  0.0966244246
  0.4000000000  1.0000000000  0.3333333333  0.0000000000  0.0000000000  0.6666666667  0.3095965364  0.0741279599  0.0000000011 -0.0000000000  0.0000000000  0.0000044398  0.2570726826  0.0000000011 -0.0000000001  0.0000000000 -0.0000008824  0.0000000036 -0.0000000000 -0.0000000000  0.0000000000  0.0000000011 -0.0000000000  0.0000000000  0.0000000011 -0.0000000000  0.0961668195
  0.4000000000  1.0000000000  0.3333333333  0.0000000000  0.0000000000  1.0000000000  0.1700627793  0.0189460325  0.0189460196  0.0189455895 -0.0002820930 -0.0002820975  0.0576026736  0.0576004859  0.0575999758 -0.0005081369 -0.0005081429  0.0576026652  0.0575999716 -0.0005081329 -0.0005081389  0.0576008938 -0.0005081281 -0.0005081436  0.0337553950  0.0337546027  0.0337554116
  0.4000000000  1.0000000000  0.3333333333  0.0000000000  0.3333333333  0.0000000000  0.3047276153  0.0772140256  0.0000000011  0.0000000000  0.0000000000  0.0018252216  0.2685642000  0.0000000011  0.0000000000  0.0000000000  0.0016060151  0.0000000036  0.0000000000 -0.0000000000  0.0000000000  0.0000000011 -0.0000000000  0.0000000000  0.0000000011 -0.0000000000  0.0980824916
  0.4000000000  1.0000000000  0.3333333333  0.0000000000  0.3333333333  0.3333333333  0.3039580029  0.0774751569  0.0000000011  0.0000000000  0.0000000000  0.0008525240  0.2711129773  0.0000000011  0.0000000000  0.0000000000  0.0007943116  0.0000000036  0.0000000000 -0.0000000000  0.0000000000  0.0000000011 -0.0000000000  0.0000000000  0.0000000011  0.0000000000  0.0983971459
  0.4000000000  1.0000000000  0.3333333333  0.0000000000  0.3333333333  0.6666666667  0.1629378268  0.0458685668  0.0165098872 -0.0000345552 -0.0000000824  0.0000009892  0.2576642657  0.0482712737 -0.0001309939 -0.0000095709  0.0000121752  0.1534864109  0.0000586731 -0.0000366067  0.0000039853  0.0569205314 -0.0000032297 -0.0000205510  0.0085138030 -0.0000450116  0.0539490052
  0.4000000000  1.0000000000  0.3333333333  0.0000000000  0.3333333333  1.0000000000  0.1118813870  0.0271132609  0.0140800984 -0.0002871337 -0.0008266526 -0.0000234053  0.2561894893  0.0553815800 -0.0009757074 -0.0011693190  0.0000117947  0.1794647152  0.0000209451 -0.0029865650  0.0000834574  0.0672511741  0.0000173085 -0.0011285391  0.0085621531 -0.0002527829  0.0348298365
  0.4000000000  1.0000000000  0.3333333333  0.0000000000  0.6666666667  0.0000000000  0.1666583070  0.0190735594  0.0190735399 -0.0190731258 -0.0000000767  0.0000000755  0.0582400421  0.0582377522 -0.0582372767 -0.0000010946  0.0000010941  0.0582399168 -0.0582372142 -0.0000010953  0.0000010949  0.0582381988  0.0000010952 -0.0000010945  0.0339361632 -0.0339353583  0.0339361791
  0.4000000000  1.0000000000  0.3333333333  0.0000000000  0.6666666667  0.3333333333  0.0346970016  0.0055301233  0.0050754348 -0.0006307144 -0.0000031607 -0.0000031272  0.2593090796  0.0711365951 -0.0089488502 -0.0000048854 -0.0000112139  0.2310957980 -0.0089315171 -0.0000100459 -0.0000071977  0.0907134420 -0.0000030852 -0.0000053773  0.0020645345 -0.0001383029  0.0042339503
  0.4000000000  1.0000000000  0.3333333333  0.0000000000  0.6666666667  0.6666666667  0.0000000036  0.0000000010  0.0000000010 -0.0000000001 -0.0000000000 -0.0000000000  0.2953624769  0.0781290814 -0.0054185885 -0.0000000000 -0.0000000000  0.2658207509 -0.0046685802 -0.0000000000 -0.0000000000  0.1009546469 -0.0000000000  0.0000000000  0.0000000011 -0.0000000000  0.0000000011
  0.4000000000  1.0000000000  0.3333333333  0.0000000000  0.6666666667  1.0000000000  0.0000000036  0.0000000011  0.0000000011 -0.0000000000 -0.0000000000 -0.0000000000  0.2958358892  0.0783169062 -0.0040835860 -0.0000000000  0.0000000000  0.2668364342 -0.0034258642 -0.0000000000 -0.0000000000  0.1008578210 -0.0000000000  0.0000000000  0.0000000011 -0.0000000000  0.0000000011
  0.4000000000  1.0000000000  0.3333333333  0.0000000000  1.0000000000  0.0000000000  0.1579180470  0.0185736329  0.0185735944 -0.0185729556 -0.0000042764  0.0000050119  0.0593431293  0.0593386179 -0.0593376210  0.0000170875 -0.0000170542  0.0593427938 -0.0593374529  0.0000172691 -0.0000172362  0.0593394690 -0.0000172595  0.0000171163  0.0338946759 -0.0338930010  0.0338946353
  0.4000000000  1.0000000000  0.3333333333  0.0000000000  1.0000000000  0.3333333333  0.0000000036  0.0000000010  0.0000000010 -0.0000000001 -0.0000000000  0.0000000000  0.2918204328  0.0781377002 -0.0059607264  0.0000000000  0.0000000000  0.2660230012 -0.0056347916  0.0000000000  0.0000000000  0.1016872807  0.0000000000  0.0000000000  0.0000000011 -0.0000000000  0.0000000011
  0.4000000000  1.0000000000  0.3333333333  0.0000000000  1.0000000000  0.6666666667  0.0000000036  0.0000000010  0.0000000010 -0.0000000001 -0.0000000000 -0.0000000000  0.2946540723  0.0783544614 -0.0054743402 -0.0000000000 -0.0000000000  0.2654196348 -0.0047168788  0.0000000000 -0.0000000000  0.1011718165 -0.0000000000  0.0000000000  0.0000000011 -0.0000000000  0.0000000011
  0.4000000000  1.0000000000  0.3333333333  0.0000000000  1.0000000000  1.0000000000  0.0000000036  0.0000000010  0.0000000010 -0.0000000001 -0.0000000000 -0.0000000000  0.2948837874  0.0782450191 -0.0051752437 -0.0000000000 -0.0000000000  0.2661383368 -0.0045231262  0.0000000000 -0.0000000000  0.1010263316 -0.0000000000  0.0000000000  0.0000000011 -0.0000000000  0.0000000011
  0.4000000000  1.0000000000  0.3333333333  0.3333333333  0.0000000000  0.0000000000  0.2823407167  0.0000000011  0.0766112433  0.0000000000  0.0033930154 -0.0000000000  0.0000000036  0.0000000010 -0.0000000000  0.0000000000 -0.0000000000  0.2855199040  0.0000000000  0.0033331133 -0.0000000000  0.0000000011 -0.0000000000 -0.0000000000  0.0987662221  0.0000000000  0.0000000011
  0.4000000000  1.0000000000  0.3333333333  0.3333333333  0.0000000000  0.3333333333  0.2819243481  0.0000000011  0.0732758724  0.0000000000  0.0038024167 -0.0000000000  0.0000000036  0.0000000010  0.0000000000  0.0000000000 -0.0000000000  0.2812511133  0.0000000001  0.0041362684 -0.0000000000  0.0000000011 -0.0000000000 -0.0000000000  0.1020317366  0.0000000000  0.0000000011
  0.4000000000  1.0000000000  0.3333333333  0.3333333333  0.0000000000  0.6666666667  0.2824592847  0.0000000011  0.0744272884  0.0000000000  0.0023644981 -0.0000000000  0.0000000036  0.0000000010  0.0000000000  0.0000000000 -0.0000000000  0.2877053702  0.0000000001  0.0027203528 -0.0000000000  0.0000000011 -0.0000000000 -0.0000000000  0.1023643898  0.0000000000  0.0000000011
  0.4000000000  1.0000000000  0.3333333333  0.3333333333  0.0000000000  1.0000000000  0.1670592114  0.0190493971  0.0190493788  0.0190489582 -0.0004195101 -0.0004195046  0.0580549327  0.0580526774  0.0580521782 -0.0006869941 -0.0006870057  0.0580548690  0.0580521465 -0.0006869910 -0.0006870025  0.0580531045 -0.0006869884 -0.0006869997  0.0339346376  0.0339338310  0.0339346475
  0.4000000000  1.0000000000  0.3333333333  0.3333333333  0.3333333333  0.0000000000  0.3046598626  0.0771367979  0.0000000011  0.0000000000  0.0000000000  0.0010240858  0.2693625917  0.0000000010  0.0000000000  0.0000000000  0.0009736352  0.0000000036  0.0000000000 -0.0000000000  0.0000000000  0.0000000011 -0.0000000000  0.0000000000  0.0000000011 -0.0000000000  0.0981265884
  0.4000000000  1.0000000000  0.3333333333  0.3333333333  0.3333333333  0.3333333333  0.3037394349  0.0759134780  0.0000000011  0.0000000000  0.0000000000  0.0007927725  0.2690307469  0.0000000011  0.0000000000 -0.0000000000  0.0008958924  0.0000000036 -0.0000000000 -0.0000000000  0.0000000000  0.0000000011 -0.0000000000  0.0000000000  0.0000000011 -0.0000000000  0.1007016176
  0.4000000000  1.0000000000  0.3333333333  0.3333333333  0.3333333333  0.6666666667  0.1398405725  0.0388582802  0.0165489229 -0.0000937950  0.0056523560  0.0005534716  0.2581348200  0.0506359921 -0.0003553172  0.0025796952  0.0009629502  0.1608088278  0.0000491477  0.0029382224 -0.0000022955  0.0599795584  0.0000441289  0.0022416645  0.0092657705 -0.0000128780  0.0472037755
  0.4000000000  1.0000000000  0.3333333333  0.3333333333  0.3333333333  1.0000000000  0.0000000036  0.0000000012  0.0000000012  0.0000000000 -0.0000000000 -0.0000000000  0.2983890381  0.0784223482 -0.0000494073 -0.0000000000 -0.0000000000  0.2721994370 -0.0000266146 -0.0000000000 -0.0000000000  0.0999671857 -0.0000000000  0.0000000000  0.0000000011 -0.0000000000  0.0000000011
  0.4000000000  1.0000000000  0.3333333333  0.3333333333  0.6666666667  0.0000000000  0.1646909648  0.0191729854  0.0191729625 -0.0191725304 -0.0005469277  0.0005469352  0.0583721739  0.0583698007 -0.0583692986 -0.0008866171  0.0008866226  0.0583720422 -0.0583692328 -0.0008866102  0.0008866156  0.0583702503  0.0008866047 -0.0008866066  0.0341712893 -0.0341704492  0.0341712933
  0.4000000000  1.0000000000  0.3333333333  0.3333333333  0.6666666667  0.3333333333  0.1628410190  0.0458213027  0.0165107727 -0.0000323132 -0.0004427672  0.0000805220  0.2577194579  0.0482987498 -0.0001203230 -0.0002721861  0.0001075887  0.1536023917  0.0000486746 -0.0004760201  0.0000333718  0.0569702838 -0.0000119465 -0.0003296046  0.0085169463 -0.0000338280  0.0539182666
  0.4000000000  1.0000000000  0.3333333333  0.3333333333  0.6666666667  0.6666666667  0.0000000036  0.0000000011  0.0000000011 -0.0000000000 -0.0000000000  0.0000000000  0.2980918300  0.0776480495 -0.0039289638  0.0000000000  0.0000000000  0.2663730019 -0.0032494697 -0.0000000000  0.0000000000  0.1010051108  0.0000000000  0.0000000000  0.0000000011 -0.0000000000  0.0000000011
  0.4000000000  1.0000000000  0.3333333333  0.3333333333  0.6666666667  1.0000000000  0.0000000036  0.0000000011  0.0000000011 -0.0000000000 -0.0000000000  0.0000000000  0.2977999745  0.0778878901 -0.0036051896 -0.0000000000 -0.0000000000  0.2670534152 -0.0026276363 -0.0000000000 -0.0000000000  0.1004397083 -0.0000000000  0.0000000000  0.0000000011 -0.0000000000  0.0000000011
  0.4000000000  1.0000000000  0.3333333333  0.3333333333  1.0000000000  0.0000000000  0.1613891696  0.0189989409  0.0189989243 -0.0189984328 -0.0005996019  0.0005996609  0.0586162303  0.0586128524 -0.0586120985 -0.0012664127  0.0012664510  0.0586161061 -0.0586120339 -0.0012663638  0.0012664022  0.0586135460  0.0012663492 -0.0012663569  0.0341422165 -0.0341409267  0.0341421471
  0.4000000000  1.0000000000  0.3333333333  0.3333333333  1.0000000000  0.3333333333  0.0000000036  0.0000000010  0.0000000010 -0.0000000001 -0.0000000000 -0.0000000000  0.2955518284  0.0780367556 -0.0056584270 -0.0000000000  0.0000000000  0.2653265190 -0.0048406793 -0.0000000000 -0.0000000000  0.1009724107 -0.0000000000  0.0000000000  0.0000000011 -0.0000000000  0.0000000011
  0.4000000000  1.0000000000  0.3333333333  0.3333333333  1.0000000000  0.6666666667  0.0000000036  0.0000000010  0.0000000010 -0.0000000001 -0.0000000000 -0.0000000000  0.2964388524  0.0780200768 -0.0053413397 -0.0000000000 -0.0000000000  0.2652082698 -0.0042901702 -0.0000000000 -0.0000000000  0.1007954676 -0.0000000000  0.0000000000  0.0000000011 -0.0000000000  0.0000000011
  0.4000000000  1.0000000000  0.3333333333  0.3333333333  1.0000000000  1.0000000000  0.0000000036  0.0000000010  0.0000000010 -0.0000000000 -0.0000000000 -0.0000000000  0.2970862697  0.0779456511 -0.0048935338 -0.0000000000 -0.0000000000  0.2656322956 -0.0038316741  0.0000000000 -0.0000000000  0.1006441663 -0.0000000000  0.0000000000  0.0000000011 -0.0000000000  0.0000000011
  0.4000000000  1.0000000000  0.3333333333  0.6666666667  0.0000000000  0.0000000000  0.2770035099  0.0000000011  0.0776773642 -0.0000000000  0.0051956583  0.0000000000  0.0000000036  0.0000000011 -0.0000000000  0.0000000001 -0.0000000000  0.2874717181 -0.0000000000  0.0053892801  0.0000000000  0.0000000011  0.0000000000 -0.0000000000  0.1004344780 -0.0000000000  0.0000000011
  0.4000000000  1.0000000000  0.3333333333  0.6666666667  0.0000000000  0.3333333333  0.2784877871  0.0000000011  0.0743258584  0.0000000000  0.0044614122  0.0000000000  0.0000000036  0.0000000010  0.0000000000  0.0000000000 -0.0000000000  0.2877141535  0.0000000000  0.0048448587  0.0000000000  0.0000000011 -0.0000000000 -0.0000000000  0.1019762519  0.0000000000  0.0000000011
  0.4000000000  1.0000000000  0.3333333333  0.6666666667  0.0000000000  0.6666666667  0.2774331103  0.0000000010  0.0744495739  0.0000000000  0.0044362114  0.0000000000  0.0000000036  0.0000000010  0.0000000000  0.0000000001  0.0000000000  0.2899468287  0.0000000000  0.0046937950 -0.0000000000  0.0000000011 -0.0000000000 -0.0000000000  0.1020479688  0.0000000000  0.0000000011
  0.4000000000  1.0000000000  0.3333333333  0.6666666667  0.0000000000  1.0000000000  0.1080044304  0.0379665391  0.0370445174 -0.0007304599  0.0309407038 -0.0307262970  0.0913650086  0.0400051286  0.0338861120 -0.0010151246 -0.0336382097  0.1122644013  0.0300531869  0.0317911686 -0.0005699731  0.0388699217 -0.0051554630  0.0017820257  0.0429383827  0.0026825321  0.0376007980
  0.4000000000  1.0000000000  0.3333333333  0.6666666667  0.3333333333  0.0000000000  0.1747595212  0.0305476997  0.0339382283 -0.0156741907  0.0096298598  0.0043555508  0.0977887905  0.0445363671 -0.0354941437  0.0017670681  0.0045219567  0.0687768964 -0.0382842091  0.0097851359 -0.0001858589  0.0393457786  0.0009148688 -0.0002103478  0.0376530987 -0.0240542365  0.0386029638
  0.4000000000  1.0000000000  0.3333333333  0.6666666667  0.3333333333  0.3333333333  0.1657179194  0.0321708706  0.0346980801 -0.0148907305  0.0104201691  0.0047010875  0.1132713111  0.0432082447 -0.0324902940  0.0018243510  0.0041557187  0.0696257199 -0.0356965078  0.0106238664  0.0002255331  0.0394529220  0.0013675193  0.0006016908  0.0381463187 -0.0229400449  0.0376638222
  0.4000000000  1.0000000000  0.3333333333  0.6666666667  0.3333333333  0.6666666667  0.1521747236  0.0178441989  0.0480458574 -0.0000236650  0.0000430509 -0.0006746665  0.1615261531  0.0453255925 -0.0000757940  0.0000051256 -0.0006594948  0.2525673859  0.0000574044 -0.0000359872 -0.0004333636  0.0534258474 -0.0009627792 -0.0000403934  0.0567431144  0.0000109993  0.0087399472
  0.4000000000  1.0000000000  0.3333333333  0.6666666667  0.3333333333  1.0000000000  0.1536709056  0.0165270215  0.0482868869  0.0000074226  0.0000068590 -0.0005572441  0.1628284799  0.0456828378  0.0000178291 -0.0000068499 -0.0005051189  0.2571367757  0.0000280310 -0.0000198342 -0.0002827145  0.0538439465 -0.0003394088 -0.0000054328  0.0569711164 -0.0000025804  0.0085092681
  0.4000000000  1.0000000000  0.3333333333  0.6666666667  0.6666666667  0.0000000000  0.1638475431  0.0192386030  0.0192385698 -0.0192380804 -0.0006418203  0.0006418134  0.0584486071  0.0584460211 -0.0584454730 -0.0009705265  0.0009705323  0.0584484494 -0.0584453944 -0.0009705189  0.0009705246  0.0584465111  0.0009705117 -0.0009705180  0.0342042532 -0.0342033346  0.0342042596
  0.4000000000  1.0000000000  0.3333333333  0.6666666667  0.6666666667  0.3333333333  0.1681161102  0.0473499095  0.0169241838 -0.0000852750  0.0021902624 -0.0000057249  0.2506127613  0.0428116871 -0.0012201473  0.0024068613  0.0002236640  0.1385482997 -0.0004573734  0.0054739532  0.0001579517  0.0516868175  0.0001638470  0.0023490240  0.0092173635 -0.0001046832  0.0558984858
  0.4000000000  1.0000000000  0.3333333333  0.6666666667  0.6666666667  0.6666666667  0.1628470221  0.0458422918  0.0165195380 -0.0000138785 -0.0005789386  0.0000484140  0.2578249491  0.0482950777 -0.0000583282 -0.0003597696  0.0000639400  0.1536045098  0.0000247774 -0.0006177922  0.0000205507  0.0569684358 -0.0000073825 -0.0004299425  0.0085221873 -0.0000177714  0.0539268647
  0.4000000000  1.0000000000  0.3333333333  0.6666666667  0.6666666667  1.0000000000  0.1625579292  0.0454152318  0.0164935335 -0.0000231712 -0.0015140992  0.0000398899  0.2571860689  0.0482068982 -0.0001135914 -0.0009291335  0.0001347526  0.1532750268  0.0000342792 -0.0015850644  0.0000258538  0.0569989541 -0.0000055243 -0.0011096138  0.0085094293 -0.0000391477  0.0537358565
  0.4000000000  1.0000000000  0.3333333333  0.6666666667  1.0000000000  0.0000000000  0.1765500932  0.0258314601  0.0231087824 -0.0193621768 -0.0006594296  0.0031986587  0.0778534517  0.0537177007 -0.0514840482 -0.0007132032  0.0036760531  0.0596999915 -0.0526461810 -0.0004870008  0.0011334923  0.0540434739  0.0013161499 -0.0007639007  0.0351243392 -0.0323294881  0.0383258893
  0.4000000000  1.0000000000  0.3333333333  0.6666666667  1.0000000000  0.3333333333  0.1624192813  0.0452165553  0.0164837153 -0.0000519727 -0.0018552019  0.0000941564  0.2569240458  0.0481667654 -0.0002098070 -0.0011351928  0.0002710639  0.1531393397  0.0000294843 -0.0019478613  0.0000602664  0.0570414452 -0.0000107444 -0.0013660995  0.0085323797 -0.0000532425  0.0536766819
  0.4000000000  1.0000000000  0.3333333333  0.6666666667  1.0000000000  0.6666666667  0.1622855359  0.0450673920  0.0164927884 -0.0000472455 -0.0022192641  0.0000967776  0.2568779087  0.0481185331 -0.0001865956 -0.0013576280  0.0002565078  0.1529971368  0.0000060652 -0.0023259124  0.0000634014  0.0570639626 -0.0000098410 -0.0016252863  0.0085493590 -0.0000370507  0.0536226727
  0.4000000000  1.0000000000  0.3333333333  0.6666666667  1.0000000000  1.0000000000  0.0000000036  0.0000000011  0.0000000011 -0.0000000000 -0.0000000000  0.0000000000  0.3001987416  0.0770937376 -0.0020144471  0.0000000000  0.0000000000  0.2682666251 -0.0016650217 -0.0000000000  0.0000000000  0.1013348094  0.0000000000  0.0000000000  0.0000000011 -0.0000000000  0.0000000011
  0.4000000000  1.0000000000  0.3333333333  1.0000000000  0.0000000000  0.0000000000  0.2661348636  0.0000000010  0.0783042777 -0.0000000000  0.0057907465  0.0000000000  0.0000000036  0.0000000010 -0.0000000000  0.0000000001 -0.0000000000  0.2908345256 -0.0000000000  0.0059518127  0.0000000000  0.0000000011  0.0000000000 -0.0000000000  0.1017635383 -0.0000000000  0.0000000011
  0.4000000000  1.0000000000  0.3333333333  1.0000000000  0.0000000000  0.3333333333  0.2666755991  0.0000000010  0.0779908397 -0.0000000000  0.0057760366  0.0000000000  0.0000000036  0.0000000010 -0.0000000000  0.0000000001 -0.0000000000  0.2909326780 -0.0000000000  0.0059476935  0.0000000000  0.0000000011  0.0000000000 -0.0000000000  0.1015600987 -0.0000000000  0.0000000011
  0.4000000000  1.0000000000  0.3333333333  1.0000000000  0.0000000000  0.6666666667  0.0621554100  0.0534574204  0.0285572110 -0.0011451172  0.0042245941 -0.0479338920  0.0718153184  0.0280028437  0.0007059439  0.0019882457 -0.0469294617  0.1670779315  0.0008374052  0.0037659167 -0.0217107609  0.0376607804 -0.0331301865  0.0018512505  0.0373687873 -0.0011061121  0.0504975942
  0.4000000000  1.0000000000  0.3333333333  1.0000000000  0.0000000000  1.0000000000  0.0741601693  0.0498380039  0.0359791019  0.0002146354  0.0084847364 -0.0416986719  0.0917157837  0.0310414138  0.0059044234  0.0006476188 -0.0401811578  0.1706251084  0.0064397243  0.0072060448 -0.0176024815  0.0391133972 -0.0282312656 -0.0009640778  0.0390673994  0.0012270503  0.0424229679
  0.4000000000  1.0000000000  0.3333333333  1.0000000000  0.3333333333  0.0000000000  0.1513915974  0.0225037091  0.0225037716 -0.0225029423  0.0025084034 -0.0025083381  0.0546822650  0.0546788804 -0.0546781984  0.0024394158 -0.0024394583  0.0546820625 -0.0546780957  0.0024394238 -0.0024394555  0.0546794917 -0.0024393933  0.0024393705  0.0355178467 -0.0355163631  0.0355178457
  0.4000000000  1.0000000000  0.3333333333  1.0000000000  0.3333333333  0.3333333333  0.1703499612  0.0296948936  0.0314445611 -0.0186623286  0.0059042735  0.0003939251  0.0968514543  0.0472679005 -0.0408733229  0.0014780276  0.0003802776  0.0662984017 -0.0428496912  0.0062556129 -0.0013400688  0.0464541647 -0.0008312155  0.0017113141  0.0374774808 -0.0290827862  0.0379398737
  0.4000000000  1.0000000000  0.3333333333  1.0000000000  0.3333333333  0.6666666667  0.1493121338  0.0419040270  0.0179228622  0.0000165159  0.0047989202 -0.0000448380  0.2546772808  0.0496415654 -0.0001141610  0.0022908635  0.0002808076  0.1557344077 -0.0000413181  0.0027664723 -0.0000576711  0.0584356196 -0.0000085073  0.0027419015  0.0091762031  0.0000090002  0.0498507761
  0.4000000000  1.0000000000  0.3333333333  1.0000000000  0.3333333333  1.0000000000  0.1627992784  0.0457590885  0.0165045498  0.0000105423  0.0004714730  0.0000219116  0.2574602773  0.0482955921  0.0000353897  0.0002852851  0.0000316954  0.1535962225 -0.0000131632  0.0005123632  0.0000087608  0.0569619966 -0.0000031275  0.0003349343  0.0084941832  0.0000095973  0.0538718027
  0.4000000000  1.0000000000  0.3333333333  1.0000000000  0.6666666667  0.0000000000  0.1731400857  0.0285071402  0.0287575298 -0.0206448053  0.0036173668  0.0004808501  0.0774503905  0.0520107823 -0.0471723370  0.0017873248  0.0006000215  0.0613611302 -0.0480531949  0.0036747967 -0.0011416217  0.0502791689 -0.0008760542  0.0012477132  0.0372189549 -0.0323989893  0.0384944953
  0.4000000000  1.0000000000  0.3333333333  1.0000000000  0.6666666667  0.3333333333  0.2941312964  0.0771225075  0.0000000011 -0.0000000000 -0.0000000000  0.0038533639  0.2761196372  0.0000000011 -0.0000000000  0.0000000000  0.0034659702  0.0000000036 -0.0000000000 -0.0000000000  0.0000000000  0.0000000011 -0.0000000000  0.0000000000  0.0000000011 -0.0000000000  0.1007540583
  0.4000000000  1.0000000000  0.3333333333  1.0000000000  0.6666666667  0.6666666667  0.1628544472  0.0458388727  0.0165142075 -0.0000252275 -0.0004424859  0.0000934916  0.2577567825  0.0482908507 -0.0001030681 -0.0002689931  0.0001182781  0.1536193075  0.0000436743 -0.0004733588  0.0000389696  0.0569673798 -0.0000141808 -0.0003288916  0.0085243975 -0.0000305543  0.0539288369
  0.4000000000  1.0000000000  0.3333333333  1.0000000000  0.6666666667  1.0000000000  0.1628473893  0.0458528398  0.0165180590 -0.0000024605 -0.0005061673  0.0000223156  0.2578382939  0.0482992439 -0.0000114793 -0.0003170255  0.0000273261  0.1536034713  0.0000046123 -0.0005399011  0.0000091811  0.0569651915 -0.0000034120 -0.0003765025  0.0085175519 -0.0000035461  0.0539272456
  0.4000000000  1.0000000000  0.3333333333  1.0000000000  1.0000000000  0.0000000000  0.2928070901  0.0776355152  0.0000000010  0.0000000000 -0.0000000000  0.0051988851  0.2677905149  0.0000000010  0.0000000000 -0.0000000000  0.0049903114  0.0000000036 -0.0000000000 -0.0000000000  0.0000000001  0.0000000011 -0.0000000000 -0.0000000000  0.0000000011  0.0000000000  0.1015049669
  0.4000000000  1.0000000000  0.3333333333  1.0000000000  1.0000000000  0.3333333333  0.2918418401  0.0785540169  0.0000000011 -0.0000000000 -0.0000000000  0.0053968768  0.2741330006  0.0000000011  0.0000000000  0.0000000000  0.0047378872  0.0000000036 -0.0000000000 -0.0000000000  0.0000000001  0.0000000011 -0.0000000000 -0.0000000000  0.0000000011 -0.0000000000  0.1008698512
  0.4000000000  1.0000000000  0.3333333333  1.0000000000  1.0000000000  0.6666666667  0.2932655200  0.0763859708  0.0000000010 -0.0000000000  0.0000000000  0.0040039152  0.2717312609  0.0000000011 -0.0000000000  0.0000000000  0.0039822958  0.0000000036 -0.0000000000  0.0000000000  0.0000000000  0.0000000011 -0.0000000000  0.0000000000  0.0000000011 -0.0000000000  0.1023223425
  0.4000000000  1.0000000000  0.3333333333  1.0000000000  1.0000000000  1.0000000000  0.1627970630  0.0457394690  0.0165114044 -0.0000210831 -0.0007981846  0.0000695125  0.2576143761  0.0482654135 -0.0000966804 -0.0004872300  0.0001083730  0.1535133971  0.0000373137 -0.0008330285  0.0000319693  0.0569685734 -0.0000104725 -0.0005874454  0.0085210212 -0.0000304891  0.0538847225
  0.4000000000  1.0000000000  0.6666666667  0.0000000000  0.0000000000  0.0000000000  0.2989861404  0.0774142872  0.0000000010  0.0000000000  0.0000000000  0.0051374244  0.2635227620  0.0000000010  0.0000000000 -0.0000000000  0.0036007506  0.0000000036 -0.0000000000 -0.0000000000  0.0000000001  0.0000000011 -0.0000000000 -0.0000000000  0.0000000011  0.0000000000  0.1000703176
  0.4000000000  1.0000000000  0.6666666667  0.0000000000  0.0000000000  0.3333333333  0.1757980156  0.0199798581  0.0199797946  0.0199793467  0.0005715369  0.0005715448  0.0541973921  0.0541957508  0.0541953229  0.0004902177  0.0004902308  0.0541973713  0.0541953127  0.0004902118  0.0004902248  0.0541959667  0.0004902188  0.0004902191  0.0335750573  0.0335744043  0.0335751148
  0.4000000000  1.0000000000  0.6666666667  0.0000000000  0.0000000000  0.6666666667  0.1726396148  0.0191837733  0.0191837510  0.0191833282 -0.0002366019 -0.0002366254  0.0566107948  0.0566088666  0.0566083991 -0.0007049072 -0.0007049044  0.0566107774  0.0566083905 -0.0007048958 -0.0007048930  0.0566091896 -0.0007048863 -0.0007048965  0.0336767750  0.0336760632  0.0336768089
  0.4000000000  1.0000000000  0.6666666667  0.0000000000  0.0000000000  1.0000000000  0.1662636763  0.0190855945  0.0190855756  0.0190851583 -0.0005771972 -0.0005771961  0.0580716555  0.0580693986  0.0580688983 -0.0009581434 -0.0009581513  0.0580715809  0.0580688610 -0.0009581339 -0.0009581418  0.0580698151 -0.0009581285 -0.0009581368  0.0341170065  0.0341161984  0.0341170111
  0.4000000000  1.0000000000  0.6666666667  0.0000000000  0.3333333333  0.0000000000  0.2991635373  0.0751265517  0.0000000011 -0.0000000000 -0.0000000000  0.0043268798  0.2711682345  0.0000000011 -0.0000000000 -0.0000000000  0.0041002383  0.0000000036 -0.0000000000 -0.0000000000  0.0000000000  0.0000000011 -0.0000000000 -0.0000000000  0.0000000011  0.0000000000  0.1009915019
  0.4000000000  1.0000000000  0.6666666667  0.0000000000  0.3333333333  0.3333333333  0.2998480013  0.0771486360  0.0000000011 -0.0000000000  0.0000000000  0.0032305374  0.2732561194  0.0000000011 -0.0000000000  0.0000000000  0.0029563418  0.0000000036 -0.0000000000  0.0000000000  0.0000000000  0.0000000011 -0.0000000000  0.0000000000  0.0000000011 -0.0000000000  0.0999129572
  0.4000000000  1.0000000000  0.6666666667  0.0000000000  0.3333333333  0.6666666667  0.1628060222  0.0457567035  0.0165083225 -0.0000303996  0.0005126009 -0.0000710693  0.2574923641  0.0483020748 -0.0000951264  0.0003127578 -0.0001083629  0.1535946722  0.0000321792  0.0005576537 -0.0000287795  0.0569719408  0.0000099489  0.0003690244  0.0085010341 -0.0000243038  0.0538779115
  0.4000000000  1.0000000000  0.6666666667  0.0000000000  0.3333333333  1.0000000000  0.1381966917  0.0362194254  0.0165832033 -0.0001122517  0.0050714282 -0.0001505988  0.2474734899  0.0511551772 -0.0009318770  0.0018849602  0.0003504307  0.1608584189 -0.0000044871  0.0013620113 -0.0000883886  0.0603908801  0.0000369736  0.0017369044  0.0098532774  0.0001001087  0.0453529581
  0.4000000000  1.0000000000  0.6666666667  0.0000000000  0.6666666667  0.0000000000  0.1114005502  0.0359011288  0.0392229131 -0.0004396952  0.0279846061  0.0259529740  0.1075948144  0.0441855961 -0.0345055942 -0.0004398183  0.0266190713  0.0872135848 -0.0360952005  0.0285249146  0.0016658186  0.0422921856  0.0025542819  0.0046113592  0.0373991807 -0.0060779247  0.0366317178
  0.4000000000  1.0000000000  0.6666666667  0.0000000000  0.6666666667  0.3333333333  0.1249867615  0.0339109540  0.0188920881 -0.0000238408  0.0096686541  0.0029294579  0.2522766096  0.0514554814 -0.0008406490  0.0040384108  0.0029119717  0.1621868368 -0.0001430457  0.0056011360 -0.0001032009  0.0618986535  0.0000929381  0.0041759724  0.0108963048 -0.0002780491  0.0432169640
  0.4000000000  1.0000000000  0.6666666667  0.0000000000  0.6666666667  0.6666666667  0.1203903486  0.0314140904  0.0168581867 -0.0000721385  0.0066435349  0.0016972755  0.2529927497  0.0529143241 -0.0009695805  0.0028490522  0.0017968295  0.1687040936 -0.0002184388  0.0042199431 -0.0000365899  0.0638444171  0.0000326657  0.0029186031  0.0101866030 -0.0001655955  0.0397327094
  0.4000000000  1.0000000000  0.6666666667  0.0000000000  0.6666666667  1.0000000000  0.1122013325  0.0272780183  0.0140334793 -0.0002830585 -0.0006207045  0.0000558967  0.2566837204  0.0553348996 -0.0009708701 -0.0009302773  0.0001403240  0.1798388702  0.0000055352 -0.0024596978  0.0000850396  0.0669539949  0.0000404388 -0.0009044272  0.0085453329 -0.0002451676  0.0349454028
  0.4000000000  1.0000000000  0.6666666667  0.0000000000  1.0000000000  0.0000000000  0.0000000036  0.0000000010  0.0000000011 -0.0000000001 -0.0000000000 -0.0000000000  0.2917465727  0.0752775897 -0.0067211403 -0.0000000000 -0.0000000000  0.2666554378 -0.0063514649 -0.0000000000 -0.0000000000  0.1017330196 -0.0000000000 -0.0000000000  0.0000000011 -0.0000000000  0.0000000011
  0.4000000000  1.0000000000  0.6666666667  0.0000000000  1.0000000000  0.3333333333  0.0000000036  0.0000000010  0.0000000010 -0.0000000001 -0.0000000000  0.0000000000  0.2925442812  0.0783500122 -0.0057415855  0.0000000000  0.0000000000  0.2659720813 -0.0053135233 -0.0000000000  0.0000000000  0.1015508283  0.0000000000  0.0000000000  0.0000000011 -0.0000000000  0.0000000011
  0.4000000000  1.0000000000  0.6666666667  0.0000000000  1.0000000000  0.6666666667  0.0000000036  0.0000000010  0.0000000010 -0.0000000001 -0.0000000000 -0.0000000000  0.2929100394  0.0784594896 -0.0055757626 -0.0000000000 -0.0000000000  0.2657425686 -0.0050815755  0.0000000000 -0.0000000000  0.1015146774 -0.0000000000  0.0000000000  0.0000000011 -0.0000000000  0.0000000011
  0.4000000000  1.0000000000  0.6666666667  0.0000000000  1.0000000000  1.0000000000  0.0000000036  0.0000000011  0.0000000011 -0.0000000000 -0.0000000000 -0.0000000000  0.2955835287  0.0765928609 -0.0053232056  0.0000000000 -0.0000000000  0.2705680177 -0.0047051917  0.0000000000  0.0000000000  0.1011626281  0.0000000000  0.0000000000  0.0000000011 -0.0000000000  0.0000000011
  0.4000000000  1.0000000000  0.6666666667  0.3333333333  0.0000000000  0.0000000000  0.2764996388  0.0000000011  0.0777367431  0.0000000000  0.0052004715 -0.0000000000  0.0000000036  0.0000000011 -0.0000000000  0.0000000001 -0.0000000000  0.2877354319  0.0000000000  0.0054585956 -0.0000000000  0.0000000011 -0.0000000000 -0.0000000000  0.1005568045  0.0000000000  0.0000000011
  0.4000000000  1.0000000000  0.6666666667  0.3333333333  0.0000000000  0.3333333333  0.2795811686  0.0000000010  0.0741080118  0.0000000000  0.0041570560  0.0000000000  0.0000000036  0.0000000010  0.0000000000  0.0000000001  0.0000000000  0.2866780059  0.0000000001  0.0044405343 -0.0000000000  0.0000000011 -0.0000000000 -0.0000000000  0.1021592688  0.0000000000  0.0000000011
  0.4000000000  1.0000000000  0.6666666667  0.3333333333  0.0000000000  0.6666666667  0.2772507477  0.0000000011  0.0767799642  0.0000000000  0.0045220380 -0.0000000000  0.0000000036  0.0000000011 -0.0000000000  0.0000000001 -0.0000000000  0.2892509660  0.0000000000  0.0050808845 -0.0000000000  0.0000000011 -0.0000000000 -0.0000000000  0.1012707222  0.0000000000  0.0000000011
  0.4000000000  1.0000000000  0.6666666667  0.3333333333  0.0000000000  1.0000000000  0.2791398463  0.0000000011  0.0765726061 -0.0000000000  0.0031734519  0.0000000000  0.0000000036  0.0000000011 -0.0000000000  0.0000000000  0.0000000000  0.2906953182 -0.0000000000  0.0035664277  0.0000000000  0.0000000011  0.0000000000 -0.0000000000  0.1013013147 -0.0000000000  0.0000000011
  0.4000000000  1.0000000000  0.6666666667  0.3333333333  0.3333333333  0.0000000000  0.0981647056  0.0336728044  0.0447953605  0.0028006951  0.0368805586  0.0286358199  0.0997351209  0.0412035998 -0.0306343062  0.0003592408  0.0280933414  0.1035274685 -0.0327675553  0.0405462474 -0.0000928359  0.0402887896  0.0019531613  0.0076627887  0.0441912960 -0.0027028107  0.0376866113
  0.4000000000  1.0000000000  0.6666666667  0.3333333333  0.3333333333  0.3333333333  0.1950176848  0.0130316106  0.0570085391 -0.0014647696  0.0055360616  0.0006746686  0.0971924187  0.0198285122 -0.0040117192  0.0005648321  0.0000122500  0.2324522499 -0.0034176635  0.0052673712 -0.0000381692  0.0258252685  0.0004036314  0.0008111428  0.0727440744 -0.0002470358  0.0053880951
  0.4000000000  1.0000000000  0.6666666667  0.3333333333  0.3333333333  0.6666666667  0.1692431280  0.0379423087  0.0402807777 -0.0018271884  0.0102804295  0.0094328905  0.1656915163  0.0394459210 -0.0088579505  0.0018412644  0.0083903849  0.1675418927 -0.0087787666  0.0114102264  0.0018033063  0.0393040595  0.0033239212  0.0033476313  0.0394791391 -0.0039633035  0.0370341125
  0.4000000000  1.0000000000  0.6666666667  0.3333333333  0.3333333333  1.0000000000  0.1535950849  0.0164995863  0.0482908050  0.0000038169  0.0000026302 -0.0004499767  0.1628034995  0.0457471904  0.0000095949 -0.0000010207 -0.0004156570  0.2574017919  0.0000125997 -0.0000046918 -0.0002518322  0.0538654641 -0.0002958239 -0.0000014981  0.0569578039 -0.0000013691  0.0084899867
  0.4000000000  1.0000000000  0.6666666667  0.3333333333  0.6666666667  0.0000000000  0.1181951731  0.0326679999  0.0360204146 -0.0060678139  0.0216774754  0.0201884397  0.1079940513  0.0462040308 -0.0385784231 -0.0016504928  0.0208508722  0.0893131192 -0.0425780637  0.0204862529  0.0016314057  0.0454818902  0.0027884928  0.0002060329  0.0371294255 -0.0132529291  0.0352917685
  0.4000000000  1.0000000000  0.6666666667  0.3333333333  0.6666666667  0.3333333333  0.0926521770  0.0142755701  0.0230917450 -0.0004084028  0.0061695361  0.0027297336  0.2088187599  0.0572008504 -0.0046665730  0.0007277892  0.0017101775  0.2182500989 -0.0048391135  0.0053443758  0.0008625909  0.0699035463  0.0015870015  0.0001020491  0.0292409805 -0.0016736750  0.0069706120
  0.4000000000  1.0000000000  0.6666666667  0.3333333333  0.6666666667  0.6666666667  0.1511835375  0.0188191755  0.0481308428 -0.0000182119  0.0000540986  0.0011181685  0.1606755541  0.0455465214 -0.0001142937 -0.0000200154  0.0009487653  0.2484922382 -0.0000629387 -0.0000121708  0.0004900494  0.0533237958  0.0007218118 -0.0000353060  0.0565705994  0.0000115871  0.0089159722
  0.4000000000  1.0000000000  0.6666666667  0.3333333333  0.6666666667  1.0000000000  0.1536158277  0.0165133618  0.0482878798  0.0000086367  0.0000057393  0.0004259755  0.1628231951  0.0457151441  0.0000177344 -0.0000013021  0.0003847640  0.2572355715  0.0000319397 -0.0000115313  0.0002140569  0.0538540901  0.0002551247 -0.0000035062  0.0569590127 -0.0000027027  0.0084972609
  0.4000000000  1.0000000000  0.6666666667  0.3333333333  1.0000000000  0.0000000000  0.1182232556  0.0338747908  0.0342030608 -0.0044250845  0.0199618831  0.0192840935  0.1218961952  0.0487807692 -0.0397911071 -0.0005887669  0.0194568299  0.1071218184 -0.0390284035  0.0184741609  0.0007603896  0.0530530547  0.0006199086  0.0017594694  0.0349382642 -0.0147916444  0.0340976078
  0.4000000000  1.0000000000  0.6666666667  0.3333333333  1.0000000000  0.3333333333  0.0000000036  0.0000000011  0.0000000010 -0.0000000000 -0.0000000000 -0.0000000000  0.2970848627  0.0770813167 -0.0052621128 -0.0000000000 -0.0000000000  0.2657896923 -0.0043932503  0.0000000000 -0.0000000000  0.1009681400 -0.0000000000 -0.0000000000  0.0000000011 -0.0000000000  0.0000000011
  0.4000000000  1.0000000000  0.6666666667  0.3333333333  1.0000000000  0.6666666667  0.0000000036  0.0000000010  0.0000000010 -0.0000000000 -0.0000000000  0.0000000000  0.2970205018  0.0768802291 -0.0050841088  0.0000000000  0.0000000000  0.2667611782 -0.0044130734 -0.0000000000  0.0000000000  0.1010714321  0.0000000000  0.0000000000  0.0000000011 -0.0000000000  0.0000000011
  0.4000000000  1.0000000000  0.6666666667  0.3333333333  1.0000000000  1.0000000000  0.0000000036  0.0000000011  0.0000000011 -0.0000000000 -0.0000000000 -0.0000000000  0.2992064161  0.0747363869 -0.0039247021 -0.0000000000 -0.0000000000  0.2658925801 -0.0036901047  0.0000000000 -0.0000000000  0.1020702326 -0.0000000000 -0.0000000000  0.0000000011  0.0000000000  0.0000000011
  0.4000000000  1.0000000000  0.6666666667  0.6666666667  0.0000000000  0.0000000000  0.2691988654  0.0000000011  0.0789366277  0.0000000000  0.0063975808 -0.0000000000  0.0000000036  0.0000000011 -0.0000000000  0.0000000001 -0.0000000000  0.2879278580  0.0000000000  0.0070389603  0.0000000000  0.0000000011 -0.0000000000 -0.0000000000  0.1013982846  0.0000000000  0.0000000011
  0.4000000000  1.0000000000  0.6666666667  0.6666666667  0.0000000000  0.3333333333  0.2715789458  0.0000000011  0.0748802840  0.0000000000  0.0056430255  0.0000000000  0.0000000036  0.0000000011 -0.0000000000  0.0000000000 -0.0000000000  0.2918440867  0.0000000000  0.0061539560  0.0000000000  0.0000000011  0.0000000000 -0.0000000000  0.1016393023 -0.0000000000  0.0000000011
  0.4000000000  1.0000000000  0.6666666667  0.6666666667  0.0000000000  0.6666666667  0.2736052607  0.0000000011  0.0750393144  0.0000000000  0.0045166801  0.0000000000  0.0000000036  0.0000000011  0.0000000000  0.0000000000 -0.0000000000  0.2940981858  0.0000000000  0.0047191880 -0.0000000000  0.0000000011 -0.0000000000 -0.0000000000  0.1019555271  0.0000000000  0.0000000011
  0.4000000000  1.0000000000  0.6666666667  0.6666666667  0.0000000000  1.0000000000  0.2738680887  0.0000000011  0.0752724374  0.0000000000  0.0042164647  0.0000000000  0.0000000036  0.0000000011  0.0000000000  0.0000000000 -0.0000000000  0.2944921774  0.0000000000  0.0044065891 -0.0000000000  0.0000000011 -0.0000000000 -0.0000000000  0.1019846880  0.0000000000  0.0000000011
  0.4000000000  1.0000000000  0.6666666667  0.6666666667  0.3333333333  0.0000000000  0.2681703208  0.0000000011  0.0754187511  0.0000000000  0.0062280697 -0.0000000000  0.0000000036  0.0000000010  0.0000000000  0.0000000001 -0.0000000000  0.2909973285  0.0000000000  0.0065448149 -0.0000000000  0.0000000011 -0.0000000000 -0.0000000000  0.1018154757  0.0000000000  0.0000000011
  0.4000000000  1.0000000000  0.6666666667  0.6666666667  0.3333333333  0.3333333333  0.2680791278  0.0000000010  0.0776876105  0.0000000000  0.0058425077 -0.0000000000  0.0000000037  0.0000000010 -0.0000000000  0.0000000001  0.0000000000  0.2900001495  0.0000000000  0.0059058206 -0.0000000000  0.0000000011 -0.0000000000 -0.0000000000  0.1014823139  0.0000000000  0.0000000011
  0.4000000000  1.0000000000  0.6666666667  0.6666666667  0.3333333333  0.6666666667  0.2178751286  0.0067050586  0.0674934537  0.0000274556  0.0087330832 -0.0001379163  0.0459501408  0.0082611686  0.0000369464  0.0007459483 -0.0000276104  0.2502192831  0.0000398894  0.0082340038 -0.0001012217  0.0075722397 -0.0000543831 -0.0006118035  0.0857790230  0.0000436040  0.0049407267
  0.4000000000  1.0000000000  0.6666666667  0.6666666667  0.3333333333  1.0000000000  0.1834183809  0.0185307488  0.0557924871  0.0016412041  0.0007188148 -0.0048366519  0.1233714903  0.0214733990  0.0031797434 -0.0019061801 -0.0028423016  0.2146379200  0.0031381947  0.0011395969 -0.0022819596  0.0218317327 -0.0018954076 -0.0030719599  0.0686361000  0.0008686393  0.0136138557
  0.4000000000  1.0000000000  0.6666666667  0.6666666667  0.6666666667  0.0000000000  0.1107334565  0.0337690235  0.0428495092 -0.0019631896  0.0268588109  0.0207054116  0.1180857566  0.0420220412 -0.0300586832 -0.0003660972  0.0217264586  0.0992944218 -0.0312172322  0.0301007142  0.0005710288  0.0406167095  0.0014451464  0.0049138586  0.0392512685 -0.0090192913  0.0336112717
  0.4000000000  1.0000000000  0.6666666667  0.6666666667  0.6666666667  0.3333333333  0.1010040453  0.0320027055  0.0339401841 -0.0014419449  0.0250562994  0.0194948644  0.1388795376  0.0410945766 -0.0223442859  0.0009601447  0.0189081212  0.1309778424 -0.0241117769  0.0201667774  0.0002918377  0.0530758497  0.0018111238  0.0018998199  0.0326586973 -0.0095745043  0.0307618426
  0.4000000000  1.0000000000  0.6666666667  0.6666666667  0.6666666667  0.6666666667  0.1692489200  0.0345349435  0.0375536103 -0.0020001419  0.0110886042  0.0109369667  0.1460380052  0.0351776661 -0.0077554082  0.0007233919  0.0096427317  0.1575172583 -0.0075059379  0.0111987663  0.0008072670  0.0352376252  0.0025104800  0.0020661739  0.0384125941 -0.0063711673  0.0353361733
  0.4000000000  1.0000000000  0.6666666667  0.6666666667  0.6666666667  1.0000000000  0.1588762559  0.0160704479  0.0501373719 -0.0000170051 -0.0001749931  0.0007979487  0.1463449311  0.0353683454 -0.0008946356  0.0002338560  0.0032261180  0.2407613249 -0.0008335448  0.0014554703  0.0010205790  0.0440032357  0.0010641635  0.0004252784  0.0593970916 -0.0000130613  0.0099967229
  0.4000000000  1.0000000000  0.6666666667  0.6666666667  1.0000000000  0.0000000000  0.1237735854  0.0371318186  0.0388703229 -0.0043332548  0.0211724026  0.0206339207  0.1231541757  0.0459079109 -0.0355541708 -0.0014482374  0.0217035919  0.1106392171 -0.0366296714  0.0218033965 -0.0007418005  0.0505548869  0.0010017577  0.0018724979  0.0360167434 -0.0150056231  0.0352682651
  0.4000000000  1.0000000000  0.6666666667  0.6666666667  1.0000000000  0.3333333333  0.1628517133  0.0458270685  0.0165138282 -0.0000320062 -0.0004893988  0.0001146471  0.2577272534  0.0482875807 -0.0001276984 -0.0002957578  0.0001472596  0.1536261315  0.0000526989 -0.0005253798  0.0000475692  0.0569723747 -0.0000172559 -0.0003644817  0.0085291462 -0.0000370367  0.0539287065
  0.4000000000  1.0000000000  0.6666666667  0.6666666667  1.0000000000  0.6666666667  0.1627185843  0.0456407573  0.0164981323 -0.0000334264 -0.0009663952  0.0000928078  0.2574416936  0.0482577141 -0.0001404226 -0.0005899795  0.0001662120  0.1534568620  0.0000471825 -0.0010176038  0.0000431756  0.0569834368 -0.0000131735 -0.0007131322  0.0085129798 -0.0000425449  0.0538394416
  0.4000000000  1.0000000000  0.6666666667  0.6666666667  1.0000000000  1.0000000000  0.1622583428  0.0450239136  0.0165487392 -0.0000273694 -0.0025378182  0.0000430984  0.2572133817  0.0480834276 -0.0001036817 -0.0015433333  0.0001376027  0.1529038729 -0.0000122544 -0.0026479690  0.0000314703  0.0570802000 -0.0000026149 -0.0018487300  0.0085974595 -0.0000112537  0.0536238619
  0.4000000000  1.0000000000  0.6666666667  1.0000000000  0.0000000000  0.0000000000  0.2657409099  0.0000000010  0.0780392851 -0.0000000000  0.0057803749  0.0000000000  0.0000000036  0.0000000010 -0.0000000000  0.0000000001 -0.0000000000  0.2915485141 -0.0000000000  0.0060764895  0.0000000000  0.0000000011  0.0000000000 -0.0000000000  0.1016236655 -0.0000000000  0.0000000011
  0.4000000000  1.0000000000  0.6666666667  1.0000000000  0.0000000000  0.3333333333  0.2653097218  0.0000000010  0.0782697137  0.0000000000  0.0053793544  0.0000000000  0.0000000036  0.0000000010  0.0000000000  0.0000000001 -0.0000000000  0.2923025126  0.0000000000  0.0058164812 -0.0000000000  0.0000000011 -0.0000000000 -0.0000000000  0.1017483260  0.0000000000  0.0000000011
  0.4000000000  1.0000000000  0.6666666667  1.0000000000  0.0000000000  0.6666666667  0.2673112822  0.0000000011  0.0768381435  0.0000000000  0.0042946784  0.0000000000  0.0000000036  0.0000000011  0.0000000000  0.0000000000 -0.0000000000  0.2961294197  0.0000000000  0.0046328679 -0.0000000000  0.0000000011 -0.0000000000 -0.0000000000  0.1018740554  0.0000000000  0.0000000011
  0.4000000000  1.0000000000  0.6666666667  1.0000000000  0.0000000000  1.0000000000  0.2666913971  0.0000000011  0.0782607583 -0.0000000000  0.0037338917  0.0000000000  0.0000000036  0.0000000011 -0.0000000000  0.0000000000 -0.0000000000  0.2953627234 -0.0000000000  0.0042930119  0.0000000000  0.0000000011  0.0000000000 -0.0000000000  0.1011913790 -0.0000000000  0.0000000011
  0.4000000000  1.0000000000  0.6666666667  1.0000000000  0.3333333333  0.0000000000  0.2669049672  0.0000000011  0.0752939609  0.0000000000  0.0063095388 -0.0000000000  0.0000000036  0.0000000010  0.0000000000  0.0000000001 -0.0000000000  0.2918328582  0.0000000000  0.0066761710 -0.0000000000  0.0000000011 -0.0000000000 -0.0000000000  0.1017340006  0.0000000000  0.0000000011
  0.4000000000  1.0000000000  0.6666666667  1.0000000000  0.3333333333  0.3333333333  0.2472338598  0.0327290968  0.0522197290 -0.0047551875  0.0006314585  0.0012370085  0.1072157035  0.0176189091 -0.0103353842 -0.0001205136  0.0010482366  0.1897497288 -0.0054896682  0.0004328490  0.0002017380  0.0101258730  0.0004458847  0.0002356110  0.0621644694 -0.0050230662  0.0421202438
  0.4000000000  1.0000000000  0.6666666667  1.0000000000  0.3333333333  0.6666666667  0.2673090529  0.0000000011  0.0760089131 -0.0000000000  0.0047207020  0.0000000000  0.0000000036  0.0000000010 -0.0000000000  0.0000000000 -0.0000000000  0.2955585163 -0.0000000000  0.0050004544  0.0000000000  0.0000000011  0.0000000000 -0.0000000000  0.1009008422 -0.0000000000  0.0000000011
  0.4000000000  1.0000000000  0.6666666667  1.0000000000  0.3333333333  1.0000000000  0.2576731854  0.0482913758  0.0458117828  0.0003281747 -0.0001220133 -0.0001063854  0.1535854851  0.0165094123  0.0005711308 -0.0000368802  0.0000417683  0.1628344449  0.0005343582 -0.0000903323 -0.0000290281  0.0085141068 -0.0000297104  0.0000134671  0.0539140956  0.0003932380  0.0569658708
  0.4000000000  1.0000000000  0.6666666667  1.0000000000  0.6666666667  0.0000000000  0.0975411883  0.0346449812  0.0406028677  0.0009402746  0.0325851823  0.0289328743  0.1033543756  0.0400406888 -0.0331010638 -0.0021209212  0.0293166953  0.1072375020 -0.0372543050  0.0369911391 -0.0036116502  0.0408012358  0.0005932607  0.0050798684  0.0409875127 -0.0063399795  0.0383678174
  0.4000000000  1.0000000000  0.6666666667  1.0000000000  0.6666666667  0.3333333333  0.1279971150  0.0347313981  0.0368678723 -0.0033782130  0.0195870145  0.0204597510  0.1210438470  0.0384919950 -0.0242611246 -0.0013706523  0.0201028074  0.1156605593 -0.0253516590  0.0197694745  0.0011221154  0.0362288487  0.0058981902  0.0007423373  0.0343885297 -0.0089404210  0.0364339963
  0.4000000000  1.0000000000  0.6666666667  1.0000000000  0.6666666667  0.6666666667  0.2253814581  0.0438985817  0.0425072677 -0.0020102831  0.0033527593  0.0030659644  0.1352443440  0.0225517892 -0.0021835299 -0.0000912570  0.0022488918  0.1428216824 -0.0018040487  0.0027334612  0.0001874094  0.0095218465  0.0000573244  0.0000532049  0.0500460182 -0.0039488492  0.0530781229
  0.4000000000  1.0000000000  0.6666666667  1.0000000000  0.6666666667  1.0000000000  0.2414855274  0.0456137669  0.0443468457  0.0005637940  0.0006111180  0.0003844391  0.1367126656  0.0218497479  0.0010380030 -0.0002326352  0.0003073945  0.1471776192  0.0010289079  0.0005183887 -0.0001854779  0.0085419328  0.0000044399 -0.0000071493  0.0525216157  0.0004742497  0.0557485589
  0.4000000000  1.0000000000  0.6666666667  1.0000000000  1.0000000000  0.0000000000  0.2926365877  0.0750631823  0.0000000010 -0.0000000000  0.0000000001  0.0037738378  0.2753559218  0.0000000010  0.0000000000  0.0000000000  0.0037137523  0.0000000036 -0.0000000000  0.0000000000  0.0000000001  0.0000000011 -0.0000000000  0.0000000000  0.0000000011 -0.0000000000  0.1021673734
  0.4000000000  1.0000000000  0.6666666667  1.0000000000  1.0000000000  0.3333333333  0.2925582444  0.0754596421  0.0000000010  0.0000000000 -0.0000000001  0.0033276167  0.2762361575  0.0000000011  0.0000000000 -0.0000000000  0.0033139558  0.0000000036  0.0000000000 -0.0000000000  0.0000000000  0.0000000011 -0.0000000000 -0.0000000000  0.0000000011  0.0000000000  0.1020925548
  0.4000000000  1.0000000000  0.6666666667  1.0000000000  1.0000000000  0.6666666667  0.2911331390  0.0759040786  0.0000000010 -0.0000000000  0.0000000001  0.0044313231  0.2740236965  0.0000000010  0.0000000000  0.0000000000  0.0044081048  0.0000000036  0.0000000000  0.0000000000  0.0000000001  0.0000000011 -0.0000000000  0.0000000000  0.0000000011 -0.0000000000  0.1019387899
  0.4000000000  1.0000000000  0.6666666667  1.0000000000  1.0000000000  1.0000000000  0.2911135055  0.0783800806  0.0000000011  0.0000000000  0.0000000000  0.0050860558  0.2756701451  0.0000000011 -0.0000000000 -0.0000000000  0.0045857882  0.0000000036 -0.0000000000 -0.0000000000  0.0000000001  0.0000000011 -0.0000000000  0.0000000000  0.0000000011  0.0000000000  0.1006930043
  0.4000000000  1.0000000000  1.0000000000  0.0000000000  0.0000000000  0.0000000000  0.0981447795  0.0226203751  0.0224600823  0.0222554252  0.0220136719  0.0224384643  0.0287269636  0.0280892727  0.0279411196  0.0214392799  0.0216331928  0.0291791498  0.0280352472  0.0212063082  0.0214273891  0.0283299113  0.0214311935  0.0213239702  0.0261733212  0.0256212283  0.0261576561
  0.4000000000  1.0000000000  1.0000000000  0.0000000000  0.0000000000  0.3333333333  0.1515835625  0.0224831170  0.0224831941  0.0224823930  0.0028031141  0.0028030841  0.0541116617  0.0541087581  0.0541081602  0.0028630473  0.0028630626  0.0541115097  0.0541080814  0.0028630313  0.0028630365  0.0541092294  0.0028630006  0.0028629890  0.0355421738  0.0355408344  0.0355421643
  0.4000000000  1.0000000000  1.0000000000  0.0000000000  0.0000000000  0.6666666667  0.1565867309  0.0213677439  0.0213676069  0.0213667529  0.0017345302  0.0017344302  0.0560866044  0.0560831151  0.0560823562  0.0018046597  0.0018046395  0.0560863131  0.0560822129  0.0018046861  0.0018046650  0.0560836813  0.0018045892  0.0018045920  0.0350780258  0.0350766987  0.0350781726
  0.4000000000  1.0000000000  1.0000000000  0.0000000000  0.0000000000  1.0000000000  0.1603021525  0.0195770190  0.0195769276  0.0195763559 -0.0000000000 -0.0000000000  0.0585564715  0.0585535098  0.0585528876  0.0000000000 -0.0000000000  0.0585562896  0.0585527959 -0.0000000000 -0.0000000000  0.0585540631 -0.0000000000 -0.0000000000  0.0348620973  0.0348610052  0.0348621097
  0.4000000000  1.0000000000  1.0000000000  0.0000000000  0.3333333333  0.0000000000  0.0977847595  0.0319810683  0.0463098375  0.0035838524  0.0375486106  0.0174401512  0.1394704327  0.0358749511 -0.0082304356  0.0131965832  0.0176004536  0.0781715244 -0.0092523126  0.0392347810  0.0059286095  0.0372829397  0.0063040346  0.0219098570  0.0419739613  0.0055817313  0.0375999779
  0.4000000000  1.0000000000  1.0000000000  0.0000000000  0.3333333333  0.3333333333  0.1674006343  0.0246788869  0.0252646094  0.0201788536  0.0007149781  0.0017072301  0.0654147310  0.0564139059  0.0490501522  0.0005227162  0.0018042227  0.0738261408  0.0482293098  0.0013334520  0.0005201289  0.0538848354  0.0013035307  0.0010644626  0.0375553628  0.0333517121  0.0365536573
  0.4000000000  1.0000000000  1.0000000000  0.0000000000  0.3333333333  0.6666666667  0.1584390347  0.0209583706  0.0209581905  0.0209573257  0.0015141783  0.0015141042  0.0564719526  0.0564682932  0.0564674918  0.0015007959  0.0015007446  0.0564716379  0.0564673364  0.0015007976  0.0015007455  0.0564688768  0.0015006974  0.0015007101  0.0350046749  0.0350033228  0.0350048436
  0.4000000000  1.0000000000  1.0000000000  0.0000000000  0.3333333333  1.0000000000  0.1605662434  0.0195526966  0.0195526068  0.0195520350 -0.0000000000 -0.0000000000  0.0585463342  0.0585433860  0.0585427625 -0.0000000000 -0.0000000000  0.0585461582  0.0585426739 -0.0000000000  0.0000000000  0.0585439332 -0.0000000000 -0.0000000000  0.0348378804  0.0348367920  0.0348378938
  0.4000000000  1.0000000000  1.0000000000  0.0000000000  0.6666666667  0.0000000000  0.0976198074  0.0342750143  0.0422044575  0.0041082768  0.0329225032  0.0284493393  0.1087819986  0.0416746967 -0.0267563447  0.0016658957  0.0281323270  0.1036067183 -0.0280575028  0.0350690979  0.0032743477  0.0394074650  0.0051976762  0.0088573197  0.0405065052  0.0000207788  0.0373099808
  0.4000000000  1.0000000000  1.0000000000  0.0000000000  0.6666666667  0.3333333333  0.1254309682  0.0317276894  0.0261056411  0.0011212064  0.0120693996  0.0059792056  0.2218090151  0.0504872200 -0.0019344763  0.0056344551  0.0054664300  0.1548172640  0.0004076425  0.0096697336  0.0007524985  0.0622629467  0.0005681260  0.0063126441  0.0140294057  0.0004916084  0.0389705360
  0.4000000000  1.0000000000  1.0000000000  0.0000000000  0.6666666667  0.6666666667  0.1386137275  0.0257499327  0.0246272887  0.0121137278  0.0004533690 -0.0002178794  0.1658415382  0.0558958062  0.0188718453  0.0002183376 -0.0002327369  0.1437637598  0.0190153307  0.0004287386 -0.0000167637  0.0640814331  0.0000924497  0.0001918242  0.0271297251  0.0183754305  0.0266388396
  0.4000000000  1.0000000000  1.0000000000  0.0000000000  0.6666666667  1.0000000000  0.1648537800  0.0195803465  0.0195803691  0.0195799198 -0.0000000000 -0.0000000000  0.0553743698  0.0553721835  0.0553716561  0.0000000000 -0.0000000000  0.0553744070  0.0553716743 -0.0000000000  0.0000000000  0.0553725811 -0.0000000000 -0.0000000000  0.0341598097  0.0341589067  0.0341597874
  0.4000000000  1.0000000000  1.0000000000  0.0000000000  1.0000000000  0.0000000000  0.0000000036  0.0000000010  0.0000000011 -0.0000000000 -0.0000000000 -0.0000000000  0.2934988680  0.0772848854 -0.0051613291 -0.0000000000 -0.0000000000  0.2677264871 -0.0048925909 -0.0000000000 -0.0000000000  0.1015363992 -0.0000000000 -0.0000000000  0.0000000011 -0.0000000000  0.0000000011
  0.4000000000  1.0000000000  1.0000000000  0.0000000000  1.0000000000  0.3333333333  0.0000000036  0.0000000010  0.0000000011 -0.0000000000 -0.0000000000 -0.0000000000  0.2939946203  0.0773222641 -0.0043135653 -0.0000000000 -0.0000000000  0.2693477037 -0.0041894585  0.0000000000 -0.0000000000  0.1020713340 -0.0000000000 -0.0000000000  0.0000000011  0.0000000000  0.0000000011
  0.4000000000  1.0000000000  1.0000000000  0.0000000000  1.0000000000  0.6666666667  0.1536036123  0.0165134500  0.0482933554 -0.0000322248  0.0000362272  0.0005965830  0.1628372153  0.0458247423 -0.0000780644 -0.0000230239  0.0005565638  0.2577444085 -0.0001019997 -0.0000890821  0.0003435026  0.0539193499  0.0004121432 -0.0000255778  0.0569690835  0.0000116836  0.0085182404
  0.4000000000  1.0000000000  1.0000000000  0.0000000000  1.0000000000  1.0000000000  0.1535834192  0.0164983912  0.0483006839 -0.0000034067 -0.0000000000 -0.0000000000  0.1628201293  0.0458241483 -0.0000084330  0.0000000000 -0.0000000000  0.2576661117 -0.0000098358 -0.0000000000 -0.0000000000  0.0539005752 -0.0000000000 -0.0000000000  0.0569544725  0.0000011798  0.0084951752
  0.4000000000  1.0000000000  1.0000000000  0.3333333333  0.0000000000  0.0000000000  0.2677751030  0.0000000011  0.0789561545 -0.0000000000  0.0066766996 -0.0000000000  0.0000000036  0.0000000011 -0.0000000000  0.0000000000 -0.0000000000  0.2873753573  0.0000000000  0.0072545212  0.0000000000  0.0000000011 -0.0000000000 -0.0000000000  0.1013438463  0.0000000000  0.0000000011
  0.4000000000  1.0000000000  1.0000000000  0.3333333333  0.0000000000  0.3333333333  0.2766245027  0.0000000011  0.0748123184  0.0000000000  0.0041038645  0.0000000000  0.0000000036  0.0000000010  0.0000000000  0.0000000000 -0.0000000000  0.2920660438  0.0000000000  0.0043449985 -0.0000000000  0.0000000011 -0.0000000000 -0.0000000000  0.1021654290  0.0000000000  0.0000000011
  0.4000000000  1.0000000000  1.0000000000  0.3333333333  0.0000000000  0.6666666667  0.2718619528  0.0000000011  0.0790815806 -0.0000000000  0.0053015424 -0.0000000000  0.0000000036  0.0000000011 -0.0000000000  0.0000000000 -0.0000000000  0.2902284255  0.0000000000  0.0061538388  0.0000000000  0.0000000011  0.0000000000 -0.0000000000  0.1013105795  0.0000000000  0.0000000011
  0.4000000000  1.0000000000  1.0000000000  0.3333333333  0.0000000000  1.0000000000  0.2810790236  0.0000000011  0.0752079652  0.0000000000  0.0017497185 -0.0000000000  0.0000000036  0.0000000011 -0.0000000000  0.0000000000 -0.0000000000  0.2911039138  0.0000000000  0.0019667426 -0.0000000000  0.0000000011 -0.0000000000  0.0000000000  0.1023751002  0.0000000000  0.0000000011
  0.4000000000  1.0000000000  1.0000000000  0.3333333333  0.3333333333  0.0000000000  0.0570203144  0.0187161204  0.0570167683  0.0020790506  0.0570158192  0.0020790612  0.1511257509  0.0187161462  0.0013360215  0.0187157200  0.0013360598  0.0570206740  0.0020790714  0.0570159985  0.0020790825  0.0340540734  0.0020789915  0.0340526829  0.0570175857  0.0020790052  0.0340541155
  0.4000000000  1.0000000000  1.0000000000  0.3333333333  0.3333333333  0.3333333333  0.2715016236  0.0000000011  0.0790909697  0.0000000000  0.0055601015 -0.0000000000  0.0000000036  0.0000000011 -0.0000000000  0.0000000001 -0.0000000000  0.2901172791  0.0000000000  0.0064595099  0.0000000000  0.0000000011 -0.0000000000 -0.0000000000  0.1014081654  0.0000000000  0.0000000011
  0.4000000000  1.0000000000  1.0000000000  0.3333333333  0.3333333333  0.6666666667  0.2783808883  0.0000000011  0.0754133509  0.0000000000  0.0026373510 -0.0000000000  0.0000000036  0.0000000011  0.0000000000  0.0000000000 -0.0000000000  0.2937205829  0.0000000000  0.0028237606 -0.0000000000  0.0000000011 -0.0000000000 -0.0000000000  0.1019745315  0.0000000000  0.0000000011
  0.4000000000  1.0000000000  1.0000000000  0.3333333333  0.3333333333  1.0000000000  0.2781347061  0.0000000011  0.0758102553  0.0000000000  0.0021015570  0.0000000000  0.0000000036  0.0000000010  0.0000000000  0.0000000000 -0.0000000000  0.2930705210  0.0000000001  0.0020974771 -0.0000000000  0.0000000011 -0.0000000000 -0.0000000000  0.1021516829  0.0000000000  0.0000000011
  0.4000000000  1.0000000000  1.0000000000  0.3333333333  0.6666666667  0.0000000000  0.1105689997  0.0400868410  0.0414168947  0.0022021622  0.0343534328  0.0313981024  0.1189775618  0.0374195524 -0.0277292411  0.0000054035  0.0305355364  0.1133422872 -0.0278573197  0.0313999409 -0.0010223677  0.0387260553  0.0041212170  0.0054510667  0.0396563990 -0.0023988760  0.0385309305
  0.4000000000  1.0000000000  1.0000000000  0.3333333333  0.6666666667  0.3333333333  0.1483122277  0.0160813574  0.0464043054 -0.0000566196  0.0000806323  0.0013018605  0.1641735807  0.0458988758 -0.0001153799 -0.0000424153  0.0012650947  0.2545132566 -0.0001697762 -0.0001165446  0.0007557037  0.0543912717  0.0008993490 -0.0000269623  0.0548767977 -0.0001789408  0.0086749100
  0.4000000000  1.0000000000  1.0000000000  0.3333333333  0.6666666667  0.6666666667  0.1532565910  0.0165179959  0.0481473253  0.0000215237  0.0000016319  0.0020035606  0.1623845356  0.0450551295  0.0000464095  0.0000136113  0.0018867018  0.2561379884  0.0000636327  0.0000348641  0.0011319308  0.0535566673  0.0013294917  0.0000028478  0.0570231270 -0.0000052779  0.0085127726
  0.4000000000  1.0000000000  1.0000000000  0.3333333333  0.6666666667  1.0000000000  0.1535851197  0.0164919311  0.0482952889  0.0000030884  0.0000025783 -0.0001004180  0.1627975533  0.0457801520  0.0000080096 -0.0000014689 -0.0000923594  0.2574986466  0.0000102190 -0.0000052188 -0.0000600657  0.0538757630 -0.0000693985 -0.0000014903  0.0569530709 -0.0000013840  0.0084865234
  0.4000000000  1.0000000000  1.0000000000  0.3333333333  1.0000000000  0.0000000000  0.0000000036  0.0000000010  0.0000000010 -0.0000000000  0.0000000000  0.0000000000  0.2921921695  0.0744881359 -0.0050812607  0.0000000000 -0.0000000000  0.2753036513 -0.0046813652  0.0000000000 -0.0000000000  0.1017371393 -0.0000000000 -0.0000000000  0.0000000011  0.0000000000  0.0000000011
  0.4000000000  1.0000000000  1.0000000000  0.3333333333  1.0000000000  0.3333333333  0.1347581589  0.0175546894  0.0417133125  0.0000532400 -0.0000760725  0.0079671871  0.1680998926  0.0471659811 -0.0000864847 -0.0001797336  0.0045279003  0.2526800528  0.0000655550  0.0000652427  0.0037708319  0.0562276796  0.0041784461 -0.0000225112  0.0514020455 -0.0000066080  0.0095316402
  0.4000000000  1.0000000000  1.0000000000  0.3333333333  1.0000000000  0.6666666667  0.1534901673  0.0165038704  0.0482602596 -0.0000222873 -0.0000102816  0.0009857669  0.1627202432  0.0456286471 -0.0000582471 -0.0000088026  0.0009343632  0.2573223736 -0.0000159449 -0.0000032763  0.0005786677  0.0538128037  0.0006853967  0.0000131034  0.0569688934  0.0000080489  0.0084961791
  0.4000000000  1.0000000000  1.0000000000  0.3333333333  1.0000000000  1.0000000000  0.1535813579  0.0164943573  0.0482957275  0.0000032171 -0.0000148062  0.0002080080  0.1628089843  0.0457838700  0.0000080346  0.0000111196  0.0001928387  0.2575186047  0.0000121195  0.0000380779  0.0001177019  0.0538810701  0.0001384153  0.0000104017  0.0569540605 -0.0000011831  0.0084888852
  0.4000000000  1.0000000000  1.0000000000  0.6666666667  0.0000000000  0.0000000000  0.2652890390  0.0000000010  0.0784244265  0.0000000000  0.0050745398  0.0000000000  0.0000000036  0.0000000010  0.0000000000  0.0000000001 -0.0000000000  0.2933843767  0.0000000000  0.0056780203 -0.0000000000  0.0000000011  0.0000000000 -0.0000000000  0.1014054244  0.0000000000  0.0000000011
  0.4000000000  1.0000000000  1.0000000000  0.6666666667  0.0000000000  0.3333333333  0.2657953994  0.0000000010  0.0783188891  0.0000000000  0.0053652502  0.0000000000  0.0000000036  0.0000000010  0.0000000000  0.0000000001 -0.0000000000  0.2921857355  0.0000000000  0.0057701523 -0.0000000000  0.0000000011 -0.0000000000 -0.0000000000  0.1016766311  0.0000000000  0.0000000011
  0.4000000000  1.0000000000  1.0000000000  0.6666666667  0.0000000000  0.6666666667  0.2712221891  0.0000000011  0.0754930651  0.0000000000  0.0043365821  0.0000000000  0.0000000036  0.0000000011  0.0000000000  0.0000000001 -0.0000000000  0.2963956907  0.0000000000  0.0046439383 -0.0000000000  0.0000000011 -0.0000000000 -0.0000000000  0.1016891243  0.0000000000  0.0000000011
  0.4000000000  1.0000000000  1.0000000000  0.6666666667  0.0000000000  1.0000000000  0.2750737732  0.0000000011  0.0761446922  0.0000000000  0.0025464802  0.0000000000  0.0000000036  0.0000000011  0.0000000000  0.0000000000 -0.0000000000  0.2964332839  0.0000000000  0.0026944103  0.0000000000  0.0000000011 -0.0000000000 -0.0000000000  0.1015425192  0.0000000000  0.0000000011
  0.4000000000  1.0000000000  1.0000000000  0.6666666667  0.3333333333  0.0000000000  0.2667634406  0.0000000011  0.0751270654 -0.0000000000  0.0063288950  0.0000000000  0.0000000036  0.0000000010 -0.0000000000  0.0000000001 -0.0000000000  0.2919487420 -0.0000000000  0.0067435229  0.0000000000  0.0000000011  0.0000000000 -0.0000000000  0.1017203121 -0.0000000000  0.0000000011
  0.4000000000  1.0000000000  1.0000000000  0.6666666667  0.3333333333  0.3333333333  0.2655705753  0.0000000010  0.0783931636  0.0000000000  0.0050056048  0.0000000000  0.0000000036  0.0000000010  0.0000000000  0.0000000001 -0.0000000000  0.2935962749  0.0000000000  0.0056111334 -0.0000000000  0.0000000011  0.0000000000 -0.0000000000  0.1013845472  0.0000000000  0.0000000011
  0.4000000000  1.0000000000  1.0000000000  0.6666666667  0.3333333333  0.6666666667  0.2676746043  0.0000000011  0.0776657302  0.0000000000  0.0041361776 -0.0000000000  0.0000000036  0.0000000011  0.0000000000  0.0000000000 -0.0000000000  0.2952386916  0.0000000000  0.0045512645 -0.0000000000  0.0000000011 -0.0000000000 -0.0000000000  0.1016142520  0.0000000000  0.0000000011
  0.4000000000  1.0000000000  1.0000000000  0.6666666667  0.3333333333  1.0000000000  0.2669555798  0.0000000011  0.0784037949  0.0000000000  0.0039693864 -0.0000000000  0.0000000036  0.0000000011  0.0000000000  0.0000000000 -0.0000000000  0.2944564176  0.0000000000  0.0044768348 -0.0000000000  0.0000000011 -0.0000000000 -0.0000000000  0.1011380943  0.0000000000  0.0000000011
  0.4000000000  1.0000000000  1.0000000000  0.6666666667  0.6666666667  0.0000000000  0.0883367013  0.0281516360  0.0516918974 -0.0008394586  0.0386865223  0.0153184784  0.1122548694  0.0333192903 -0.0186925717  0.0028810577  0.0188847273  0.1064644135 -0.0177562832  0.0416592183  0.0027157538  0.0339145579  0.0024003010  0.0125248900  0.0493455463 -0.0025358194  0.0323086409
  0.4000000000  1.0000000000  1.0000000000  0.6666666667  0.6666666667  0.3333333333  0.2670507397  0.0000000010  0.0777490692  0.0000000000  0.0052088561 -0.0000000000  0.0000000036  0.0000000010 -0.0000000000  0.0000000001  0.0000000000  0.2929237806  0.0000000000  0.0055276398 -0.0000000000  0.0000000011 -0.0000000000 -0.0000000000  0.1015787306  0.0000000000  0.0000000011
  0.4000000000  1.0000000000  1.0000000000  0.6666666667  0.6666666667  0.6666666667  0.2719179005  0.0000000011  0.0786058528 -0.0000000000  0.0044849524  0.0000000000  0.0000000036  0.0000000011 -0.0000000000  0.0000000001 -0.0000000000  0.2940292444 -0.0000000000  0.0053304228  0.0000000000  0.0000000011  0.0000000000 -0.0000000000  0.1008701714 -0.0000000000  0.0000000011
  0.4000000000  1.0000000000  1.0000000000  0.6666666667  0.6666666667  1.0000000000  0.2689771148  0.0000000011  0.0785120949  0.0000000000  0.0020675995 -0.0000000000  0.0000000036  0.0000000011 -0.0000000000  0.0000000000 -0.0000000000  0.2956454518  0.0000000000  0.0023904125 -0.0000000000  0.0000000011 -0.0000000000 -0.0000000000  0.1008429331  0.0000000000  0.0000000011
  0.4000000000  1.0000000000  1.0000000000  0.6666666667  1.0000000000  0.0000000000  0.0901560099  0.0396777621  0.0414694001 -0.0013982561  0.0311271888  0.0309647736  0.1221952924  0.0356691139 -0.0248953248 -0.0001246664  0.0289646587  0.1132813681 -0.0245507086  0.0288696563  0.0027123618  0.0377771314  0.0063020772  0.0024368882  0.0388166749 -0.0034948747  0.0368765430
  0.4000000000  1.0000000000  1.0000000000  0.6666666667  1.0000000000  0.3333333333  0.1528995401  0.0165338222  0.0480898466 -0.0000017179 -0.0000016412  0.0025683995  0.1622702652  0.0450507553 -0.0000061839 -0.0000002253  0.0024697081  0.2571358647 -0.0000019953  0.0000007827  0.0015094059  0.0536148599  0.0017920903  0.0000009289  0.0570530890  0.0000005171  0.0085666674
  0.4000000000  1.0000000000  1.0000000000  0.6666666667  1.0000000000  0.6666666667  0.1656557406  0.0173182492  0.0520103819  0.0000937109  0.0002216701  0.0044332237  0.1245530188  0.0328791915 -0.0020312881  0.0001201287  0.0074072636  0.2517739417 -0.0021090471  0.0009364309  0.0030291319  0.0416240516  0.0030881432  0.0003740162  0.0626311609 -0.0000176023  0.0103097965
  0.4000000000  1.0000000000  1.0000000000  0.6666666667  1.0000000000  1.0000000000  0.2577065366  0.0482959133  0.0458260884  0.0002665561 -0.0000249375 -0.0000276602  0.1535808823  0.0165069147  0.0004511055 -0.0000078850  0.0000116062  0.1628331484  0.0004251735 -0.0000183656 -0.0000070473  0.0085042358 -0.0000077164  0.0000029154  0.0539096451  0.0003142680  0.0569577914
  0.4000000000  1.0000000000  1.0000000000  1.0000000000  0.0000000000  0.0000000000  0.2648664970  0.0000000010  0.0768472653 -0.0000000000  0.0049576038  0.0000000000  0.0000000036  0.0000000010 -0.0000000000  0.0000000001 -0.0000000000  0.2962230557 -0.0000000000  0.0057540609  0.0000000000  0.0000000011  0.0000000000 -0.0000000000  0.1011296539 -0.0000000000  0.0000000011
  0.4000000000  1.0000000000  1.0000000000  1.0000000000  0.0000000000  0.3333333333  0.2638570085  0.0000000010  0.0758532890  0.0000000000  0.0040149978  0.0000000000  0.0000000036  0.0000000011  0.0000000000  0.0000000000 -0.0000000000  0.2996542026  0.0000000000  0.0047353438 -0.0000000000  0.0000000011 -0.0000000000 -0.0000000000  0.1011517894  0.0000000000  0.0000000011
  0.4000000000  1.0000000000  1.0000000000  1.0000000000  0.0000000000  0.6666666667  0.2673299113  0.0000000011  0.0764678300  0.0000000000  0.0031554558  0.0000000000  0.0000000036  0.0000000011 -0.0000000000  0.0000000000 -0.0000000000  0.2995152830  0.0000000000  0.0036659863 -0.0000000000  0.0000000011 -0.0000000000 -0.0000000000  0.1010882067  0.0000000000  0.0000000011
  0.4000000000  1.0000000000  1.0000000000  1.0000000000  0.0000000000  1.0000000000  0.2695099633  0.0000000011  0.0765187755  0.0000000000  0.0018306262  0.0000000000  0.0000000036  0.0000000011 -0.0000000000  0.0000000000 -0.0000000000  0.3000060687  0.0000000000  0.0019058450  0.0000000000  0.0000000011 -0.0000000000 -0.0000000000  0.1012340624  0.0000000000  0.0000000011
  0.4000000000  1.0000000000  1.0000000000  1.0000000000  0.3333333333  0.0000000000  0.2637349089  0.0000000010  0.0742049399 -0.0000000000  0.0057844039 -0.0000000000  0.0000000036  0.0000000011 -0.0000000000  0.0000000001 -0.0000000000  0.2968890763 -0.0000000000  0.0064862822  0.0000000000  0.0000000011  0.0000000000 -0.0000000000  0.1010569041 -0.0000000000  0.0000000011
  0.4000000000  1.0000000000  1.0000000000  1.0000000000  0.3333333333  0.3333333333  0.2644450136  0.0000000010  0.0779283633  0.0000000000  0.0041103902 -0.0000000000  0.0000000036  0.0000000010  0.0000000000  0.0000000001 -0.0000000000  0.2964864058  0.0000000000  0.0053972739 -0.0000000000  0.0000000011 -0.0000000000 -0.0000000000  0.1008825363  0.0000000000  0.0000000011
  0.4000000000  1.0000000000  1.0000000000  1.0000000000  0.3333333333  0.6666666667  0.2664923071  0.0000000011  0.0767757773  0.0000000000  0.0038596550  0.0000000000  0.0000000036  0.0000000011  0.0000000000  0.0000000000 -0.0000000000  0.2972734086  0.0000000000  0.0043942587 -0.0000000000  0.0000000011 -0.0000000000 -0.0000000000  0.1015503695  0.0000000000  0.0000000011
  0.4000000000  1.0000000000  1.0000000000  1.0000000000  0.3333333333  1.0000000000  0.2689181011  0.0000000011  0.0780611538  0.0000000000  0.0009141379 -0.0000000000  0.0000000036  0.0000000011 -0.0000000000  0.0000000000 -0.0000000000  0.2981966545  0.0000000000  0.0019643266 -0.0000000000  0.0000000011 -0.0000000000 -0.0000000000  0.1003531184  0.0000000000  0.0000000011
  0.4000000000  1.0000000000  1.0000000000  1.0000000000  0.6666666667  0.0000000000  0.0967081433  0.0290704950  0.0467766592  0.0012709990  0.0375910405  0.0181729591  0.1146483312  0.0359505798 -0.0194926541  0.0045193895  0.0188630369  0.1229866747 -0.0232258913  0.0434827234 -0.0018190748  0.0341621369 -0.0001457389  0.0142161841  0.0499519640 -0.0020256263  0.0328012127
  0.4000000000  1.0000000000  1.0000000000  1.0000000000  0.6666666667  0.3333333333  0.2667883343  0.0000000010  0.0764444556 -0.0000000000  0.0039121336 -0.0000000000  0.0000000036  0.0000000011 -0.0000000000  0.0000000000 -0.0000000000  0.2985182864 -0.0000000000  0.0045050773  0.0000000000  0.0000000011  0.0000000000 -0.0000000000  0.1010237661 -0.0000000000  0.0000000011
  0.4000000000  1.0000000000  1.0000000000  1.0000000000  0.6666666667  0.6666666667  0.2690642105  0.0000000011  0.0761234113  0.0000000000  0.0028105657  0.0000000000  0.0000000036  0.0000000011  0.0000000000  0.0000000000 -0.0000000000  0.3000943245  0.0000000000  0.0029626032 -0.0000000000  0.0000000011 -0.0000000000 -0.0000000000  0.1015950116  0.0000000000  0.0000000011
  0.4000000000  1.0000000000  1.0000000000  1.0000000000  0.6666666667  1.0000000000  0.2724916685  0.0000000012  0.0785046095 -0.0000000000  0.0001028312  0.0000000000  0.0000000036  0.0000000012 -0.0000000000  0.0000000000 -0.0000000000  0.2975239255 -0.0000000000  0.0002555846  0.0000000000  0.0000000011 -0.0000000000 -0.0000000000  0.1001779505 -0.0000000000  0.0000000011
  0.4000000000  1.0000000000  1.0000000000  1.0000000000  1.0000000000  0.0000000000  0.0958138047  0.0415961475  0.0427544923 -0.0006518617  0.0355945641  0.0342494426  0.1055542417  0.0348368785 -0.0276823115  0.0000094092  0.0320945946  0.1064558305 -0.0285797011  0.0331763044 -0.0006336285  0.0381775202  0.0041041609  0.0043118206  0.0408072506 -0.0026696572  0.0402213735
  0.4000000000  1.0000000000  1.0000000000  1.0000000000  1.0000000000  0.3333333333  0.2570844951  0.0482895933  0.0456698634 -0.0003158258  0.0000384564 -0.0000204447  0.1537094966  0.0165481193 -0.0006440698  0.0000093337  0.0000049743  0.1628491029 -0.0005805871  0.0000195273 -0.0000088677  0.0085257584 -0.0000057268 -0.0000029993  0.0538449664 -0.0003832657  0.0569823633
  0.4000000000  1.0000000000  1.0000000000  1.0000000000  1.0000000000  0.6666666667  0.2572727596  0.0482882087  0.0457198052 -0.0002420015  0.0000547265 -0.0000452508  0.1536363160  0.0165114625 -0.0004579989  0.0000158417  0.0000184480  0.1628191743 -0.0004185947  0.0000398269 -0.0000134215  0.0084996310 -0.0000126904 -0.0000057557  0.0538583521 -0.0002890632  0.0569643071
  0.4000000000  1.0000000000  1.0000000000  1.0000000000  1.0000000000  1.0000000000  0.2577245199  0.0482926399  0.0458266528  0.0002849613 -0.0001155563 -0.0000985522  0.1536121128  0.0165116401  0.0004964771 -0.0000369582  0.0000405971  0.1628424237  0.0004635420 -0.0000889373 -0.0000246783  0.0085190532 -0.0000285935  0.0000133332  0.0539206534  0.0003454715  0.0569681563
