  0.6000000000  0.0000000000  0.0000000000  0.0000000000  0.0000000000  0.0000000000  0.5205603705  0.1365864835  0.0000000062 -0.0000000000 -0.0000000000 -0.0000000000  0.4721214755  0.0000000054 -0.0000000000 -0.0000000000 -0.0000000000  0.0000000200 -0.0000000000 -0.0000000000  0.0000000000  0.0000000057 -0.0000000000 -0.0000000000  0.0000000057 -0.0000000000  0.1740705917
  0.6000000000  0.0000000000  0.0000000000  0.0000000000  0.0000000000  0.3333333333  0.4984072121  0.0000000042  0.1374122638  0.0000000000 -0.0000000000 -0.0000000000  0.0000000121  0.0000000038 -0.0000000000 -0.0000000000 -0.0000000000  0.4974576031 -0.0000000000 -0.0000000000 -0.0000000000  0.0000000035 -0.0000000000 -0.0000000000  0.1745995984 -0.0000000000  0.0000000035
  0.6000000000  0.0000000000  0.0000000000  0.0000000000  0.0000000000  0.6666666667  0.4951440464  0.0000000040  0.1387119907  0.0000000000 -0.0000000000 -0.0000000000  0.0000000117  0.0000000039 -0.0000000000 -0.0000000000 -0.0000000000  0.5032927849 -0.0000000000 -0.0000000000  0.0000000000  0.0000000034 -0.0000000000 -0.0000000000  0.1758784921 -0.0000000000  0.0000000034
  0.6000000000  0.0000000000  0.0000000000  0.0000000000  0.0000000000  1.0000000000  0.4907246706  0.0000000039  0.1390988205 -0.0000000000 -0.0000000000 -0.0000000000  0.0000000116  0.0000000040 -0.0000000000  0.0000000000 -0.0000000000  0.5084157604 -0.0000000000 -0.0000000000 -0.0000000000  0.0000000034 -0.0000000000 -0.0000000000  0.1762483024 -0.0000000000  0.0000000034
  0.6000000000  0.0000000000  0.0000000000  0.0000000000  0.3333333333  0.0000000000  0.5204415455  0.1368426676  0.0000000042 -0.0000000000 -0.0000000000 -0.0000000000  0.4730216689  0.0000000034 -0.0000000000  0.0000000000 -0.0000000000  0.0000000121 -0.0000000000 -0.0000000000  0.0000000000  0.0000000035 -0.0000000000 -0.0000000000  0.0000000035 -0.0000000000  0.1742300628
  0.6000000000  0.0000000000  0.0000000000  0.0000000000  0.3333333333  0.3333333333  0.5137685579  0.1339177871  0.0807032055 -0.0000000000 -0.0000000000 -0.0000000000  0.4125007754  0.0563909841 -0.0000000000 -0.0000000000 -0.0000000000  0.2473975231 -0.0000000000 -0.0000000000  0.0000000000  0.0368825255 -0.0000000000 -0.0000000000  0.0817951887 -0.0000000000  0.1495402916
  0.6000000000  0.0000000000  0.0000000000  0.0000000000  0.3333333333  0.6666666667  0.5103201332  0.0799813084  0.1356793940 -0.0000000000 -0.0000000000 -0.0000000000  0.2262366290  0.0540365592 -0.0000000000 -0.0000000000 -0.0000000000  0.4411453364 -0.0000000000 -0.0000000000  0.0000000000  0.0346601890 -0.0000000000 -0.0000000000  0.1496578034 -0.0000000000  0.0831032483
  0.6000000000  0.0000000000  0.0000000000  0.0000000000  0.3333333333  1.0000000000  0.5102162313  0.0797956801  0.1356377221 -0.0000000000 -0.0000000000 -0.0000000000  0.2262673084  0.0540541800 -0.0000000000 -0.0000000000 -0.0000000000  0.4413434053 -0.0000000000 -0.0000000000 -0.0000000000  0.0347573339 -0.0000000000 -0.0000000000  0.1497024153 -0.0000000000  0.0830624460
  0.6000000000  0.0000000000  0.0000000000  0.0000000000  0.6666666667  0.0000000000  0.5139130926  0.1386767104  0.0000000042 -0.0000000000 -0.0000000000 -0.0000000000  0.4836819250  0.0000000038 -0.0000000000 -0.0000000000 -0.0000000000  0.0000000121 -0.0000000000 -0.0000000000  0.0000000000  0.0000000035 -0.0000000000 -0.0000000000  0.0000000035 -0.0000000000  0.1755498436
  0.6000000000  0.0000000000  0.0000000000  0.0000000000  0.6666666667  0.3333333333  0.5140897756  0.1342822566  0.0797306582 -0.0000000000 -0.0000000000 -0.0000000000  0.4140144824  0.0559824242 -0.0000000000  0.0000000000 -0.0000000000  0.2435835207 -0.0000000000 -0.0000000000 -0.0000000000  0.0365467216 -0.0000000000 -0.0000000000  0.0809362314 -0.0000000000  0.1500776977
  0.6000000000  0.0000000000  0.0000000000  0.0000000000  0.6666666667  0.6666666667  0.5099584386  0.0799569770  0.1355382232  0.0000000000 -0.0000000000 -0.0000000000  0.2268917026  0.0541335936 -0.0000000000  0.0000000000 -0.0000000000  0.4410004418 -0.0000000000 -0.0000000000 -0.0000000000  0.0348182293 -0.0000000000 -0.0000000000  0.1495625427 -0.0000000000  0.0832359541
  0.6000000000  0.0000000000  0.0000000000  0.0000000000  0.6666666667  1.0000000000  0.5103069294  0.0799902475  0.1356785338 -0.0000000000 -0.0000000000 -0.0000000000  0.2262440608  0.0540374270 -0.0000000000 -0.0000000000 -0.0000000000  0.4411315961 -0.0000000000 -0.0000000000  0.0000000000  0.0346578105 -0.0000000000 -0.0000000000  0.1496528574 -0.0000000000  0.0831060685
  0.6000000000  0.0000000000  0.0000000000  0.0000000000  1.0000000000  0.0000000000  0.5084157604  0.1390988205  0.0000000040 -0.0000000000 -0.0000000000 -0.0000000000  0.4907246706  0.0000000039 -0.0000000000  0.0000000000 -0.0000000000  0.0000000116 -0.0000000000 -0.0000000000  0.0000000000  0.0000000034 -0.0000000000 -0.0000000000  0.0000000034 -0.0000000000  0.1762483024
  0.6000000000  0.0000000000  0.0000000000  0.0000000000  1.0000000000  0.3333333333  0.4413434053  0.1356377221  0.0540541800  0.0000000000 -0.0000000000 -0.0000000000  0.5102162313  0.0797956801 -0.0000000000 -0.0000000000 -0.0000000000  0.2262673084 -0.0000000000 -0.0000000000  0.0000000000  0.0830624460 -0.0000000000 -0.0000000000  0.0347573339 -0.0000000000  0.1497024153
  0.6000000000  0.0000000000  0.0000000000  0.0000000000  1.0000000000  0.6666666667  0.4411315978  0.1356785345  0.0540374279  0.0000000000 -0.0000000000 -0.0000000000  0.5103069324  0.0799902484 -0.0000000000  0.0000000000 -0.0000000000  0.2262440631 -0.0000000000 -0.0000000000  0.0000000000  0.0831060693 -0.0000000000 -0.0000000000  0.0346578113 -0.0000000000  0.1496528580
  0.6000000000  0.0000000000  0.0000000000  0.0000000000  1.0000000000  1.0000000000  0.3933585698  0.1027629154  0.1027629154  0.0000000000 -0.0000000000 -0.0000000000  0.3933585698  0.1027629154 -0.0000000000  0.0000000000 -0.0000000000  0.3933585698 -0.0000000000 -0.0000000000  0.0000000000  0.0957573289 -0.0000000000 -0.0000000000  0.0957573289 -0.0000000000  0.0957573289
  0.6000000000  0.0000000000  0.0000000000  0.3333333333  0.0000000000  0.0000000000  0.5204992496  0.1365413926  0.0000000041 -0.0000000000 -0.0000000000  0.0000030687  0.4721224397  0.0000000032 -0.0000000000 -0.0000000000  0.0000004881  0.0000000121 -0.0000000000 -0.0000000000  0.0000000000  0.0000000035 -0.0000000000 -0.0000000000  0.0000000035 -0.0000000000  0.1740897219
  0.6000000000  0.0000000000  0.0000000000  0.3333333333  0.0000000000  0.3333333333  0.4887089824  0.0522692010  0.1321614798 -0.0000000000 -0.0000000000 -0.0103695150  0.1600183543  0.0398272153 -0.0000000000 -0.0000000000 -0.0106990183  0.4480824056 -0.0000000000 -0.0000000000 -0.0025466201  0.0228733778 -0.0002662847 -0.0000000000  0.1534540299 -0.0000000000  0.0583405645
  0.6000000000  0.0000000000  0.0000000000  0.3333333333  0.0000000000  0.6666666667  0.4948096480  0.0000000039  0.1387815708 -0.0000000000 -0.0000000000  0.0000000001  0.0000000116  0.0000000038 -0.0000000000  0.0000000000  0.0000000000  0.5047717200 -0.0000000000 -0.0000000000  0.0000000000  0.0000000034  0.0000000000 -0.0000000000  0.1761286240 -0.0000000000  0.0000000034
  0.6000000000  0.0000000000  0.0000000000  0.3333333333  0.0000000000  1.0000000000  0.4889453481  0.0000000039  0.1390817959  0.0000000000 -0.0000000000  0.0000000000  0.0000000118  0.0000000040 -0.0000000000  0.0000000000  0.0000000000  0.5097477655 -0.0000000000 -0.0000000000  0.0000000000  0.0000000034 -0.0000000000 -0.0000000000  0.1761882911 -0.0000000000  0.0000000034
  0.6000000000  0.0000000000  0.0000000000  0.3333333333  0.3333333333  0.0000000000  0.5204739185  0.1369613733  0.0000000042  0.0000000000 -0.0000000000 -0.0000012428  0.4735263582  0.0000000034 -0.0000000000  0.0000000000 -0.0000022819  0.0000000121 -0.0000000000 -0.0000000000 -0.0000000000  0.0000000035 -0.0000000000 -0.0000000000  0.0000000035 -0.0000000000  0.1743258972
  0.6000000000  0.0000000000  0.0000000000  0.3333333333  0.3333333333  0.3333333333  0.5141047642  0.1344638968  0.0800986277 -0.0000000000 -0.0000000000 -0.0003194610  0.4144613527  0.0565954285 -0.0000000000 -0.0000000000  0.0000648855  0.2471309754 -0.0000000000 -0.0000000000 -0.0000732483  0.0370224243 -0.0005945735 -0.0000000000  0.0807182423 -0.0000000000  0.1502874548
  0.6000000000  0.0000000000  0.0000000000  0.3333333333  0.3333333333  0.6666666667  0.5103335578  0.0799722994  0.1356735200 -0.0000000000 -0.0000000000 -0.0000532065  0.2262406234  0.0540385359 -0.0000000000  0.0000000000 -0.0000204791  0.4411660371 -0.0000000000 -0.0000000000 -0.0000271376  0.0346706286 -0.0000179531 -0.0000000000  0.1496640326 -0.0000000000  0.0831092314
  0.6000000000  0.0000000000  0.0000000000  0.3333333333  0.3333333333  1.0000000000  0.5103744944  0.0798275594  0.1356349663 -0.0000000000 -0.0000000000 -0.0000077095  0.2264064390  0.0541055720 -0.0000000000 -0.0000000000 -0.0000039960  0.4414125246 -0.0000000000 -0.0000000000 -0.0000038974  0.0348148370 -0.0000036704 -0.0000000000  0.1497132421 -0.0000000000  0.0831067011
  0.6000000000  0.0000000000  0.0000000000  0.3333333333  0.6666666667  0.0000000000  0.5117421821  0.1389422104  0.0000000042 -0.0000000000 -0.0000000000 -0.0003033005  0.4859051816  0.0000000039 -0.0000000000  0.0000000000 -0.0001418730  0.0000000121 -0.0000000000 -0.0000000000 -0.0000000000  0.0000000035 -0.0000000000 -0.0000000000  0.0000000035 -0.0000000000  0.1758444427
  0.6000000000  0.0000000000  0.0000000000  0.3333333333  0.6666666667  0.3333333333  0.5141287744  0.1345794451  0.0798818332 -0.0000000000 -0.0000000000 -0.0003520042  0.4149145846  0.0565810956 -0.0000000000 -0.0000000000  0.0000719455  0.2467418054 -0.0000000000 -0.0000000000 -0.0000609123  0.0370103846 -0.0006342915 -0.0000000000  0.0805064748 -0.0000000000  0.1504593200
  0.6000000000  0.0000000000  0.0000000000  0.3333333333  0.6666666667  0.6666666667  0.5133590192  0.1337769956  0.0813259789 -0.0000000000 -0.0000000000  0.0001032662  0.4118864112  0.0568458262 -0.0000000000 -0.0000000000  0.0000332177  0.2506004510 -0.0000000000 -0.0000000000  0.0001554792  0.0371801150  0.0004251088 -0.0000000000  0.0820294555 -0.0000000000  0.1492723925
  0.6000000000  0.0000000000  0.0000000000  0.3333333333  0.6666666667  1.0000000000  0.4048671931  0.1012948927  0.1065154919  0.0000000000 -0.0000000000 -0.0004444855  0.3773678323  0.0995561700 -0.0000000000  0.0000000000 -0.0001729092  0.4006467591 -0.0000000000 -0.0000000000 -0.0003175537  0.0925763946 -0.0004647177 -0.0000000000  0.1005442119 -0.0000000000  0.0938564023
  0.6000000000  0.0000000000  0.0000000000  0.3333333333  1.0000000000  0.0000000000  0.5093451330  0.1391378131  0.0000000039 -0.0000000000 -0.0000000000 -0.0001260576  0.4898346835  0.0000000038 -0.0000000000  0.0000000000  0.0001601337  0.0000000116 -0.0000000000 -0.0000000000 -0.0000000000  0.0000000034  0.0000000000 -0.0000000000  0.0000000034 -0.0000000000  0.1762710612
  0.6000000000  0.0000000000  0.0000000000  0.3333333333  1.0000000000  0.3333333333  0.4414946502  0.1356350346  0.0540888109 -0.0000000000 -0.0000000000 -0.0000276424  0.5102729800  0.0797412507 -0.0000000000 -0.0000000000 -0.0000190159  0.2263029924 -0.0000000000 -0.0000000000 -0.0000181032  0.0830541117  0.0000010591 -0.0000000000  0.0348231407 -0.0000000000  0.1497393499
  0.6000000000  0.0000000000  0.0000000000  0.3333333333  1.0000000000  0.6666666667  0.4411581159  0.1356723475  0.0540375402  0.0000000000 -0.0000000000  0.0000982549  0.5103380145  0.0799525084 -0.0000000000  0.0000000000  0.0000819038  0.2262857983 -0.0000000000 -0.0000000000  0.0000646819  0.0831237697 -0.0000080281 -0.0000000000  0.0346981892 -0.0000000000  0.1496768375
  0.6000000000  0.0000000000  0.0000000000  0.3333333333  1.0000000000  1.0000000000  0.3964749122  0.1037655413  0.1023799035  0.0000000000 -0.0000000000 -0.0012703419  0.3951380354  0.1022789584 -0.0000000000  0.0000000000 -0.0002694696  0.3899204849 -0.0000000000 -0.0000000000 -0.0006887082  0.0951915617 -0.0008938130 -0.0000000000  0.0954622990 -0.0000000000  0.0969811833
  0.6000000000  0.0000000000  0.0000000000  0.6666666667  0.0000000000  0.0000000000  0.5000453665  0.1381935137  0.0000000040  0.0000000000 -0.0000000000 -0.0069683561  0.4738167593  0.0000000039 -0.0000000000  0.0000000000 -0.0067055688  0.0000000121 -0.0000000000 -0.0000000000 -0.0000000003  0.0000000035  0.0000000000 -0.0000000000  0.0000000035 -0.0000000000  0.1759260441
  0.6000000000  0.0000000000  0.0000000000  0.6666666667  0.0000000000  0.3333333333  0.2044689891  0.1092469606  0.0743424359  0.0000000000 -0.0000000000 -0.0947112650  0.1612281439  0.0673791333 -0.0000000000  0.0000000000 -0.0962716216  0.4116518866 -0.0000000000 -0.0000000000 -0.0467504012  0.0829264701 -0.0618007077 -0.0000000000  0.0884557839 -0.0000000000  0.1125080453
  0.6000000000  0.0000000000  0.0000000000  0.6666666667  0.0000000000  0.6666666667  0.3261397044  0.0704634745  0.1007559821  0.0000000000 -0.0000000000 -0.0618099237  0.1259829854  0.0408282514 -0.0000000000  0.0000000000 -0.0670118619  0.4101841159 -0.0000000000 -0.0000000000 -0.0234816309  0.0585523075 -0.0292110125 -0.0000000000  0.1257081695 -0.0000000000  0.0750815236
  0.6000000000  0.0000000000  0.0000000000  0.6666666667  0.0000000000  1.0000000000  0.4038713055  0.0421474367  0.1214337536  0.0000000000 -0.0000000000 -0.0291384057  0.1231521636  0.0343409546 -0.0000000000  0.0000000000 -0.0436484599  0.4602084442 -0.0000000000 -0.0000000000 -0.0126748945  0.0453898080 -0.0110296949 -0.0000000000  0.1472689512 -0.0000000000  0.0469700594
  0.6000000000  0.0000000000  0.0000000000  0.6666666667  0.3333333333  0.0000000000  0.5103961705  0.1392296680  0.0000000040 -0.0000000000 -0.0000000000 -0.0022369962  0.4862893702  0.0000000038 -0.0000000000 -0.0000000000 -0.0021161305  0.0000000118 -0.0000000000 -0.0000000000 -0.0000000002  0.0000000034  0.0000000000 -0.0000000000  0.0000000034 -0.0000000000  0.1763577916
  0.6000000000  0.0000000000  0.0000000000  0.6666666667  0.3333333333  0.3333333333  0.4880352914  0.1353528368  0.0636511547  0.0000000000 -0.0000000000 -0.0049035391  0.4272530471  0.0538727725 -0.0000000000 -0.0000000000 -0.0011666748  0.2268985175 -0.0000000000 -0.0000000000 -0.0025597985  0.0327228978 -0.0053554989 -0.0000000000  0.0659466839 -0.0000000000  0.1545495531
  0.6000000000  0.0000000000  0.0000000000  0.6666666667  0.3333333333  0.6666666667  0.4487727723  0.1351925454  0.0593487018  0.0000000000 -0.0000000000 -0.0147722872  0.4113651760  0.0536648254 -0.0000000000 -0.0000000000 -0.0127978284  0.2237156205 -0.0000000000 -0.0000000000 -0.0096170370  0.0445378414 -0.0183264952 -0.0000000000  0.0526236373 -0.0000000000  0.1526361300
  0.6000000000  0.0000000000  0.0000000000  0.6666666667  0.3333333333  1.0000000000  0.3209016513  0.1266556766  0.0863948215  0.0000000000 -0.0000000000 -0.0555096798  0.2901972939  0.0818806455 -0.0000000000  0.0000000000 -0.0566416469  0.3890232420 -0.0000000000 -0.0000000000 -0.0341153014  0.0825866765 -0.0432173554 -0.0000000000  0.0843717041 -0.0000000000  0.1347584824
  0.6000000000  0.0000000000  0.0000000000  0.6666666667  0.6666666667  0.0000000000  0.5096236087  0.1391899625  0.0000000040 -0.0000000000 -0.0000000000 -0.0012799984  0.4891682511  0.0000000038 -0.0000000000  0.0000000000 -0.0012360834  0.0000000118 -0.0000000000 -0.0000000000 -0.0000000001  0.0000000034  0.0000000000 -0.0000000000  0.0000000034 -0.0000000000  0.1763373451
  0.6000000000  0.0000000000  0.0000000000  0.6666666667  0.6666666667  0.3333333333  0.4909350328  0.1358708288  0.0545583884  0.0000000000 -0.0000000000 -0.0008554997  0.4345636633  0.0482412886 -0.0000000000  0.0000000000 -0.0010753798  0.1929979815 -0.0000000000 -0.0000000000 -0.0012029308  0.0400342284 -0.0027488057 -0.0000000000  0.0513469193 -0.0000000000  0.1574210792
  0.6000000000  0.0000000000  0.0000000000  0.6666666667  0.6666666667  0.6666666667  0.4815723396  0.1341456081  0.0672789147 -0.0000000000 -0.0000000000 -0.0044475277  0.4213933798  0.0573078015 -0.0000000000  0.0000000000 -0.0008719611  0.2485688852 -0.0000000000 -0.0000000000 -0.0021485003  0.0351205572 -0.0052417092 -0.0000000000  0.0719494830 -0.0000000000  0.1525728363
  0.6000000000  0.0000000000  0.0000000000  0.6666666667  0.6666666667  1.0000000000  0.2742456397  0.1105746568  0.1105110665 -0.0000000000 -0.0000000000 -0.0016369036  0.2730280301  0.1102813277 -0.0000000000 -0.0000000000 -0.0012017147  0.2748812624 -0.0000000000 -0.0000000000 -0.0008867535  0.0801838074 -0.0006927615 -0.0000000000  0.0805196048 -0.0000000000  0.0809415012
  0.6000000000  0.0000000000  0.0000000000  0.6666666667  1.0000000000  0.0000000000  0.5093293513  0.1391399521  0.0000000039 -0.0000000000 -0.0000000000 -0.0001462252  0.4898487090  0.0000000038 -0.0000000000  0.0000000000  0.0001170426  0.0000000116 -0.0000000000 -0.0000000000 -0.0000000000  0.0000000034  0.0000000000 -0.0000000000  0.0000000034 -0.0000000000  0.1762698230
  0.6000000000  0.0000000000  0.0000000000  0.6666666667  1.0000000000  0.3333333333  0.4976563687  0.1362302321  0.0420426551  0.0000000000 -0.0000000000 -0.0018322900  0.4451236448  0.0398359148 -0.0000000000  0.0000000000 -0.0007043379  0.1585795706 -0.0000000000 -0.0000000000 -0.0012864294  0.0285819041 -0.0027714552 -0.0000000000  0.0387451311 -0.0000000000  0.1615540136
  0.6000000000  0.0000000000  0.0000000000  0.6666666667  1.0000000000  0.6666666667  0.5128935431  0.1347182896  0.0794237577  0.0000000000 -0.0000000000 -0.0007333903  0.4145607316  0.0563406544 -0.0000000000  0.0000000000  0.0001234751  0.2462587726 -0.0000000000 -0.0000000000  0.0001016302  0.0366910526 -0.0004798666 -0.0000000000  0.0804945654 -0.0000000000  0.1506574169
  0.6000000000  0.0000000000  0.0000000000  0.6666666667  1.0000000000  1.0000000000  0.2737634885  0.1111125885  0.1109124692  0.0000000000 -0.0000000000 -0.0002348814  0.2740392375  0.1110415662 -0.0000000000  0.0000000000 -0.0000509519  0.2738000034 -0.0000000000 -0.0000000000 -0.0000834575  0.0807783745 -0.0000239080 -0.0000000000  0.0807684215 -0.0000000000  0.0810799062
  0.6000000000  0.0000000000  0.0000000000  1.0000000000  0.0000000000  0.0000000000  0.4960296304  0.1382292280  0.0000000046 -0.0000000000 -0.0000000000 -0.0079144410  0.4733294918  0.0000000045 -0.0000000000 -0.0000000000 -0.0087387034  0.0000000144 -0.0000000000 -0.0000000000 -0.0000000005  0.0000000041  0.0000000000 -0.0000000000  0.0000000041 -0.0000000000  0.1763224700
  0.6000000000  0.0000000000  0.0000000000  1.0000000000  0.0000000000  0.3333333333  0.1187426705  0.1127324249  0.0394677209  0.0000000000 -0.0000000000 -0.1110675198  0.1181529060  0.0392667448 -0.0000000000 -0.0000000000 -0.1111356918  0.3013016516 -0.0000000000 -0.0000000000 -0.0375452982  0.0676507099 -0.0654083009 -0.0000000000  0.0676948786 -0.0000000000  0.1133836070
  0.6000000000  0.0000000000  0.0000000000  1.0000000000  0.0000000000  0.6666666667  0.1185931549  0.1127195839  0.0394440031 -0.0000000000 -0.0000000000 -0.1110941685  0.1180193752  0.0392545190 -0.0000000000  0.0000000000 -0.1111659648  0.3015492012 -0.0000000000 -0.0000000000 -0.0375705280  0.0676420672 -0.0654444182 -0.0000000000  0.0676807694 -0.0000000000  0.1133538056
  0.6000000000  0.0000000000  0.0000000000  1.0000000000  0.0000000000  1.0000000000  0.2124698191  0.0952259718  0.0734071901  0.0000000000 -0.0000000000 -0.0774703034  0.1704497875  0.0575567018 -0.0000000000 -0.0000000000 -0.0800186492  0.3835573565 -0.0000000000 -0.0000000000 -0.0291508817  0.0757560672 -0.0412963012 -0.0000000000  0.1006415149 -0.0000000000  0.0887600875
  0.6000000000  0.0000000000  0.0000000000  1.0000000000  0.3333333333  0.0000000000  0.5035031683  0.1394751554  0.0000000039  0.0000000000 -0.0000000000 -0.0053544594  0.4856944562  0.0000000038 -0.0000000000 -0.0000000000 -0.0048603964  0.0000000118 -0.0000000000 -0.0000000000 -0.0000000003  0.0000000034  0.0000000000 -0.0000000000  0.0000000034 -0.0000000000  0.1770447884
  0.6000000000  0.0000000000  0.0000000000  1.0000000000  0.3333333333  0.3333333333  0.4453482998  0.1394087202  0.0616437709 -0.0000000000 -0.0000000000 -0.0170942701  0.4165474646  0.0611207279 -0.0000000000  0.0000000000 -0.0177410970  0.2352945878 -0.0000000000 -0.0000000000 -0.0124524659  0.0533359154 -0.0213180308 -0.0000000000  0.0514565789 -0.0000000000  0.1562566168
  0.6000000000  0.0000000000  0.0000000000  1.0000000000  0.3333333333  0.6666666667  0.2727677239  0.1211137921  0.0775806572 -0.0000000000 -0.0000000000 -0.0611977729  0.2509412363  0.0798758833 -0.0000000000  0.0000000000 -0.0617432479  0.3827481900 -0.0000000000 -0.0000000000 -0.0348114112  0.0855754609 -0.0466681387 -0.0000000000  0.0823723055 -0.0000000000  0.1279530423
  0.6000000000  0.0000000000  0.0000000000  1.0000000000  0.3333333333  1.0000000000  0.2547288304  0.1193057053  0.0764385143  0.0000000000 -0.0000000000 -0.0687072046  0.2377603884  0.0795542313 -0.0000000000 -0.0000000000 -0.0693325790  0.3966983473 -0.0000000000 -0.0000000000 -0.0381719666  0.0871860255 -0.0514112516 -0.0000000000  0.0818550497 -0.0000000000  0.1231769170
  0.6000000000  0.0000000000  0.0000000000  1.0000000000  0.6666666667  0.0000000000  0.5087759888  0.1392279802  0.0000000040 -0.0000000000 -0.0000000000 -0.0016643318  0.4895536207  0.0000000039 -0.0000000000  0.0000000000 -0.0017418969  0.0000000118 -0.0000000000 -0.0000000000 -0.0000000002  0.0000000034  0.0000000000 -0.0000000000  0.0000000034 -0.0000000000  0.1764249436
  0.6000000000  0.0000000000  0.0000000000  1.0000000000  0.6666666667  0.3333333333  0.4497231735  0.1376008971  0.0548326693 -0.0000000000 -0.0000000000 -0.0000301147  0.4799047857  0.0687148835 -0.0000000000  0.0000000000  0.0013370939  0.2214846633 -0.0000000000 -0.0000000000  0.0002745594  0.0686506196  0.0011547261 -0.0000000000  0.0380050417 -0.0000000000  0.1533624740
  0.6000000000  0.0000000000  0.0000000000  1.0000000000  0.6666666667  0.6666666667  0.4454603219  0.1353733697  0.0602285064 -0.0000000000 -0.0000000000 -0.0123179664  0.4165852770  0.0586501588 -0.0000000000 -0.0000000000 -0.0122035791  0.2402150658 -0.0000000000 -0.0000000000 -0.0081724400  0.0517968492 -0.0163316609 -0.0000000000  0.0495959428 -0.0000000000  0.1529242916
  0.6000000000  0.0000000000  0.0000000000  1.0000000000  0.6666666667  1.0000000000  0.3409959604  0.1285974952  0.0838845591  0.0000000000 -0.0000000000 -0.0471880780  0.3136736248  0.0812637419 -0.0000000000  0.0000000000 -0.0485176543  0.3640767056 -0.0000000000 -0.0000000000 -0.0296914954  0.0801882731 -0.0386514261 -0.0000000000  0.0809034009 -0.0000000000  0.1367645129
  0.6000000000  0.0000000000  0.0000000000  1.0000000000  1.0000000000  0.0000000000  0.5095961860  0.1391326821  0.0000000040  0.0000000000 -0.0000000000 -0.0000000000  0.4891184801  0.0000000039 -0.0000000000 -0.0000000000 -0.0000000000  0.0000000118 -0.0000000000 -0.0000000000 -0.0000000000  0.0000000034 -0.0000000000 -0.0000000000  0.0000000034 -0.0000000000  0.1761865432
  0.6000000000  0.0000000000  0.0000000000  1.0000000000  1.0000000000  0.3333333333  0.5048200061  0.1359004039  0.0472547099  0.0000000000 -0.0000000000 -0.0000000000  0.4374141567  0.0398175455 -0.0000000000 -0.0000000000 -0.0000000000  0.1575304958 -0.0000000000 -0.0000000000  0.0000000000  0.0307016162 -0.0000000000 -0.0000000000  0.0467821661 -0.0000000000  0.1597251831
  0.6000000000  0.0000000000  0.0000000000  1.0000000000  1.0000000000  0.6666666667  0.5154856558  0.1359246051  0.0761542411 -0.0000000000 -0.0000000000 -0.0000000000  0.4205903694  0.0549658347 -0.0000000000 -0.0000000000 -0.0000000000  0.2323389127 -0.0000000000 -0.0000000000 -0.0000000000  0.0354946076 -0.0000000000 -0.0000000000  0.0782334314 -0.0000000000  0.1526360375
  0.6000000000  0.0000000000  0.0000000000  1.0000000000  1.0000000000  1.0000000000  0.2739723677  0.1111347201  0.1106415044  0.0000000000 -0.0000000000 -0.0000000000  0.2744520835  0.1108339482 -0.0000000000  0.0000000000 -0.0000000000  0.2733476877 -0.0000000000 -0.0000000000 -0.0000000000  0.0806463477 -0.0000000000 -0.0000000000  0.0804952373 -0.0000000000  0.0812687803
  0.6000000000  0.0000000000  0.3333333333  0.0000000000  0.0000000000  0.0000000000  0.5103747110  0.0799235343  0.1356741532 -0.0000000000  0.0001153974 -0.0000000000  0.2262909942  0.0540320341 -0.0000000000  0.0000929990 -0.0000000000  0.4411906852 -0.0000000000  0.0001394257  0.0000000000  0.0347260100 -0.0000000000 -0.0000106932  0.1497023588 -0.0000000000  0.0831305437
  0.6000000000  0.0000000000  0.3333333333  0.0000000000  0.0000000000  0.3333333333  0.4957991151  0.0000000039  0.1387300005  0.0000000000  0.0007525518 -0.0000000000  0.0000000116  0.0000000038 -0.0000000000  0.0000000000 -0.0000000000  0.5029902928 -0.0000000000  0.0009731400  0.0000000000  0.0000000034 -0.0000000000 -0.0000000000  0.1759556842 -0.0000000000  0.0000000034
  0.6000000000  0.0000000000  0.3333333333  0.0000000000  0.0000000000  0.6666666667  0.4947901559  0.0000000039  0.1388334233 -0.0000000000  0.0003518674 -0.0000000000  0.0000000116  0.0000000039 -0.0000000000  0.0000000000 -0.0000000000  0.5043251199 -0.0000000000  0.0002899800 -0.0000000000  0.0000000034 -0.0000000000 -0.0000000000  0.1760625262 -0.0000000000  0.0000000034
  0.6000000000  0.0000000000  0.3333333333  0.0000000000  0.0000000000  1.0000000000  0.4898346835  0.0000000038  0.1391378131 -0.0000000000  0.0001601337 -0.0000000000  0.0000000116  0.0000000039 -0.0000000000 -0.0000000000 -0.0000000000  0.5093451330 -0.0000000000 -0.0001260576 -0.0000000000  0.0000000034 -0.0000000000  0.0000000000  0.1762710612 -0.0000000000  0.0000000034
  0.6000000000  0.0000000000  0.3333333333  0.0000000000  0.3333333333  0.0000000000  0.5201466222  0.1371377246  0.0000000042  0.0000000000  0.0000000001 -0.0000000000  0.4760428700  0.0000000034 -0.0000000000  0.0000000000 -0.0000000000  0.0000000121 -0.0000000000  0.0000000000 -0.0000000000  0.0000000035 -0.0000000000  0.0000000000  0.0000000035 -0.0000000000  0.1743480398
  0.6000000000  0.0000000000  0.3333333333  0.0000000000  0.3333333333  0.3333333333  0.5103337433  0.0799391316  0.1357013338  0.0000000000  0.0001930461 -0.0000000000  0.2263583041  0.0540319032 -0.0000000000  0.0001438644 -0.0000000000  0.4411405628 -0.0000000000  0.0002169661 -0.0000000000  0.0347864073 -0.0000000000 -0.0000174483  0.1497532500 -0.0000000000  0.0831884237
  0.6000000000  0.0000000000  0.3333333333  0.0000000000  0.3333333333  0.6666666667  0.5102676312  0.0797414758  0.1356408327  0.0000000000 -0.0000346819 -0.0000000000  0.2262784925  0.0540813568 -0.0000000000 -0.0000315092 -0.0000000000  0.4414841471 -0.0000000000 -0.0000527792 -0.0000000000  0.0348156621 -0.0000000000  0.0000013721  0.1497433261 -0.0000000000  0.0830519309
  0.6000000000  0.0000000000  0.3333333333  0.0000000000  0.3333333333  1.0000000000  0.5101856749  0.0797218936  0.1356646884 -0.0000000000 -0.0000305586 -0.0000000000  0.2260334219  0.0540075855 -0.0000000000 -0.0000291453 -0.0000000000  0.4414183768 -0.0000000000 -0.0000457867  0.0000000000  0.0347203883 -0.0000000000  0.0000023153  0.1497420904 -0.0000000000  0.0829904482
  0.6000000000  0.0000000000  0.3333333333  0.0000000000  0.6666666667  0.0000000000  0.5129551936  0.1383782590  0.0000000041  0.0000000000  0.0000000000 -0.0000000000  0.4855776129  0.0000000036 -0.0000000000  0.0000000000 -0.0000000000  0.0000000121 -0.0000000000 -0.0000000000 -0.0000000000  0.0000000035 -0.0000000000  0.0000000000  0.0000000035 -0.0000000000  0.1755566551
  0.6000000000  0.0000000000  0.3333333333  0.0000000000  0.6666666667  0.3333333333  0.5128728495  0.1335007279  0.0817465568 -0.0000000000  0.0001466996 -0.0000000000  0.4107589251  0.0569211544 -0.0000000000  0.0000568541 -0.0000000000  0.2519384890 -0.0000000000  0.0002161870 -0.0000000000  0.0371836047 -0.0000000000  0.0000945001  0.0826119641 -0.0000000000  0.1488658285
  0.6000000000  0.0000000000  0.3333333333  0.0000000000  0.6666666667  0.6666666667  0.5103200518  0.0799472964  0.1357045745 -0.0000000000  0.0001944564 -0.0000000000  0.2263668043  0.0540376035 -0.0000000000  0.0001430121 -0.0000000000  0.4411379733 -0.0000000000  0.0002154367  0.0000000000  0.0347888423 -0.0000000000 -0.0000174607  0.1497536050 -0.0000000000  0.0831915786
  0.6000000000  0.0000000000  0.3333333333  0.0000000000  0.6666666667  1.0000000000  0.5103019210  0.0798497562  0.1356189594 -0.0000000000 -0.0000427292 -0.0000000000  0.2264810901  0.0541025283 -0.0000000000 -0.0000376513 -0.0000000000  0.4413265951 -0.0000000000 -0.0000543920 -0.0000000000  0.0348124056 -0.0000000000 -0.0000039634  0.1496871515 -0.0000000000  0.0831299444
  0.6000000000  0.0000000000  0.3333333333  0.0000000000  1.0000000000  0.0000000000  0.5089027910  0.1391465157  0.0000000039 -0.0000000000  0.0000000001 -0.0000000000  0.4910657513  0.0000000038 -0.0000000000  0.0000000000 -0.0000000000  0.0000000116 -0.0000000000  0.0000000000  0.0000000000  0.0000000034 -0.0000000000  0.0000000000  0.0000000034 -0.0000000000  0.1764084952
  0.6000000000  0.0000000000  0.3333333333  0.0000000000  1.0000000000  0.3333333333  0.5135773388  0.1337564975  0.0812541032  0.0000000000 -0.0000083748 -0.0000000000  0.4118247507  0.0566980733 -0.0000000000 -0.0000048783 -0.0000000000  0.2497048251 -0.0000000000 -0.0000780982  0.0000000000  0.0371907752 -0.0000000000  0.0000020637  0.0822204691 -0.0000000000  0.1492708580
  0.6000000000  0.0000000000  0.3333333333  0.0000000000  1.0000000000  0.6666666667  0.4041404623  0.1040361358  0.1035028664 -0.0000000000  0.0001880207 -0.0000000000  0.3887632530  0.1004587596 -0.0000000000  0.0001833226 -0.0000000000  0.3886884984 -0.0000000000 -0.0002599542 -0.0000000000  0.0933088142 -0.0000000000  0.0003567874  0.0968994706 -0.0000000000  0.0970728266
  0.6000000000  0.0000000000  0.3333333333  0.0000000000  1.0000000000  1.0000000000  0.4956953103  0.0838811293  0.1320507714 -0.0000000000 -0.0000111854 -0.0000000000  0.2536408923  0.0564549207 -0.0000000000  0.0005420729 -0.0000000000  0.4300446386 -0.0000000000 -0.0000549666 -0.0000000000  0.0367730173 -0.0000000000  0.0000430486  0.1455030935 -0.0000000000  0.0867567942
  0.6000000000  0.0000000000  0.3333333333  0.3333333333  0.0000000000  0.0000000000  0.5158835446  0.1342601096  0.0761392342 -0.0092033614  0.0003297786 -0.0002340961  0.4146698394  0.0555519871 -0.0123168874  0.0001051763 -0.0000825471  0.2328975358 -0.0198126658  0.0002285779 -0.0001082649  0.0375715440 -0.0001376195  0.0000761902  0.0800002670 -0.0074114340  0.1510278794
  0.6000000000  0.0000000000  0.3333333333  0.3333333333  0.0000000000  0.3333333333  0.4956854044  0.0000000039  0.1387182999  0.0000000000  0.0008987802  0.0000000000  0.0000000117  0.0000000038  0.0000000000  0.0000000001 -0.0000000000  0.5030812421 -0.0000000000  0.0011419715  0.0000000000  0.0000000034  0.0000000000 -0.0000000000  0.1759953625 -0.0000000000  0.0000000034
  0.6000000000  0.0000000000  0.3333333333  0.3333333333  0.0000000000  0.6666666667  0.4946670499  0.0000000039  0.1387837056  0.0000000000 -0.0000809808  0.0000000001  0.0000000116  0.0000000039 -0.0000000000 -0.0000000000  0.0000000000  0.5048975317 -0.0000000000 -0.0002035035  0.0000000000  0.0000000034  0.0000000000 -0.0000000000  0.1761486120  0.0000000000  0.0000000034
  0.6000000000  0.0000000000  0.3333333333  0.3333333333  0.0000000000  1.0000000000  0.4906234176  0.0000000038  0.1391260386 -0.0000000000 -0.0002295864  0.0000000000  0.0000000116  0.0000000039 -0.0000000000 -0.0000000000  0.0000000000  0.5093952884 -0.0000000000 -0.0004371952  0.0000000000  0.0000000034  0.0000000000  0.0000000000  0.1764056340 -0.0000000000  0.0000000034
  0.6000000000  0.0000000000  0.3333333333  0.3333333333  0.3333333333  0.0000000000  0.5200269136  0.1371981782  0.0000000042  0.0000000000 -0.0000000001 -0.0000101963  0.4764500168  0.0000000034 -0.0000000000 -0.0000000000 -0.0000199143  0.0000000121 -0.0000000000 -0.0000000000 -0.0000000000  0.0000000035 -0.0000000000 -0.0000000000  0.0000000035  0.0000000000  0.1743477595
  0.6000000000  0.0000000000  0.3333333333  0.3333333333  0.3333333333  0.3333333333  0.5120707894  0.0800836033  0.1354604141 -0.0042734598  0.0000074576  0.0000010623  0.2263105870  0.0541603741 -0.0090535740  0.0000207910  0.0000077184  0.4404485456 -0.0058200582 -0.0000115515  0.0000016581  0.0351730578  0.0000071440  0.0000075965  0.1496644119 -0.0035501167  0.0835080797
  0.6000000000  0.0000000000  0.3333333333  0.3333333333  0.3333333333  0.6666666667  0.5121977391  0.0800095489  0.1355179523 -0.0040953001  0.0000138277  0.0000115990  0.2260556704  0.0541225410 -0.0086672916  0.0000119414  0.0000071887  0.4406918083 -0.0056369441  0.0000076021  0.0000082864  0.0351170863  0.0000050617  0.0000028717  0.1497423589 -0.0034360165  0.0834043051
  0.6000000000  0.0000000000  0.3333333333  0.3333333333  0.3333333333  1.0000000000  0.5122820421  0.0800171802  0.1355580884 -0.0040778263  0.0000044461  0.0000026243  0.2261203876  0.0541638308 -0.0086141712  0.0000074576  0.0000030897  0.4407595261 -0.0055940183 -0.0000014914  0.0000019842  0.0351552756  0.0000031972  0.0000005943  0.1497740583 -0.0034126610  0.0834176358
  0.6000000000  0.0000000000  0.3333333333  0.3333333333  0.6666666667  0.0000000000  0.5097771078  0.1391090604  0.0000000040  0.0000000000 -0.0000000000 -0.0005805830  0.4900636157  0.0000000038  0.0000000000 -0.0000000000 -0.0003552168  0.0000000116 -0.0000000000 -0.0000000000 -0.0000000001  0.0000000034  0.0000000000 -0.0000000000  0.0000000034  0.0000000000  0.1763844247
  0.6000000000  0.0000000000  0.3333333333  0.3333333333  0.6666666667  0.3333333333  0.4849575430  0.1338627035  0.0672764380 -0.0019690587  0.0019562159 -0.0044373526  0.4208124412  0.0556975584 -0.0034735598  0.0009388130 -0.0008399340  0.2432020340 -0.0036336418  0.0016343902 -0.0023817979  0.0337647772 -0.0051371609  0.0004285902  0.0714016570 -0.0016869425  0.1525842660
  0.6000000000  0.0000000000  0.3333333333  0.3333333333  0.6666666667  0.6666666667  0.4952048053  0.0844460755  0.1309215463 -0.0020503053  0.0000923284 -0.0000887195  0.2493660996  0.0557157376 -0.0045041890 -0.0000577691  0.0002566253  0.4257426102 -0.0027042656 -0.0001719674 -0.0000180517  0.0370960220 -0.0004508343  0.0003429589  0.1439437149 -0.0016618755  0.0872145737
  0.6000000000  0.0000000000  0.3333333333  0.3333333333  0.6666666667  1.0000000000  0.5121896088  0.0800127397  0.1355147986 -0.0040839932  0.0000045724  0.0000011709  0.2260873424  0.0541272774 -0.0086410762  0.0000197275  0.0000054476  0.4406969889 -0.0056132467 -0.0000152280  0.0000011613  0.0351246698  0.0000081097 -0.0000016439  0.1497424102 -0.0034233364  0.0834124330
  0.6000000000  0.0000000000  0.3333333333  0.3333333333  1.0000000000  0.0000000000  0.5091082441  0.1391358780  0.0000000039  0.0000000000 -0.0000000001 -0.0001937816  0.4908614999  0.0000000038  0.0000000000 -0.0000000000 -0.0000329233  0.0000000116  0.0000000000 -0.0000000000 -0.0000000000  0.0000000034  0.0000000000 -0.0000000000  0.0000000034  0.0000000000  0.1764009122
  0.6000000000  0.0000000000  0.3333333333  0.3333333333  1.0000000000  0.3333333333  0.4407753189  0.1355577196  0.0540083065 -0.0000131895  0.0060977129 -0.0000342086  0.5120122673  0.0797878664 -0.0000127197  0.0043810849 -0.0000020936  0.2254305357 -0.0000165363  0.0091164125  0.0000351650  0.0832264263 -0.0000081146  0.0036680637  0.0350658628 -0.0000124646  0.1498363161
  0.6000000000  0.0000000000  0.3333333333  0.3333333333  1.0000000000  0.6666666667  0.2753509888  0.1109272588  0.1107666328 -0.0000378562  0.0002243192 -0.0004896716  0.2736156460  0.1102984450 -0.0000384294  0.0000712121 -0.0001087403  0.2729677582 -0.0000669876  0.0000435682 -0.0001703161  0.0801764475 -0.0000974117  0.0001042954  0.0806981512 -0.0000478767  0.0809791899
  0.6000000000  0.0000000000  0.3333333333  0.3333333333  1.0000000000  1.0000000000  0.2741478181  0.1108650740  0.1109816407 -0.0000431784  0.0000699777 -0.0003753631  0.2736600296  0.1108323479 -0.0000425463 -0.0000187986 -0.0001093701  0.2741607704 -0.0000904165 -0.0001454612 -0.0001459306  0.0806536565 -0.0000704629  0.0000372692  0.0808818472 -0.0000485510  0.0807483039
  0.6000000000  0.0000000000  0.3333333333  0.6666666667  0.0000000000  0.0000000000  0.4599541965  0.1327493944  0.0337508221 -0.0068375335  0.0125168553 -0.0130658164  0.4244328882  0.0283776135 -0.0072992701  0.0071265382 -0.0117071176  0.1123026923 -0.0091897162  0.0134426269 -0.0065950574  0.0284419001 -0.0123732772  0.0048433027  0.0346359105 -0.0050694813  0.1588376566
  0.6000000000  0.0000000000  0.3333333333  0.6666666667  0.0000000000  0.3333333333  0.3258963800  0.0708141953  0.1005453413 -0.0008891581  0.0000176023 -0.0634212180  0.1247474152  0.0410409999 -0.0016032220  0.0004064261 -0.0675676692  0.4003276515 -0.0021274929  0.0001480465 -0.0238132535  0.0570595925 -0.0306803721  0.0009616225  0.1235720913 -0.0006576835  0.0770758927
  0.6000000000  0.0000000000  0.3333333333  0.6666666667  0.0000000000  0.6666666667  0.3282084922  0.0694565831  0.1017432702 -0.0012232627 -0.0000393803 -0.0604282189  0.1270384888  0.0414714302 -0.0032917688  0.0007862436 -0.0663884500  0.4111998748 -0.0032219393 -0.0000655920 -0.0232497791  0.0590047802 -0.0280993741  0.0007934032  0.1264674041 -0.0006118678  0.0739930914
  0.6000000000  0.0000000000  0.3333333333  0.6666666667  0.0000000000  1.0000000000  0.4127264210  0.0382454063  0.1237025804 -0.0011836070  0.0004639742 -0.0327323204  0.0887091146  0.0289135927 -0.0024573685  0.0008310997 -0.0424912545  0.4649096398 -0.0017226133  0.0004859526 -0.0151847484  0.0383277021 -0.0117279118  0.0013778389  0.1517784842 -0.0006599546  0.0476787137
  0.6000000000  0.0000000000  0.3333333333  0.6666666667  0.3333333333  0.0000000000  0.5091206880  0.1393218330  0.0000000040  0.0000000000  0.0000000000 -0.0031737596  0.4857269182  0.0000000037  0.0000000000  0.0000000000 -0.0032003421  0.0000000118 -0.0000000000 -0.0000000000 -0.0000000002  0.0000000034  0.0000000000  0.0000000000  0.0000000034  0.0000000000  0.1767193447
  0.6000000000  0.0000000000  0.3333333333  0.6666666667  0.3333333333  0.3333333333  0.4539224273  0.1364520689  0.0585597966 -0.0003950364  0.0012874018 -0.0151400416  0.4162658000  0.0521973098  0.0003918098  0.0005769089 -0.0128877861  0.2167712849  0.0002709624  0.0007647651 -0.0096639550  0.0445031534 -0.0179479576  0.0004453027  0.0531342879 -0.0003926733  0.1547345935
  0.6000000000  0.0000000000  0.3333333333  0.6666666667  0.3333333333  0.6666666667  0.4498054593  0.1337431587  0.0579447960 -0.0010713010 -0.0001641771 -0.0138263015  0.4114277723  0.0524199972 -0.0015068255  0.0005188405 -0.0115046293  0.2241712439 -0.0032163034 -0.0010345334 -0.0087158789  0.0458740224 -0.0180546348  0.0005627033  0.0546986927 -0.0006515764  0.1527961225
  0.6000000000  0.0000000000  0.3333333333  0.6666666667  0.3333333333  1.0000000000  0.3276882729  0.0867299175  0.1025394332  0.0002426581  0.0007374529 -0.0537597018  0.1974639446  0.0628086332 -0.0017607248 -0.0001380887 -0.0568341170  0.4149047912 -0.0013247101 -0.0002144723 -0.0298817263  0.0700208681 -0.0321431534  0.0007691938  0.1141944522 -0.0002476698  0.0960971125
  0.6000000000  0.0000000000  0.3333333333  0.6666666667  0.6666666667  0.0000000000  0.5093911046  0.1391084869  0.0000000039 -0.0000000000 -0.0000000000 -0.0013048428  0.4896784677  0.0000000038 -0.0000000000 -0.0000000000 -0.0010499226  0.0000000115 -0.0000000000 -0.0000000000 -0.0000000001  0.0000000034  0.0000000000  0.0000000000  0.0000000034 -0.0000000000  0.1763886257
  0.6000000000  0.0000000000  0.3333333333  0.6666666667  0.6666666667  0.3333333333  0.4825418021  0.1355809201  0.0671782720 -0.0036943056  0.0005549046 -0.0011949357  0.4219057611  0.0564530500 -0.0067661145  0.0002127520 -0.0013457323  0.2379233401 -0.0079201373 -0.0003328191 -0.0017610674  0.0410370605 -0.0046511323  0.0002833839  0.0675748424 -0.0027827535  0.1535704257
  0.6000000000  0.0000000000  0.3333333333  0.6666666667  0.6666666667  0.6666666667  0.4883465964  0.1323567303  0.0705514430 -0.0017765950  0.0006810926 -0.0025576130  0.4144481482  0.0553766058 -0.0029030640  0.0002439007 -0.0004921362  0.2442347977 -0.0033014970 -0.0000807185 -0.0013682781  0.0319268351 -0.0039196822  0.0001363251  0.0733321307 -0.0017230154  0.1500277031
  0.6000000000  0.0000000000  0.3333333333  0.6666666667  0.6666666667  1.0000000000  0.4722583759  0.1318037262  0.0690424907 -0.0013893341 -0.0021312332 -0.0051398549  0.4136975112  0.0583392649 -0.0024571227 -0.0005595018 -0.0012849442  0.2634484559 -0.0038644106 -0.0025141415 -0.0021362486  0.0348805078 -0.0051671071 -0.0001354038  0.0764934823 -0.0015248024  0.1501791683
  0.6000000000  0.0000000000  0.3333333333  0.6666666667  1.0000000000  0.0000000000  0.5091196199  0.1391377204  0.0000000039 -0.0000000000  0.0000000000 -0.0003387732  0.4908502618  0.0000000038 -0.0000000000  0.0000000000 -0.0001865217  0.0000000116 -0.0000000000  0.0000000000 -0.0000000000  0.0000000034  0.0000000000  0.0000000000  0.0000000034 -0.0000000000  0.1764096804
  0.6000000000  0.0000000000  0.3333333333  0.6666666667  1.0000000000  0.3333333333  0.5154399099  0.1350298570  0.0782309870 -0.0030286985 -0.0000271391  0.0003821233  0.4167094343  0.0557429466 -0.0040787041 -0.0000108197 -0.0000521602  0.2394548435 -0.0064120397 -0.0000314312  0.0000683821  0.0364964599  0.0004840102  0.0000400436  0.0798214504 -0.0025873586  0.1513541436
  0.6000000000  0.0000000000  0.3333333333  0.6666666667  1.0000000000  0.6666666667  0.5124847786  0.1333736455  0.0819989034 -0.0006515022  0.0002816611 -0.0000968368  0.4102530686  0.0570821411 -0.0009111727  0.0001042693  0.0000589722  0.2533445489 -0.0015230882  0.0004754975  0.0000602600  0.0372239791 -0.0000320869  0.0001417704  0.0827766364 -0.0005565420  0.1486762535
  0.6000000000  0.0000000000  0.3333333333  0.6666666667  1.0000000000  1.0000000000  0.3818203997  0.1003357845  0.1022319606 -0.0000661826  0.0017449514 -0.0002825849  0.3877819138  0.1061651572 -0.0000298240  0.0017695078 -0.0001482325  0.3978226108  0.0001300279  0.0016514359 -0.0003135928  0.0972172288 -0.0004330946  0.0023089243  0.0954694019 -0.0008969767  0.0934479200
  0.6000000000  0.0000000000  0.3333333333  1.0000000000  0.0000000000  0.0000000000  0.4960973137  0.1382375942  0.0000000039 -0.0000000000 -0.0000000000 -0.0079005966  0.4733987474  0.0000000039 -0.0000000000 -0.0000000000 -0.0087271325  0.0000000123 -0.0000000000 -0.0000000000 -0.0000000004  0.0000000035  0.0000000000 -0.0000000000  0.0000000035 -0.0000000000  0.1763424547
  0.6000000000  0.0000000000  0.3333333333  1.0000000000  0.0000000000  0.3333333333  0.1439738872  0.1121666741  0.0445313965 -0.0008052038 -0.0025162835 -0.1057101966  0.1284189026  0.0421988940 -0.0032010786  0.0005052792 -0.1063770137  0.2941314254 -0.0035508532 -0.0032269191 -0.0352420977  0.0699261438 -0.0626027177  0.0008057346  0.0714380401 -0.0014394673  0.1148669639
  0.6000000000  0.0000000000  0.3333333333  1.0000000000  0.0000000000  0.6666666667  0.1572907227  0.1078929351  0.0552617251  0.0002815853 -0.0000514952 -0.0987911418  0.1360082805  0.0494299108  0.0003919620  0.0018205590 -0.1010991230  0.3411004987 -0.0000011555  0.0007210561 -0.0356506206  0.0735021528 -0.0602211950  0.0007579283  0.0804828373 -0.0000098343  0.1096786648
  0.6000000000  0.0000000000  0.3333333333  1.0000000000  0.0000000000  1.0000000000  0.2137458624  0.1008257478  0.0705351599 -0.0013918384 -0.0076033722 -0.0822710464  0.1794044008  0.0607944194 -0.0077323312  0.0003669385 -0.0851599241  0.3635975157 -0.0088243292 -0.0076036161 -0.0289243432  0.0790215997 -0.0472418313 -0.0000445721  0.0934989494 -0.0003763890  0.0990365205
  0.6000000000  0.0000000000  0.3333333333  1.0000000000  0.3333333333  0.0000000000  0.5023868998  0.1393576502  0.0000000039 -0.0000000000  0.0000000000 -0.0056695224  0.4864122278  0.0000000039  0.0000000000  0.0000000000 -0.0050138888  0.0000000118  0.0000000000  0.0000000000 -0.0000000003  0.0000000034  0.0000000000  0.0000000000  0.0000000034  0.0000000000  0.1770664172
  0.6000000000  0.0000000000  0.3333333333  1.0000000000  0.3333333333  0.3333333333  0.3727532473  0.1321440827  0.0798446576 -0.0009596111 -0.0017973596 -0.0404307086  0.3439499112  0.0776835136 -0.0020545434 -0.0004852422 -0.0416858484  0.3257901253 -0.0034203365 -0.0033516239 -0.0246832856  0.0757144036 -0.0341017508  0.0001673622  0.0740410433 -0.0000054295  0.1435829141
  0.6000000000  0.0000000000  0.3333333333  1.0000000000  0.3333333333  0.6666666667  0.2999134379  0.1225901799  0.0855484195 -0.0001688478 -0.0060758662 -0.0605050269  0.2644871672  0.0809999096 -0.0024465870  0.0007213732 -0.0619806725  0.3936400675 -0.0068336993 -0.0064274790 -0.0372079348  0.0853675659 -0.0469791077  0.0007239737  0.0862342238  0.0012831695  0.1326015629
  0.6000000000  0.0000000000  0.3333333333  1.0000000000  0.3333333333  1.0000000000  0.2304246752  0.1158875219  0.0790308145 -0.0008664006 -0.0096885526 -0.0717133369  0.2210225529  0.0744541051 -0.0050375728 -0.0000497874 -0.0702841693  0.3986845911 -0.0067633998 -0.0080462035 -0.0381396184  0.0850597901 -0.0519510482 -0.0000178739  0.0874887897  0.0000587226  0.1229498874
  0.6000000000  0.0000000000  0.3333333333  1.0000000000  0.6666666667  0.0000000000  0.5073374881  0.1391341512  0.0000000039 -0.0000000000 -0.0000000000 -0.0028067242  0.4897497932  0.0000000038 -0.0000000000 -0.0000000000 -0.0027084631  0.0000000115 -0.0000000000 -0.0000000000 -0.0000000002  0.0000000034  0.0000000000  0.0000000000  0.0000000034 -0.0000000000  0.1767372103
  0.6000000000  0.0000000000  0.3333333333  1.0000000000  0.6666666667  0.3333333333  0.4829599094  0.1363269227  0.0580561850 -0.0001989438  0.0023982195  0.0029348135  0.4348512280  0.0534750568 -0.0005166479  0.0008566221  0.0002376470  0.2190345251 -0.0009278856  0.0020479545  0.0014479881  0.0365638690  0.0027652041  0.0005636775  0.0578604588 -0.0001759554  0.1572399059
  0.6000000000  0.0000000000  0.3333333333  1.0000000000  0.6666666667  0.6666666667  0.3640949927  0.1253729223  0.0770532739 -0.0008912578 -0.0006673195 -0.0348870912  0.3350430399  0.0757368395 -0.0012366874 -0.0002029818 -0.0374125678  0.3369252670 -0.0015840268 -0.0010567395 -0.0218842438  0.0748743400 -0.0317400020  0.0005358809  0.0734947567 -0.0000616990  0.1376389852
  0.6000000000  0.0000000000  0.3333333333  1.0000000000  0.6666666667  1.0000000000  0.3199601501  0.1277073947  0.0838204939  0.0000523877 -0.0013590721 -0.0519602127  0.2976977574  0.0818762374 -0.0006370026  0.0001156292 -0.0529711964  0.3740872452 -0.0023123595 -0.0023217857 -0.0322934495  0.0819256580 -0.0412904383  0.0003752760  0.0829550605  0.0002406924  0.1351765755
  0.6000000000  0.0000000000  0.3333333333  1.0000000000  1.0000000000  0.0000000000  0.5089603730  0.1391427973  0.0000000039 -0.0000000000  0.0000000000 -0.0003053589  0.4909926701  0.0000000038 -0.0000000000  0.0000000000 -0.0003015116  0.0000000116 -0.0000000000  0.0000000000 -0.0000000000  0.0000000034  0.0000000000  0.0000000000  0.0000000034 -0.0000000000  0.1764231298
  0.6000000000  0.0000000000  0.3333333333  1.0000000000  1.0000000000  0.3333333333  0.4408748263  0.1356061886  0.0532639435 -0.0000011009  0.0087738208 -0.0000011926  0.5111150528  0.0786236148 -0.0000008246  0.0059399596 -0.0000013851  0.2217837954 -0.0000006816  0.0117297758 -0.0000010797  0.0822050925  0.0000001175  0.0050746958  0.0346356164  0.0000006310  0.1502414245
  0.6000000000  0.0000000000  0.3333333333  1.0000000000  1.0000000000  0.6666666667  0.4904607984  0.1217488504  0.0804225085 -0.0009978854  0.0000306674  0.0002097999  0.3606964267  0.0665538462 -0.0013947433  0.0000802090  0.0000146513  0.2372262001 -0.0020957416 -0.0000689261 -0.0000236288  0.0387559499  0.0005658190 -0.0000017959  0.0826747079 -0.0010915082  0.1426153074
  0.6000000000  0.0000000000  0.3333333333  1.0000000000  1.0000000000  1.0000000000  0.3253754495  0.0978981449  0.0777664304 -0.0022223724 -0.0038242823  0.0007002047  0.2925245310  0.0875589225  0.0014389269  0.0001059906  0.0023607284  0.2948504734  0.0005615000 -0.0067319447  0.0000845852  0.0793357343  0.0009071414 -0.0013715822  0.0737822406 -0.0020269107  0.1000555404
  0.6000000000  0.0000000000  0.6666666667  0.0000000000  0.0000000000  0.0000000000  0.4783464006  0.0000000037  0.1384110537  0.0000000000  0.0070374371 -0.0000000000  0.0000000119  0.0000000037 -0.0000000000  0.0000000003 -0.0000000000  0.4973807168 -0.0000000000  0.0064447524 -0.0000000000  0.0000000034 -0.0000000000 -0.0000000000  0.1768986774 -0.0000000000  0.0000000034
  0.6000000000  0.0000000000  0.6666666667  0.0000000000  0.0000000000  0.3333333333  0.4937643897  0.0000000039  0.1389401747  0.0000000000  0.0015436224 -0.0000000000  0.0000000117  0.0000000039 -0.0000000000  0.0000000001 -0.0000000000  0.5046285724 -0.0000000000  0.0019173903  0.0000000000  0.0000000034 -0.0000000000 -0.0000000000  0.1762354738 -0.0000000000  0.0000000034
  0.6000000000  0.0000000000  0.6666666667  0.0000000000  0.0000000000  0.6666666667  0.4904480979  0.0000000038  0.1392013982 -0.0000000000  0.0013530350 -0.0000000000  0.0000000116  0.0000000039 -0.0000000000  0.0000000001 -0.0000000000  0.5087775079 -0.0000000000  0.0012187681  0.0000000000  0.0000000034 -0.0000000000 -0.0000000000  0.1764196100 -0.0000000000  0.0000000034
  0.6000000000  0.0000000000  0.6666666667  0.0000000000  0.0000000000  1.0000000000  0.4898487090  0.0000000038  0.1391399521  0.0000000000  0.0001170426 -0.0000000000  0.0000000116  0.0000000039 -0.0000000000 -0.0000000000 -0.0000000000  0.5093293513 -0.0000000000 -0.0001462252 -0.0000000000  0.0000000034 -0.0000000000  0.0000000000  0.1762698230 -0.0000000000  0.0000000034
  0.6000000000  0.0000000000  0.6666666667  0.0000000000  0.3333333333  0.0000000000  0.3311604916  0.0806268948  0.1286209584 -0.0000000000  0.0496175669 -0.0000000000  0.3439358743  0.0809616074 -0.0000000000  0.0285391251 -0.0000000000  0.3403684143 -0.0000000000  0.0480616443 -0.0000000000  0.0771192087 -0.0000000000  0.0363625059  0.1379291873 -0.0000000000  0.0801619189
  0.6000000000  0.0000000000  0.6666666667  0.0000000000  0.3333333333  0.3333333333  0.4931464428  0.0000000039  0.1390158194 -0.0000000000  0.0015973566 -0.0000000000  0.0000000117  0.0000000039 -0.0000000000  0.0000000001 -0.0000000000  0.5053870867 -0.0000000000  0.0019036433 -0.0000000000  0.0000000034 -0.0000000000 -0.0000000000  0.1763080775 -0.0000000000  0.0000000034
  0.6000000000  0.0000000000  0.6666666667  0.0000000000  0.3333333333  0.6666666667  0.4904505210  0.0000000038  0.1391985946 -0.0000000000  0.0013590041 -0.0000000000  0.0000000116  0.0000000039 -0.0000000000  0.0000000001 -0.0000000000  0.5087577883 -0.0000000000  0.0012470393  0.0000000000  0.0000000034 -0.0000000000 -0.0000000000  0.1764179843 -0.0000000000  0.0000000034
  0.6000000000  0.0000000000  0.6666666667  0.0000000000  0.3333333333  1.0000000000  0.4898278185  0.0000000038  0.1391400581 -0.0000000000  0.0001010771 -0.0000000000  0.0000000116  0.0000000039 -0.0000000000 -0.0000000000 -0.0000000000  0.5093428636 -0.0000000000 -0.0001597756  0.0000000000  0.0000000034 -0.0000000000  0.0000000000  0.1762683837 -0.0000000000  0.0000000034
  0.6000000000  0.0000000000  0.6666666667  0.0000000000  0.6666666667  0.0000000000  0.3304870293  0.0993909606  0.0766614588 -0.0000000000  0.0636535164 -0.0000000000  0.3988475183  0.0468971750 -0.0000000000  0.0253915079 -0.0000000000  0.1408291499 -0.0000000000  0.0678138172  0.0000000000  0.0617231535 -0.0000000000  0.0312915441  0.0752617709 -0.0000000000  0.1238718576
  0.6000000000  0.0000000000  0.6666666667  0.0000000000  0.6666666667  0.3333333333  0.5101396074  0.0797894961  0.1357033488  0.0000000000 -0.0001031028 -0.0000000000  0.2258843652  0.0539380553 -0.0000000000 -0.0000871679 -0.0000000000  0.4412393817 -0.0000000000 -0.0001305722 -0.0000000000  0.0346353343 -0.0000000000  0.0000111131  0.1497388390 -0.0000000000  0.0829930041
  0.6000000000  0.0000000000  0.6666666667  0.0000000000  0.6666666667  0.6666666667  0.5004566320  0.0557101885  0.1363446663  0.0000000000 -0.0003378925 -0.0000000000  0.1639088711  0.0416883133 -0.0000000000 -0.0001643476 -0.0000000000  0.4568077518 -0.0000000000 -0.0001335010 -0.0000000000  0.0256392370 -0.0000000000 -0.0007763482  0.1567564541 -0.0000000000  0.0572044912
  0.6000000000  0.0000000000  0.6666666667  0.0000000000  0.6666666667  1.0000000000  0.4898701216  0.0000000038  0.1391401508 -0.0000000000  0.0000838056 -0.0000000000  0.0000000116  0.0000000039 -0.0000000000 -0.0000000000 -0.0000000000  0.5093118489 -0.0000000000 -0.0001736351 -0.0000000000  0.0000000034 -0.0000000000  0.0000000000  0.1762702297 -0.0000000000  0.0000000034
  0.6000000000  0.0000000000  0.6666666667  0.0000000000  1.0000000000  0.0000000000  0.3306356257  0.0992142527  0.0766116354  0.0000000000  0.0634599269 -0.0000000000  0.4007657865  0.0468684537 -0.0000000000  0.0253024908 -0.0000000000  0.1410429807 -0.0000000000  0.0676082717 -0.0000000000  0.0622399805 -0.0000000000  0.0310011833  0.0748943894 -0.0000000000  0.1242667705
  0.6000000000  0.0000000000  0.6666666667  0.0000000000  1.0000000000  0.3333333333  0.4662574617  0.0760628241  0.1350266623 -0.0000000000  0.0011889639 -0.0000000000  0.2575711124  0.0589803214 -0.0000000000  0.0004375176 -0.0000000000  0.4371033488 -0.0000000000  0.0005851011 -0.0000000000  0.0385556206 -0.0000000000 -0.0001973815  0.1489934476 -0.0000000000  0.0823981173
  0.6000000000  0.0000000000  0.6666666667  0.0000000000  1.0000000000  0.6666666667  0.5102851871  0.0799400720  0.1357261693 -0.0000000000  0.0002462921 -0.0000000000  0.2264788437  0.0540601931 -0.0000000000  0.0001740367 -0.0000000000  0.4411448205 -0.0000000000  0.0002607603 -0.0000000000  0.0348791948 -0.0000000000 -0.0000206791  0.1498114746 -0.0000000000  0.0832491338
  0.6000000000  0.0000000000  0.6666666667  0.0000000000  1.0000000000  1.0000000000  0.5102288404  0.0799364190  0.1357265698 -0.0000000000  0.0002227994 -0.0000000000  0.2263718101  0.0540459497 -0.0000000000  0.0001573724 -0.0000000000  0.4411489102 -0.0000000000  0.0002338160 -0.0000000000  0.0348246115 -0.0000000000 -0.0000203882  0.1497899638 -0.0000000000  0.0832025842
  0.6000000000  0.0000000000  0.6666666667  0.3333333333  0.0000000000  0.0000000000  0.4222444444  0.0343399380  0.1236829219 -0.0101300259  0.0070385522 -0.0271025055  0.0988102804  0.0289127310 -0.0179337382  0.0059192830 -0.0311199462  0.4357052025 -0.0148538996  0.0057945794 -0.0118174592  0.0317399598 -0.0078429185  0.0107978145  0.1521069153 -0.0077554850  0.0442944521
  0.6000000000  0.0000000000  0.6666666667  0.3333333333  0.0000000000  0.3333333333  0.4900774824  0.0000000038  0.1391068173  0.0000000000  0.0028040638 -0.0000000000  0.0000000117  0.0000000040  0.0000000000  0.0000000002 -0.0000000000  0.5063767020  0.0000000000  0.0030009744 -0.0000000000  0.0000000034 -0.0000000000 -0.0000000000  0.1767194996  0.0000000000  0.0000000034
  0.6000000000  0.0000000000  0.6666666667  0.3333333333  0.0000000000  0.6666666667  0.4907559198  0.0000000038  0.1391537392  0.0000000000  0.0009240993  0.0000000000  0.0000000114  0.0000000039  0.0000000000  0.0000000001  0.0000000000  0.5090701283  0.0000000000  0.0008853055  0.0000000000  0.0000000033 -0.0000000000 -0.0000000000  0.1764716384  0.0000000000  0.0000000034
  0.6000000000  0.0000000000  0.6666666667  0.3333333333  0.0000000000  1.0000000000  0.4904702321  0.0000000038  0.1391235714  0.0000000000 -0.0001845801 -0.0000000000  0.0000000116  0.0000000039  0.0000000000 -0.0000000000  0.0000000000  0.5094593848  0.0000000000 -0.0004043611 -0.0000000000  0.0000000034 -0.0000000000  0.0000000000  0.1763934426  0.0000000000  0.0000000034
  0.6000000000  0.0000000000  0.6666666667  0.3333333333  0.3333333333  0.0000000000  0.3157849479  0.0929776823  0.0798230089 -0.0017382192  0.0696626710 -0.0013674932  0.3705794976  0.0454079337 -0.0062139241  0.0263352606 -0.0006312952  0.1381142409 -0.0067299942  0.0734865970 -0.0022086579  0.0611296273 -0.0018403902  0.0337264870  0.0838917505 -0.0005849887  0.1156859932
  0.6000000000  0.0000000000  0.6666666667  0.3333333333  0.3333333333  0.3333333333  0.4752917988  0.0621072719  0.1333764202 -0.0035769933 -0.0011381044 -0.0070619837  0.2078151123  0.0502605939 -0.0090348059 -0.0006061524 -0.0078266720  0.4475102477 -0.0084170490 -0.0005769150 -0.0015756887  0.0347872733 -0.0006837194 -0.0024315171  0.1527261633 -0.0034579284  0.0677090814
  0.6000000000  0.0000000000  0.6666666667  0.3333333333  0.3333333333  0.6666666667  0.4890886804  0.0466202848  0.1369348728 -0.0022019642 -0.0024994314 -0.0017955613  0.1458274645  0.0365208297 -0.0047594118 -0.0013893173 -0.0018883008  0.4668019767 -0.0037231893 -0.0014703530 -0.0001794117  0.0215969506  0.0000591771 -0.0029915802  0.1597247537 -0.0022694681  0.0490444233
  0.6000000000  0.0000000000  0.6666666667  0.3333333333  0.3333333333  1.0000000000  0.4903485517  0.0000000038  0.1391326569 -0.0000000000 -0.0005610498 -0.0000000000  0.0000000115  0.0000000039 -0.0000000000 -0.0000000001  0.0000000000  0.5095725276 -0.0000000000 -0.0006824180  0.0000000000  0.0000000034 -0.0000000000  0.0000000000  0.1764273165 -0.0000000000  0.0000000034
  0.6000000000  0.0000000000  0.6666666667  0.3333333333  0.6666666667  0.0000000000  0.3338613638  0.1004676673  0.0767713354 -0.0002836048  0.0630531959 -0.0011347778  0.3941933327  0.0473802823 -0.0007589763  0.0254028187 -0.0008532719  0.1432477845 -0.0010241253  0.0679486138 -0.0004600520  0.0615819777 -0.0005082205  0.0314230012  0.0754041052 -0.0001444692  0.1234356913
  0.6000000000  0.0000000000  0.6666666667  0.3333333333  0.6666666667  0.3333333333  0.4829519861  0.0710163231  0.1336984020 -0.0029543911 -0.0027320392 -0.0002252031  0.2304144089  0.0536064097 -0.0068279694 -0.0017162735 -0.0004821827  0.4404415134 -0.0050553412 -0.0009427422  0.0004694095  0.0358179778  0.0002123247 -0.0052278355  0.1497913483 -0.0022653825  0.0721669197
  0.6000000000  0.0000000000  0.6666666667  0.3333333333  0.6666666667  0.6666666667  0.5120646731  0.0798212840  0.1355634984 -0.0043372112  0.0000077960  0.0000001997  0.2255320875  0.0540344734 -0.0090398320  0.0000322679  0.0000085595  0.4407733996 -0.0060161763 -0.0000210129 -0.0000001844  0.0350768451  0.0000135779 -0.0000015350  0.1498307962 -0.0036311764  0.0832535096
  0.6000000000  0.0000000000  0.6666666667  0.3333333333  0.6666666667  1.0000000000  0.5120860514  0.0798669473  0.1355456727 -0.0042696781  0.0000090704  0.0000026571  0.2256677169  0.0540527608 -0.0089314729  0.0000343213  0.0000096834  0.4407514170 -0.0059084942 -0.0000220183  0.0000018861  0.0350872321  0.0000143286 -0.0000021436  0.1498071498 -0.0035743788  0.0832940283
  0.6000000000  0.0000000000  0.6666666667  0.3333333333  1.0000000000  0.0000000000  0.4144142551  0.1276376342  0.0546813220 -0.0002391824  0.0267955670 -0.0003150630  0.4770756496  0.0640270969 -0.0001977446  0.0185277622 -0.0003455631  0.1705769230 -0.0002328282  0.0378962691 -0.0001702820  0.0693766791 -0.0003686544  0.0137042347  0.0442894823 -0.0000664874  0.1442538831
  0.6000000000  0.0000000000  0.6666666667  0.3333333333  1.0000000000  0.3333333333  0.5045325033  0.0825993153  0.1344300638 -0.0020042496  0.0001688421  0.0000036803  0.2403890901  0.0557386654 -0.0041781695  0.0001075773  0.0000817556  0.4362493979 -0.0027840989  0.0000729141 -0.0000179216  0.0363152698 -0.0000319154  0.0004276184  0.1478045209 -0.0016884214  0.0847325645
  0.6000000000  0.0000000000  0.6666666667  0.3333333333  1.0000000000  0.6666666667  0.5046025917  0.0825576138  0.1343640259 -0.0028863738 -0.0000900195  0.0000330529  0.2400437290  0.0556663961 -0.0059076096 -0.0000023192  0.0000324035  0.4360691775 -0.0039949744 -0.0000300551  0.0000400273  0.0363135002  0.0000663549 -0.0003605228  0.1478000102 -0.0024147717  0.0847173951
  0.6000000000  0.0000000000  0.6666666667  0.3333333333  1.0000000000  1.0000000000  0.5122062930  0.0800052896  0.1355276404 -0.0040896237  0.0000059581  0.0000013697  0.2260864125  0.0541360329 -0.0086385604  0.0000254798  0.0000076728  0.4407238476 -0.0056150616 -0.0000192493  0.0000016009  0.0351376046  0.0000104831 -0.0000015130  0.1497573402 -0.0034232454  0.0834115735
  0.6000000000  0.0000000000  0.6666666667  0.6666666667  0.0000000000  0.0000000000  0.3110266405  0.0837249969  0.0708142841 -0.0127015223  0.0519146621 -0.0187017625  0.3072933777  0.0581739849 -0.0309963713  0.0196961072 -0.0206867338  0.1570072322 -0.0294391189  0.0535995912 -0.0088582153  0.0693314690 -0.0114549779  0.0212047767  0.0723733880 -0.0129056122  0.1087737476
  0.6000000000  0.0000000000  0.6666666667  0.6666666667  0.0000000000  0.3333333333  0.3353046165  0.0671379746  0.1038812229 -0.0034511057  0.0010496709 -0.0566887731  0.1271397355  0.0457981841 -0.0096893087  0.0024290434 -0.0638849311  0.4005848178 -0.0107515487  0.0012646116 -0.0233972668  0.0602154343 -0.0273797838  0.0036486082  0.1263390253 -0.0025296301  0.0700603340
  0.6000000000  0.0000000000  0.6666666667  0.6666666667  0.0000000000  0.6666666667  0.4093820527  0.0399125140  0.1230110411 -0.0033950990  0.0014333979 -0.0320162153  0.1005302046  0.0321347310 -0.0048901118  0.0017714732 -0.0439348870  0.4582767393 -0.0047173264  0.0014791439 -0.0153013252  0.0431377102 -0.0120828085  0.0040489598  0.1501496935 -0.0023563378  0.0485554540
  0.6000000000  0.0000000000  0.6666666667  0.6666666667  0.0000000000  1.0000000000  0.4127961450  0.0378875898  0.1239906622 -0.0034234532  0.0010767883 -0.0299542332  0.0977601563  0.0324590979 -0.0079619993  0.0020086647 -0.0402975860  0.4656704076 -0.0072014064  0.0010016614 -0.0143936574  0.0415935557 -0.0109051888  0.0035187056  0.1518732329 -0.0021867205  0.0449746021
  0.6000000000  0.0000000000  0.6666666667  0.6666666667  0.3333333333  0.0000000000  0.3469878001  0.1034020277  0.0703261488 -0.0040316084  0.0562137596 -0.0035662452  0.3862485655  0.0490947170 -0.0113095137  0.0240861048 -0.0039121085  0.1408368258 -0.0111373234  0.0635973283 -0.0032267942  0.0637671448 -0.0041499693  0.0272011535  0.0694657785 -0.0028697932  0.1260724956
  0.6000000000  0.0000000000  0.6666666667  0.6666666667  0.3333333333  0.3333333333  0.3142522577  0.0932650752  0.1092742209 -0.0024830745  0.0286162863 -0.0178591453  0.3169088466  0.0907585644 -0.0066050798  0.0125585588 -0.0207621090  0.3192658031 -0.0053485610  0.0300233312 -0.0050949109  0.0885481287 -0.0081034076  0.0194286775  0.1079232958 -0.0056781356  0.1003024884
  0.6000000000  0.0000000000  0.6666666667  0.6666666667  0.3333333333  0.6666666667  0.3380005975  0.0664693628  0.1066721514 -0.0018177745 -0.0014709100 -0.0501198536  0.1570195554  0.0491010315 -0.0063392795  0.0014745525 -0.0579096780  0.4198879984 -0.0046194179 -0.0017399179 -0.0214074835  0.0641662925 -0.0246649040  0.0009925430  0.1290227079 -0.0008605474  0.0668124051
  0.6000000000  0.0000000000  0.6666666667  0.6666666667  0.3333333333  1.0000000000  0.4081914858  0.0403269153  0.1242894983 -0.0027899544  0.0011187004 -0.0235783194  0.1419462559  0.0431527111 -0.0046462515  0.0014163223 -0.0353825118  0.4727968136 -0.0048030470  0.0013002471 -0.0130117949  0.0510688796 -0.0096629675  0.0031862608  0.1508371827 -0.0017358482  0.0407263676
  0.6000000000  0.0000000000  0.6666666667  0.6666666667  0.6666666667  0.0000000000  0.3572901920  0.1075732239  0.0706128580 -0.0014060400  0.0529574938 -0.0014146534  0.4069998636  0.0505238248 -0.0007373230  0.0230296714 -0.0017111953  0.1560750987 -0.0013153059  0.0607595924 -0.0006498009  0.0649488310 -0.0019241764  0.0259126309  0.0667915966 -0.0010919132  0.1302298444
  0.6000000000  0.0000000000  0.6666666667  0.6666666667  0.6666666667  0.3333333333  0.3565934481  0.1088613794  0.0761527450 -0.0013299678  0.0380733933 -0.0013849675  0.3961654421  0.0690587939  0.0003772579  0.0183667667 -0.0027329589  0.2315398403 -0.0028480487  0.0442523729 -0.0005787077  0.0806176698 -0.0006508532  0.0201226253  0.0617141848 -0.0009781516  0.1267954054
  0.6000000000  0.0000000000  0.6666666667  0.6666666667  0.6666666667  0.6666666667  0.3677292682  0.0934146030  0.1118445627 -0.0017639895  0.0050131023 -0.0114672014  0.3285677071  0.0896202705 -0.0010365407  0.0048805607 -0.0075294386  0.3731561351 -0.0030806357  0.0058953167 -0.0036220246  0.0817629400 -0.0048389148  0.0078243876  0.1063184412 -0.0027720829  0.0864114753
  0.6000000000  0.0000000000  0.6666666667  0.6666666667  0.6666666667  1.0000000000  0.4768605779  0.0702058211  0.1336012038 -0.0014630952  0.0027737568 -0.0025166500  0.2302543824  0.0532897286 -0.0024840784  0.0019501779 -0.0012678339  0.4393966851 -0.0023357459  0.0010045218 -0.0005641080  0.0327520028 -0.0002929967  0.0047183078  0.1495250648 -0.0015855431  0.0717310230
  0.6000000000  0.0000000000  0.6666666667  0.6666666667  1.0000000000  0.0000000000  0.4372229742  0.1330591233  0.0505426892 -0.0002353769  0.0264449615 -0.0001649792  0.4972310776  0.0600698348  0.0001489005  0.0194102624 -0.0002795208  0.1639100825  0.0001177079  0.0413524001 -0.0001407776  0.0685010379 -0.0004336459  0.0150168379  0.0413434123 -0.0000975055  0.1511929221
  0.6000000000  0.0000000000  0.6666666667  0.6666666667  1.0000000000  0.3333333333  0.2733798703  0.0821206022  0.1196210445  0.0002800154  0.0498074894 -0.0043896687  0.3678892129  0.0814470280  0.0059564701  0.0297032161 -0.0047368918  0.2943708593  0.0086771094  0.0489202148 -0.0014431695  0.0810766638  0.0008503184  0.0410044368  0.1275398096  0.0005880351  0.0850182700
  0.6000000000  0.0000000000  0.6666666667  0.6666666667  1.0000000000  0.6666666667  0.3858994899  0.1099964046  0.1065539452 -0.0031561275  0.0021552916 -0.0064860379  0.3645600962  0.1011676189 -0.0054454097  0.0017915184 -0.0023169577  0.3786846552 -0.0058331857  0.0017548432 -0.0026113635  0.0918065655 -0.0014770721  0.0028468159  0.1002374024 -0.0036190233  0.0978585012
  0.6000000000  0.0000000000  0.6666666667  0.6666666667  1.0000000000  1.0000000000  0.5116719272  0.0800493289  0.1352987560 -0.0045197878  0.0000256036  0.0000146137  0.2262516263  0.0540881448 -0.0096031048  0.0000593548  0.0000173002  0.4401039200 -0.0061482413 -0.0000287222  0.0000101207  0.0351940892  0.0000220152  0.0000040526  0.1495553478 -0.0037237805  0.0835679504
  0.6000000000  0.0000000000  0.6666666667  1.0000000000  0.0000000000  0.0000000000  0.1699298482  0.1105702833  0.0602593331 -0.0042877323  0.0088983497 -0.0966401711  0.1802515719  0.0597032908 -0.0050669286  0.0033683870 -0.0942403574  0.3209800870 -0.0045863278  0.0075322366 -0.0345515014  0.0803961806 -0.0583280764  0.0037650020  0.0769423780 -0.0039009134  0.1093705742
  0.6000000000  0.0000000000  0.6666666667  1.0000000000  0.0000000000  0.3333333333  0.2307795352  0.1127507835  0.0783133422 -0.0027371449 -0.0166349197 -0.0822238041  0.2221792621  0.0762805792 -0.0203386786 -0.0011653927 -0.0836875253  0.3738381153 -0.0212438986 -0.0165369370 -0.0355327350  0.0865850098 -0.0517480634  0.0003302457  0.0880048380 -0.0027227066  0.1208763308
  0.6000000000  0.0000000000  0.6666666667  1.0000000000  0.0000000000  0.6666666667  0.2560017690  0.1097036225  0.0918176636 -0.0061557472 -0.0398547335 -0.0772211224  0.2341712462  0.0880340877 -0.0378482541 -0.0050862421 -0.0768982488  0.3593782794 -0.0406551014 -0.0401124896 -0.0261609416  0.0944305115 -0.0395083204 -0.0028357983  0.0937743293 -0.0038264672  0.1191329359
  0.6000000000  0.0000000000  0.6666666667  1.0000000000  0.0000000000  1.0000000000  0.2621609025  0.1061128878  0.0935372606 -0.0053036177 -0.0463672064 -0.0785047888  0.2377807866  0.0889891216 -0.0429463725 -0.0046967260 -0.0780865337  0.3436925363 -0.0474032070 -0.0476344402 -0.0217332069  0.0964377768 -0.0342350977 -0.0027625125  0.0963062088 -0.0037057014  0.1182809669
  0.6000000000  0.0000000000  0.6666666667  1.0000000000  0.3333333333  0.0000000000  0.4347254406  0.1241478432  0.0423161455 -0.0048361783  0.0284248367 -0.0014845241  0.4361239248  0.0380967287 -0.0115451139  0.0145459996 -0.0020733548  0.1178707003 -0.0125390938  0.0398072405 -0.0029930981  0.0481495881 -0.0046281814  0.0116308070  0.0442967701 -0.0031172674  0.1502597197
  0.6000000000  0.0000000000  0.6666666667  1.0000000000  0.3333333333  0.3333333333  0.2909585963  0.1153974836  0.0819287805 -0.0035347086  0.0086962156 -0.0586396176  0.2495390811  0.0824471567 -0.0075525911  0.0001429287 -0.0590036150  0.3716174827 -0.0025348817  0.0077957420 -0.0317963551  0.0886501919 -0.0450961787  0.0017984166  0.0850865641 -0.0062399395  0.1243423822
  0.6000000000  0.0000000000  0.6666666667  1.0000000000  0.3333333333  0.6666666667  0.2807958454  0.1189839947  0.0891224848 -0.0027003878 -0.0219548867 -0.0645026014  0.2517407642  0.0838825866 -0.0141493830 -0.0021154120 -0.0651849943  0.3916028640 -0.0195633465 -0.0217731250 -0.0340801171  0.0899152708 -0.0464674195 -0.0014013528  0.0894810197  0.0004896168  0.1280810759
  0.6000000000  0.0000000000  0.6666666667  1.0000000000  0.3333333333  1.0000000000  0.3329456952  0.0901550087  0.1080084333 -0.0013674733 -0.0105362884 -0.0461403709  0.2356806131  0.0745360082 -0.0157700527 -0.0001375814 -0.0521434050  0.4001059709 -0.0156809724 -0.0118093172 -0.0208591115  0.0734416382 -0.0232284277 -0.0016541289  0.1174029005 -0.0004603987  0.0939384595
  0.6000000000  0.0000000000  0.6666666667  1.0000000000  0.6666666667  0.0000000000  0.3707671412  0.1112529029  0.0651187136 -0.0009784596  0.0486295040 -0.0019358840  0.4150636435  0.0484346666 -0.0019368739  0.0218074609 -0.0021749782  0.1476290162 -0.0015141680  0.0565449003 -0.0004801583  0.0621681136 -0.0012368991  0.0235814905  0.0620648818 -0.0008688259  0.1344998914
  0.6000000000  0.0000000000  0.6666666667  1.0000000000  0.6666666667  0.3333333333  0.4390215681  0.1281586207  0.0555723354 -0.0025039396 -0.0010644154 -0.0082413047  0.4104939321  0.0513875943 -0.0051255640  0.0010343561 -0.0061233168  0.2309179430 -0.0095146569 -0.0023509635 -0.0037888875  0.0399668359 -0.0127120655  0.0007721602  0.0572644159 -0.0016373778  0.1489627610
  0.6000000000  0.0000000000  0.6666666667  1.0000000000  0.6666666667  0.6666666667  0.3441149278  0.0994987607  0.0959572341 -0.0010068291 -0.0037109691 -0.0075511857  0.3443037179  0.0911950090 -0.0072230903  0.0001408556 -0.0055000555  0.3408387000 -0.0069708812 -0.0039094103 -0.0010257772  0.0842140119 -0.0030354545  0.0003319001  0.0910906014 -0.0022671498  0.0932746589
  0.6000000000  0.0000000000  0.6666666667  1.0000000000  0.6666666667  1.0000000000  0.3602719113  0.0951980542  0.0872085781 -0.0047101831 -0.0085970037 -0.0102959131  0.2917624117  0.0587794659 -0.0131349278  0.0006377643 -0.0085047069  0.3205562062 -0.0150982628 -0.0126936795 -0.0035386883  0.0430349144 -0.0098545283  0.0007224464  0.0970006949 -0.0038186707  0.1042675521
  0.6000000000  0.0000000000  0.6666666667  1.0000000000  1.0000000000  0.0000000000  0.4381949151  0.1332323966  0.0502126103 -0.0001968738  0.0261730936 -0.0001684533  0.4978490533  0.0598448310  0.0001425377  0.0193545041 -0.0002875926  0.1635311106  0.0001094178  0.0412329177 -0.0001380783  0.0684120654 -0.0003974174  0.0149802444  0.0408904448 -0.0000708344  0.1515128649
  0.6000000000  0.0000000000  0.6666666667  1.0000000000  1.0000000000  0.3333333333  0.3309975804  0.0910699038  0.0784039779 -0.0002276886  0.0427149533  0.0000768452  0.3346414621  0.0527085933 -0.0071199688  0.0188310594  0.0012017650  0.1969220418 -0.0061757568  0.0455139528  0.0007127579  0.0657079723  0.0016984728  0.0236066404  0.0749370646 -0.0002473055  0.1150993824
  0.6000000000  0.0000000000  0.6666666667  1.0000000000  1.0000000000  0.6666666667  0.3192185402  0.0862597889  0.0868419247 -0.0006033385 -0.0010042253 -0.0019669015  0.2788839353  0.0734728381 -0.0010882529  0.0006476847 -0.0017321295  0.3277844393 -0.0009202838 -0.0018352240 -0.0003812344  0.0711117993 -0.0015251206  0.0002276038  0.0969652724 -0.0009229321  0.0829580145
  0.6000000000  0.0000000000  0.6666666667  1.0000000000  1.0000000000  1.0000000000  0.3817356528  0.1101955062  0.1075970704 -0.0014476270  0.0001138162 -0.0033716436  0.3736157090  0.1048835080 -0.0024533121  0.0011321812 -0.0026027122  0.3855949468 -0.0030608880 -0.0007244081 -0.0014037887  0.0959010239 -0.0011494423  0.0020151382  0.0995815320 -0.0012193567  0.0980825069
  0.6000000000  0.0000000000  1.0000000000  0.0000000000  0.0000000000  0.0000000000  0.4733294889  0.0000000045  0.1382292272 -0.0000000000  0.0087387035 -0.0000000000  0.0000000144  0.0000000046 -0.0000000000  0.0000000005 -0.0000000000  0.4960296278 -0.0000000000  0.0079144412  0.0000000000  0.0000000041 -0.0000000000 -0.0000000000  0.1763224691 -0.0000000000  0.0000000041
  0.6000000000  0.0000000000  1.0000000000  0.0000000000  0.0000000000  0.3333333333  0.4856944564  0.0000000038  0.1394751555 -0.0000000000  0.0048603964 -0.0000000000  0.0000000118  0.0000000039 -0.0000000000  0.0000000003 -0.0000000000  0.5035031684 -0.0000000000  0.0053544594 -0.0000000000  0.0000000034 -0.0000000000 -0.0000000000  0.1770447885 -0.0000000000  0.0000000034
  0.6000000000  0.0000000000  1.0000000000  0.0000000000  0.0000000000  0.6666666667  0.4895536206  0.0000000039  0.1392279801  0.0000000000  0.0017418969 -0.0000000000  0.0000000118  0.0000000040 -0.0000000000  0.0000000002 -0.0000000000  0.5087759887 -0.0000000000  0.0016643318 -0.0000000000  0.0000000034 -0.0000000000 -0.0000000000  0.1764249436 -0.0000000000  0.0000000034
  0.6000000000  0.0000000000  1.0000000000  0.0000000000  0.0000000000  1.0000000000  0.4891184801  0.0000000039  0.1391326821 -0.0000000000 -0.0000000000 -0.0000000000  0.0000000118  0.0000000040 -0.0000000000  0.0000000000 -0.0000000000  0.5095961860 -0.0000000000 -0.0000000000 -0.0000000000  0.0000000034 -0.0000000000 -0.0000000000  0.1761865432 -0.0000000000  0.0000000034
  0.6000000000  0.0000000000  1.0000000000  0.0000000000  0.3333333333  0.0000000000  0.3250100346  0.0785695016  0.1311806516 -0.0000000000  0.0480593248 -0.0000000000  0.3391934790  0.0812380408 -0.0000000000  0.0280875065 -0.0000000000  0.3547880141 -0.0000000000  0.0470399171  0.0000000000  0.0767818480 -0.0000000000  0.0364017751  0.1410866972 -0.0000000000  0.0783134162
  0.6000000000  0.0000000000  1.0000000000  0.0000000000  0.3333333333  0.3333333333  0.4858165166  0.0000000038  0.1394991804  0.0000000000  0.0046646726 -0.0000000000  0.0000000118  0.0000000039 -0.0000000000  0.0000000003 -0.0000000000  0.5041100178 -0.0000000000  0.0051139068 -0.0000000000  0.0000000034 -0.0000000000 -0.0000000000  0.1770670596 -0.0000000000  0.0000000034
  0.6000000000  0.0000000000  1.0000000000  0.0000000000  0.3333333333  0.6666666667  0.4898771721  0.0000000039  0.1392171497 -0.0000000000  0.0015771454 -0.0000000000  0.0000000117  0.0000000040 -0.0000000000  0.0000000001 -0.0000000000  0.5088635457 -0.0000000000  0.0015041567 -0.0000000000  0.0000000034 -0.0000000000 -0.0000000000  0.1764222294 -0.0000000000  0.0000000034
  0.6000000000  0.0000000000  1.0000000000  0.0000000000  0.3333333333  1.0000000000  0.4891274779  0.0000000039  0.1391254644  0.0000000000 -0.0000000000 -0.0000000000  0.0000000118  0.0000000041 -0.0000000000 -0.0000000000 -0.0000000000  0.5095135739 -0.0000000000 -0.0000000000 -0.0000000000  0.0000000034 -0.0000000000 -0.0000000000  0.1761745550 -0.0000000000  0.0000000034
  0.6000000000  0.0000000000  1.0000000000  0.0000000000  0.6666666667  0.0000000000  0.2836189610  0.0807066508  0.1269335929  0.0000000000  0.0617176395 -0.0000000000  0.3790178446  0.0839226449 -0.0000000000  0.0360176106 -0.0000000000  0.3096927472 -0.0000000000  0.0608414695  0.0000000000  0.0838638610 -0.0000000000  0.0444732368  0.1353443361 -0.0000000000  0.0840383541
  0.6000000000  0.0000000000  1.0000000000  0.0000000000  0.6666666667  0.3333333333  0.4858387904  0.0000000038  0.1395118851  0.0000000000  0.0045368865 -0.0000000000  0.0000000118  0.0000000039 -0.0000000000  0.0000000003 -0.0000000000  0.5045445676 -0.0000000000  0.0049525020  0.0000000000  0.0000000034 -0.0000000000 -0.0000000000  0.1770806641 -0.0000000000  0.0000000034
  0.6000000000  0.0000000000  1.0000000000  0.0000000000  0.6666666667  0.6666666667  0.4900613025  0.0000000039  0.1392096219 -0.0000000000  0.0014671655 -0.0000000000  0.0000000117  0.0000000040 -0.0000000000  0.0000000001 -0.0000000000  0.5089180277 -0.0000000000  0.0013952180  0.0000000000  0.0000000034 -0.0000000000 -0.0000000000  0.1764185263 -0.0000000000  0.0000000034
  0.6000000000  0.0000000000  1.0000000000  0.0000000000  0.6666666667  1.0000000000  0.4891558997  0.0000000039  0.1391336491 -0.0000000000 -0.0000000000 -0.0000000000  0.0000000118  0.0000000040 -0.0000000000 -0.0000000000 -0.0000000000  0.5095750915 -0.0000000000 -0.0000000000  0.0000000000  0.0000000034 -0.0000000000 -0.0000000000  0.1761900745 -0.0000000000  0.0000000034
  0.6000000000  0.0000000000  1.0000000000  0.0000000000  1.0000000000  0.0000000000  0.2618769566  0.0820395540  0.1246276608  0.0000000000  0.0668749721 -0.0000000000  0.4025673409  0.0846025952 -0.0000000000  0.0405234656 -0.0000000000  0.2903852893 -0.0000000000  0.0659315206 -0.0000000000  0.0855166615 -0.0000000000  0.0506961127  0.1322862302 -0.0000000000  0.0864260068
  0.6000000000  0.0000000000  1.0000000000  0.0000000000  1.0000000000  0.3333333333  0.4859919739  0.0000000038  0.1395253633 -0.0000000000  0.0044703700 -0.0000000000  0.0000000118  0.0000000039 -0.0000000000  0.0000000003 -0.0000000000  0.5045271674 -0.0000000000  0.0049090664  0.0000000000  0.0000000034 -0.0000000000 -0.0000000000  0.1770888775 -0.0000000000  0.0000000034
  0.6000000000  0.0000000000  1.0000000000  0.0000000000  1.0000000000  0.6666666667  0.4900495402  0.0000000039  0.1392085603  0.0000000000  0.0014269781 -0.0000000000  0.0000000117  0.0000000040 -0.0000000000  0.0000000001 -0.0000000000  0.5089598481 -0.0000000000  0.0013538505  0.0000000000  0.0000000034 -0.0000000000 -0.0000000000  0.1764127681 -0.0000000000  0.0000000034
  0.6000000000  0.0000000000  1.0000000000  0.0000000000  1.0000000000  1.0000000000  0.4891307497  0.0000000039  0.1391311839  0.0000000000 -0.0000000000 -0.0000000000  0.0000000118  0.0000000040 -0.0000000000  0.0000000000 -0.0000000000  0.5095746617 -0.0000000000 -0.0000000000  0.0000000000  0.0000000034 -0.0000000000 -0.0000000000  0.1761852745 -0.0000000000  0.0000000034
  0.6000000000  0.0000000000  1.0000000000  0.3333333333  0.0000000000  0.0000000000  0.2851319247  0.0808403657  0.1271869868  0.0001901580  0.0617372264 -0.0048585641  0.3765919154  0.0838002946  0.0051647861  0.0356618570 -0.0072176694  0.3106358421  0.0033025663  0.0607541305 -0.0010952147  0.0842108962 -0.0001495824  0.0445070380  0.1357121097 -0.0005677483  0.0846019956
  0.6000000000  0.0000000000  1.0000000000  0.3333333333  0.0000000000  0.3333333333  0.4861959239  0.0000000039  0.1393459560 -0.0000000000  0.0049927349  0.0000000000  0.0000000119  0.0000000040 -0.0000000000  0.0000000003  0.0000000000  0.5023378762 -0.0000000000  0.0056957215  0.0000000000  0.0000000034  0.0000000000 -0.0000000000  0.1771246676 -0.0000000000  0.0000000034
  0.6000000000  0.0000000000  1.0000000000  0.3333333333  0.0000000000  0.6666666667  0.4903102066  0.0000000038  0.1391821683 -0.0000000000  0.0013286322 -0.0000000000  0.0000000116  0.0000000040 -0.0000000000  0.0000000001  0.0000000000  0.5089438247  0.0000000000  0.0013017693 -0.0000000000  0.0000000034 -0.0000000000 -0.0000000000  0.1764291866  0.0000000000  0.0000000034
  0.6000000000  0.0000000000  1.0000000000  0.3333333333  0.0000000000  1.0000000000  0.4905250920  0.0000000038  0.1391809249 -0.0000000000 -0.0011015943  0.0000000000  0.0000000116  0.0000000039 -0.0000000000 -0.0000000000  0.0000000000  0.5090061043 -0.0000000000 -0.0010776106  0.0000000000  0.0000000034  0.0000000000  0.0000000000  0.1764267999 -0.0000000000  0.0000000034
  0.6000000000  0.0000000000  1.0000000000  0.3333333333  0.3333333333  0.0000000000  0.2614082855  0.0814756941  0.1247654718 -0.0010159974  0.0672343368  0.0003668521  0.3976374089  0.0840138059 -0.0033295468  0.0404926949  0.0011929418  0.2901057637 -0.0023218892  0.0662898204 -0.0006294216  0.0853513683 -0.0008184473  0.0507547734  0.1323910109 -0.0005839740  0.0864449553
  0.6000000000  0.0000000000  1.0000000000  0.3333333333  0.3333333333  0.3333333333  0.4864689259  0.0000000039  0.1393233765  0.0000000000  0.0048525047  0.0000000000  0.0000000119  0.0000000040  0.0000000000  0.0000000003  0.0000000000  0.5025165542 -0.0000000000  0.0055275730  0.0000000000  0.0000000034  0.0000000000 -0.0000000000  0.1771033188 -0.0000000000  0.0000000034
  0.6000000000  0.0000000000  1.0000000000  0.3333333333  0.3333333333  0.6666666667  0.4904106882  0.0000000038  0.1391726097  0.0000000000  0.0012001342  0.0000000000  0.0000000115  0.0000000039  0.0000000000  0.0000000001 -0.0000000000  0.5090938300 -0.0000000000  0.0012020846  0.0000000000  0.0000000034  0.0000000000 -0.0000000000  0.1764582516 -0.0000000000  0.0000000034
  0.6000000000  0.0000000000  1.0000000000  0.3333333333  0.3333333333  1.0000000000  0.4906069466  0.0000000038  0.1391780787 -0.0000000000 -0.0010896268  0.0000000000  0.0000000116  0.0000000039 -0.0000000000 -0.0000000000  0.0000000000  0.5089785474 -0.0000000000 -0.0010706184  0.0000000000  0.0000000034  0.0000000000  0.0000000000  0.1764337922 -0.0000000000  0.0000000034
  0.6000000000  0.0000000000  1.0000000000  0.3333333333  0.6666666667  0.0000000000  0.1185644631  0.0392201285  0.1127508671 -0.0012867371  0.1108309877 -0.0016389052  0.2926301943  0.0395144570 -0.0002973060  0.0372179416 -0.0013714076  0.1203802424 -0.0008531434  0.1108953372 -0.0012048667  0.0681041883 -0.0012491000  0.0653377790  0.1134819148 -0.0012675126  0.0678141042
  0.6000000000  0.0000000000  1.0000000000  0.3333333333  0.6666666667  0.3333333333  0.4287143760  0.0403568753  0.1365973985 -0.0037564961  0.0148717326 -0.0056674488  0.1578192489  0.0427730220 -0.0057274954  0.0086247478 -0.0060872294  0.4562121605 -0.0052323276  0.0139769572 -0.0037944327  0.0390812200 -0.0026957741  0.0154922721  0.1606159855 -0.0026733038  0.0393620655
  0.6000000000  0.0000000000  1.0000000000  0.3333333333  0.6666666667  0.6666666667  0.4906698392  0.0000000038  0.1391667964 -0.0000000000  0.0010265310 -0.0000000000  0.0000000115  0.0000000039 -0.0000000000  0.0000000001 -0.0000000000  0.5090483527 -0.0000000000  0.0010408926 -0.0000000000  0.0000000034 -0.0000000000 -0.0000000000  0.1764529452 -0.0000000000  0.0000000034
  0.6000000000  0.0000000000  1.0000000000  0.3333333333  0.6666666667  1.0000000000  0.4903402794  0.0000000038  0.1391866903 -0.0000000000 -0.0011011346  0.0000000000  0.0000000116  0.0000000039 -0.0000000000 -0.0000000000  0.0000000000  0.5091219573 -0.0000000000 -0.0010509117  0.0000000000  0.0000000034  0.0000000000  0.0000000000  0.1764205927 -0.0000000000  0.0000000034
  0.6000000000  0.0000000000  1.0000000000  0.3333333333  1.0000000000  0.0000000000  0.1937500642  0.0674409710  0.1087269349 -0.0006528236  0.0805336167 -0.0024871218  0.3928171899  0.0676594230 -0.0017471752  0.0410440023 -0.0003850948  0.1960364538 -0.0024635930  0.0806637240 -0.0011410394  0.0803826020 -0.0011295354  0.0585455270  0.1124711287 -0.0014778514  0.0807961240
  0.6000000000  0.0000000000  1.0000000000  0.3333333333  1.0000000000  0.3333333333  0.4223757962  0.0481202756  0.1379235062 -0.0015273574  0.0148834875 -0.0030613032  0.1886407744  0.0522646186 -0.0001556468  0.0100437840 -0.0045444532  0.4543088066 -0.0008806662  0.0155886087 -0.0019880965  0.0480941177 -0.0013400565  0.0179097822  0.1581461337 -0.0012107789  0.0428014890
  0.6000000000  0.0000000000  1.0000000000  0.3333333333  1.0000000000  0.6666666667  0.4904000714  0.0000000038  0.1391523338  0.0000000000  0.0009111691  0.0000000000  0.0000000115  0.0000000039  0.0000000000  0.0000000001 -0.0000000000  0.5091877529 -0.0000000000  0.0009857594  0.0000000000  0.0000000034  0.0000000000 -0.0000000000  0.1764322642 -0.0000000000  0.0000000034
  0.6000000000  0.0000000000  1.0000000000  0.3333333333  1.0000000000  1.0000000000  0.4904563530  0.0000000038  0.1391675497  0.0000000000 -0.0012453525 -0.0000000000  0.0000000116  0.0000000039  0.0000000000 -0.0000000001  0.0000000000  0.5089839140 -0.0000000000 -0.0012658493 -0.0000000000  0.0000000034 -0.0000000000  0.0000000000  0.1764386375 -0.0000000000  0.0000000034
  0.6000000000  0.0000000000  1.0000000000  0.6666666667  0.0000000000  0.0000000000  0.2957583971  0.0627763290  0.0685379005 -0.0259710690  0.0149055078 -0.0397493571  0.1331651400  0.0783180354 -0.0619593407  0.0148825037 -0.0386530391  0.2288713979 -0.0624114305  0.0113410667 -0.0168341958  0.0794861029 -0.0180558277  0.0145981821  0.0865733192 -0.0348065421  0.0760960813
  0.6000000000  0.0000000000  1.0000000000  0.6666666667  0.0000000000  0.3333333333  0.3852752584  0.0466701063  0.1123291251 -0.0144233914  0.0039363518 -0.0315186958  0.1331835557  0.0490936169 -0.0369711580  0.0071821647 -0.0328678469  0.4004710301 -0.0336311335  0.0033077783 -0.0129024438  0.0518423798 -0.0104549214  0.0111532248  0.1377101275 -0.0116141278  0.0551278781
  0.6000000000  0.0000000000  1.0000000000  0.6666666667  0.0000000000  0.6666666667  0.4153342930  0.0374814737  0.1216181946 -0.0105132571  0.0033116600 -0.0260891821  0.1223931446  0.0389664966 -0.0302798747  0.0054220276 -0.0295216068  0.4419570124 -0.0245205770  0.0027118356 -0.0100494684  0.0435110387 -0.0067654815  0.0083353047  0.1498211874 -0.0075522980  0.0481029591
  0.6000000000  0.0000000000  1.0000000000  0.6666666667  0.0000000000  1.0000000000  0.4197415059  0.0375801087  0.1222283581 -0.0091974783  0.0022239657 -0.0267814693  0.1197485646  0.0376582339 -0.0273901585  0.0046786882 -0.0300445188  0.4464192013 -0.0233497314  0.0018089983 -0.0096788951  0.0418649121 -0.0064544876  0.0068059361  0.1513633089 -0.0063522182  0.0469878021
  0.6000000000  0.0000000000  1.0000000000  0.6666666667  0.3333333333  0.0000000000  0.1174887656  0.0400586678  0.1086655456 -0.0023147771  0.1082301266 -0.0022298708  0.2934920762  0.0432132403 -0.0022261347  0.0372283227 -0.0020625222  0.1354850699 -0.0022221830  0.1070623773 -0.0020228063  0.0696742859 -0.0023886277  0.0642714665  0.1114598225 -0.0021085009  0.0677639340
  0.6000000000  0.0000000000  1.0000000000  0.6666666667  0.3333333333  0.3333333333  0.4087593067  0.0441126864  0.1227932858 -0.0111106465  0.0055001365 -0.0189300576  0.1732920816  0.0470474475 -0.0256663632  0.0053686635 -0.0201413978  0.4367229658 -0.0210758503  0.0047307567 -0.0101206632  0.0479644996 -0.0070181626  0.0125374386  0.1482432795 -0.0075493174  0.0502317992
  0.6000000000  0.0000000000  1.0000000000  0.6666666667  0.3333333333  0.6666666667  0.4075505482  0.0436553978  0.1230037160 -0.0110254076  0.0056261857 -0.0182271358  0.1786949744  0.0467782048 -0.0245627203  0.0055091917 -0.0206876717  0.4373052460 -0.0199718819  0.0049969332 -0.0102880000  0.0480044802 -0.0069972870  0.0131354582  0.1483535012 -0.0073556287  0.0489076213
  0.6000000000  0.0000000000  1.0000000000  0.6666666667  0.3333333333  1.0000000000  0.4349292123  0.0418446255  0.1246191333 -0.0114433388  0.0027009610 -0.0147041550  0.1475487630  0.0421740887 -0.0297221759  0.0030719187 -0.0153827485  0.4406563890 -0.0218932899  0.0020769858 -0.0062651664  0.0405460707 -0.0039678285  0.0055670994  0.1515835849 -0.0084858776  0.0498224085
  0.6000000000  0.0000000000  1.0000000000  0.6666666667  0.6666666667  0.0000000000  0.1130188871  0.0350892878  0.1095305749 -0.0021344686  0.1084032337 -0.0021370506  0.2428910879  0.0351053148 -0.0015727079  0.0340332601 -0.0016297869  0.1134137683 -0.0021556959  0.1085036728 -0.0021539070  0.0622894372 -0.0021233294  0.0605491717  0.1100434559 -0.0021088853  0.0622420374
  0.6000000000  0.0000000000  1.0000000000  0.6666666667  0.6666666667  0.3333333333  0.2939353932  0.0733980678  0.1234834098  0.0006407258  0.0437519462 -0.0011375392  0.3225644600  0.0770873694 -0.0016262670  0.0254560133  0.0010526704  0.3460329297 -0.0015998676  0.0430254022 -0.0008415474  0.0757176335 -0.0013157936  0.0357959419  0.1374522756  0.0001318719  0.0769276169
  0.6000000000  0.0000000000  1.0000000000  0.6666666667  0.6666666667  0.6666666667  0.4104225053  0.0482528964  0.1249517945 -0.0082715247  0.0067808438 -0.0142489798  0.2025183311  0.0497672861 -0.0162090316  0.0060122690 -0.0170443963  0.4359616388 -0.0128434717  0.0051109854 -0.0082048277  0.0471226041 -0.0050990397  0.0145774053  0.1491698904 -0.0058083830  0.0527520295
  0.6000000000  0.0000000000  1.0000000000  0.6666666667  0.6666666667  1.0000000000  0.4429408937  0.0583320507  0.1270416034 -0.0074945659  0.0046473743 -0.0032733267  0.2081179686  0.0483605231 -0.0189486847  0.0032544442 -0.0021654079  0.4322337247 -0.0126217936  0.0015277328 -0.0028154373  0.0393356340 -0.0022032976  0.0076891199  0.1495431795 -0.0056480102  0.0657549973
  0.6000000000  0.0000000000  1.0000000000  0.6666666667  1.0000000000  0.0000000000  0.1131207622  0.0352633136  0.1094365889 -0.0020958744  0.1082711520 -0.0020912588  0.2441985326  0.0352744119 -0.0015398845  0.0341322256 -0.0016290191  0.1135431624 -0.0020943740  0.1083626767 -0.0020951438  0.0623365165 -0.0020764761  0.0604999140  0.1099802744 -0.0020564451  0.0622888311
  0.6000000000  0.0000000000  1.0000000000  0.6666666667  1.0000000000  0.3333333333  0.2644311777  0.0782506599  0.1213521623  0.0005970396  0.0544038852 -0.0010182265  0.3620229437  0.0811336037 -0.0043615068  0.0303463865  0.0013069197  0.3112738952 -0.0062628697  0.0532833321 -0.0001402346  0.0825817289 -0.0022101323  0.0418281310  0.1318809167 -0.0005454305  0.0824897312
  0.6000000000  0.0000000000  1.0000000000  0.6666666667  1.0000000000  0.6666666667  0.4209534564  0.0563022566  0.1277559871 -0.0059178285  0.0092763227 -0.0028299393  0.2172129634  0.0513629086 -0.0153542465  0.0070325105 -0.0022328842  0.4303374500 -0.0098726367  0.0046461061 -0.0035024297  0.0436290444 -0.0029482455  0.0156363724  0.1494173508 -0.0039164606  0.0607892597
  0.6000000000  0.0000000000  1.0000000000  0.6666666667  1.0000000000  1.0000000000  0.4461230263  0.0589443733  0.1267162605 -0.0074585722  0.0041702491 -0.0002767551  0.2146919642  0.0497376096 -0.0209728065  0.0022430980  0.0006711780  0.4305344460 -0.0128237013  0.0008293009 -0.0016166729  0.0384313685 -0.0013910637  0.0061839121  0.1488795201 -0.0060891469  0.0684165886
  0.6000000000  0.0000000000  1.0000000000  1.0000000000  0.0000000000  0.0000000000  0.1459290198  0.0784609731  0.0673856230 -0.0125995040  0.0381340529 -0.0622668036  0.2533632001  0.0673206186 -0.0107397961  0.0166128234 -0.0616771418  0.2594964257 -0.0110350918  0.0406520982 -0.0253350751  0.0853666629 -0.0325997784  0.0208198528  0.0782235238 -0.0134841755  0.0834765232
  0.6000000000  0.0000000000  1.0000000000  1.0000000000  0.0000000000  0.3333333333  0.3245834970  0.0982600381  0.0948047542 -0.0146271804 -0.0417963052 -0.0481873728  0.2871008017  0.1096570637 -0.0633837484 -0.0013003273 -0.0468451508  0.2725626671 -0.0636995930 -0.0380397470 -0.0052889513  0.1175617831 -0.0059054777 -0.0010811974  0.0933780278 -0.0275434744  0.0943078658
  0.6000000000  0.0000000000  1.0000000000  1.0000000000  0.0000000000  0.6666666667  0.2766293225  0.1033218099  0.0993152897 -0.0029185861 -0.0577825601 -0.0652344502  0.2585483575  0.0979658837 -0.0600078225 -0.0003403761 -0.0654800567  0.2811740678 -0.0617787324 -0.0571580260 -0.0055762726  0.0954345709 -0.0150757116 -0.0041257355  0.0957236670 -0.0075576422  0.1039416512
  0.6000000000  0.0000000000  1.0000000000  1.0000000000  0.0000000000  1.0000000000  0.2662394054  0.0982527402  0.1034196485 -0.0004174054 -0.0668209312 -0.0673581735  0.2512500959  0.0974360726 -0.0666460469 -0.0007521542 -0.0694026372  0.2748641333 -0.0662486543 -0.0660955610 -0.0019162993  0.0953128993 -0.0076563350 -0.0093048799  0.1067688395 -0.0041974435  0.0991069535
  0.6000000000  0.0000000000  1.0000000000  1.0000000000  0.3333333333  0.0000000000  0.1311489612  0.0487291898  0.1035009275 -0.0024785687  0.0947966239 -0.0071771099  0.2984905622  0.0549877059 -0.0002627359  0.0341597622 -0.0084084496  0.1763464332 -0.0009046980  0.0925068796 -0.0041855368  0.0777832702 -0.0049563526  0.0569273696  0.1056803935 -0.0032123053  0.0725484752
  0.6000000000  0.0000000000  1.0000000000  1.0000000000  0.3333333333  0.3333333333  0.2221667488  0.0629755264  0.1143449644 -0.0005656790  0.0428344044 -0.0039852539  0.2939041627  0.0656037002 -0.0138641922  0.0191050366 -0.0008872181  0.2356944500 -0.0153397384  0.0402922180  0.0007090146  0.0805937943 -0.0036860495  0.0340139801  0.1152152949 -0.0037045332  0.0819437223
  0.6000000000  0.0000000000  1.0000000000  1.0000000000  0.3333333333  0.6666666667  0.2900886564  0.0731095485  0.0953852760 -0.0051387136 -0.0152660700 -0.0341509699  0.2325207883  0.0651527728 -0.0342361424  0.0087559932 -0.0414632810  0.2984525590 -0.0340702864 -0.0157546198 -0.0055742551  0.0660917180 -0.0064936574  0.0064910814  0.1073892642 -0.0046214541  0.0766216268
  0.6000000000  0.0000000000  1.0000000000  1.0000000000  0.3333333333  1.0000000000  0.3067506409  0.0853153810  0.1141603177 -0.0042478527 -0.0488352215 -0.0554488029  0.2363281746  0.0854201202 -0.0585441243 -0.0029946586 -0.0617923451  0.3264292460 -0.0532927956 -0.0479817458 -0.0061720542  0.0849542854 -0.0041198646 -0.0122531642  0.1251529706 -0.0029364914  0.0881264191
  0.6000000000  0.0000000000  1.0000000000  1.0000000000  0.6666666667  0.0000000000  0.1169663870  0.0413739316  0.1105332859 -0.0016951150  0.1085426686 -0.0022477299  0.2922815950  0.0415461352 -0.0015542466  0.0389483491 -0.0030264009  0.1190687628 -0.0012437348  0.1085806722 -0.0018279815  0.0695502158 -0.0018683546  0.0664085746  0.1111923550 -0.0016913284  0.0694238519
  0.6000000000  0.0000000000  1.0000000000  1.0000000000  0.6666666667  0.3333333333  0.2210034487  0.0718747177  0.1136426200 -0.0014649192  0.0607547476 -0.0038747343  0.3253111629  0.0764447320 -0.0038749516  0.0254068556 -0.0057123853  0.2400058284 -0.0015751656  0.0620239402 -0.0017259960  0.0846011414 -0.0019142649  0.0436971619  0.1113642627 -0.0026976073  0.0864605500
  0.6000000000  0.0000000000  1.0000000000  1.0000000000  0.6666666667  0.6666666667  0.2568078482  0.0730819684  0.1125312677 -0.0032310906  0.0290307010 -0.0034972240  0.2758077337  0.0828556538 -0.0066796958  0.0160166852 -0.0054009871  0.2919859844 -0.0077190474  0.0293143433 -0.0020514358  0.0824325962 -0.0025844118  0.0301127076  0.1173039074 -0.0052901808  0.0813029980
  0.6000000000  0.0000000000  1.0000000000  1.0000000000  0.6666666667  1.0000000000  0.4102193670  0.0473364140  0.1254275460 -0.0037254592 -0.0055353644 -0.0117730659  0.1976228758  0.0480477559 -0.0241333657 -0.0006645329 -0.0231761809  0.4331070703 -0.0110940015 -0.0064972090 -0.0035175524  0.0487753859 -0.0022400932 -0.0062245185  0.1482382679 -0.0022193150  0.0465263068
  0.6000000000  0.0000000000  1.0000000000  1.0000000000  1.0000000000  0.0000000000  0.1324616799  0.0464354262  0.1095860697  0.0004319712  0.0998843816 -0.0034031369  0.3015568902  0.0512985307  0.0012737780  0.0345161269 -0.0035371405  0.1659018521  0.0010481056  0.0983119178 -0.0012590369  0.0767046338 -0.0015672322  0.0605147700  0.1118209528 -0.0002611467  0.0727294618
  0.6000000000  0.0000000000  1.0000000000  1.0000000000  1.0000000000  0.3333333333  0.2052359585  0.0602005965  0.1153880341 -0.0000923122  0.0603705277  0.0006847786  0.3072192214  0.0628437122 -0.0137615680  0.0238983828  0.0041337589  0.2149040067 -0.0136579130  0.0593789737  0.0025044428  0.0792151061 -0.0009835415  0.0412310314  0.1171039698 -0.0018407696  0.0810258650
  0.6000000000  0.0000000000  1.0000000000  1.0000000000  1.0000000000  0.6666666667  0.3056671101  0.0648378101  0.0998060222 -0.0053984494  0.0086672658 -0.0030641069  0.2635215830  0.0773606151 -0.0118591345  0.0121065155 -0.0057205054  0.3293590688 -0.0078505837  0.0064199163 -0.0012883056  0.0701413603 -0.0007647945  0.0213447597  0.1178790941 -0.0051730594  0.0702085413
  0.6000000000  0.0000000000  1.0000000000  1.0000000000  1.0000000000  1.0000000000  0.3947526824  0.0535577905  0.1212893083 -0.0024019371 -0.0059538548 -0.0119402692  0.2228136259  0.0533887871 -0.0179747282  0.0001052049 -0.0235402058  0.4202915796 -0.0095583100 -0.0069347313 -0.0034061893  0.0522001297 -0.0022181253 -0.0078535657  0.1424773915 -0.0015377149  0.0490253340
