  0.4000000000  0.6666666667  0.0000000000  0.0000000000  0.0000000000  0.0000000000  0.3069045011  0.0753201637  0.0000000011 -0.0000000000 -0.0000000000 -0.0000000000  0.2613393716  0.0000000010 -0.0000000000  0.0000000000 -0.0000000000  0.0000000037 -0.0000000000 -0.0000000000  0.0000000000  0.0000000011 -0.0000000000 -0.0000000000  0.0000000011 -0.0000000000  0.0958869550
  0.4000000000  0.6666666667  0.0000000000  0.0000000000  0.0000000000  0.3333333333  0.2856636495  0.0000000011  0.0759364897 -0.0000000000 -0.0000000000 -0.0000000000  0.0000000036  0.0000000010 -0.0000000000 -0.0000000000 -0.0000000000  0.2852237492 -0.0000000000 -0.0000000000 -0.0000000000  0.0000000011 -0.0000000000 -0.0000000000  0.0976745497 -0.0000000000  0.0000000011
  0.4000000000  0.6666666667  0.0000000000  0.0000000000  0.0000000000  0.6666666667  0.2854351734  0.0000000011  0.0762532847 -0.0000000000 -0.0000000000 -0.0000000000  0.0000000036  0.0000000010 -0.0000000000  0.0000000000 -0.0000000000  0.2864797689 -0.0000000000 -0.0000000000 -0.0000000000  0.0000000011 -0.0000000000 -0.0000000000  0.0980007648 -0.0000000000  0.0000000011
  0.4000000000  0.6666666667  0.0000000000  0.0000000000  0.0000000000  1.0000000000  0.2824620242  0.0000000011  0.0775143526 -0.0000000000 -0.0000000000 -0.0000000000  0.0000000036  0.0000000011  0.0000000000 -0.0000000000 -0.0000000000  0.2927064056 -0.0000000000 -0.0000000000 -0.0000000000  0.0000000011 -0.0000000000 -0.0000000000  0.0997670876  0.0000000000  0.0000000011
  0.4000000000  0.6666666667  0.0000000000  0.0000000000  0.3333333333  0.0000000000  0.3053140602  0.0766695326  0.0000000011 -0.0000000000 -0.0000000000 -0.0000000000  0.2662294131  0.0000000011 -0.0000000000  0.0000000000 -0.0000000000  0.0000000036 -0.0000000000 -0.0000000000  0.0000000000  0.0000000011 -0.0000000000 -0.0000000000  0.0000000011  0.0000000000  0.0973049499
  0.4000000000  0.6666666667  0.0000000000  0.0000000000  0.3333333333  0.3333333333  0.3035849347  0.0775325386  0.0000000011  0.0000000000 -0.0000000000 -0.0000000000  0.2720767491  0.0000000011  0.0000000000  0.0000000000 -0.0000000000  0.0000000036 -0.0000000000 -0.0000000000 -0.0000000000  0.0000000011 -0.0000000000 -0.0000000000  0.0000000011  0.0000000000  0.0983410219
  0.4000000000  0.6666666667  0.0000000000  0.0000000000  0.3333333333  0.6666666667  0.3043439229  0.0772031445  0.0000000011 -0.0000000000 -0.0000000000 -0.0000000000  0.2688905414  0.0000000011 -0.0000000000  0.0000000000 -0.0000000000  0.0000000036 -0.0000000000 -0.0000000000  0.0000000000  0.0000000011 -0.0000000000 -0.0000000000  0.0000000011  0.0000000000  0.0979112869
  0.4000000000  0.6666666667  0.0000000000  0.0000000000  0.3333333333  1.0000000000  0.1536886713  0.0165101680  0.0483059949  0.0000414030 -0.0000000000 -0.0000000000  0.1627046789  0.0458214211  0.0001074097 -0.0000000000 -0.0000000000  0.2576202483  0.0001275808 -0.0000000000 -0.0000000000  0.0538797194 -0.0000000000 -0.0000000000  0.0569694917 -0.0000211843  0.0085106916
  0.4000000000  0.6666666667  0.0000000000  0.0000000000  0.6666666667  0.0000000000  0.3037189700  0.0775403652  0.0000000011  0.0000000000 -0.0000000000 -0.0000000000  0.2718979440  0.0000000010  0.0000000000  0.0000000000 -0.0000000000  0.0000000036  0.0000000000 -0.0000000000 -0.0000000000  0.0000000011 -0.0000000000 -0.0000000000  0.0000000011  0.0000000000  0.0983394619
  0.4000000000  0.6666666667  0.0000000000  0.0000000000  0.6666666667  0.3333333333  0.3034162467  0.0776114157  0.0000000011  0.0000000000 -0.0000000000 -0.0000000000  0.2724268085  0.0000000010  0.0000000000  0.0000000000 -0.0000000000  0.0000000036 -0.0000000000 -0.0000000000 -0.0000000000  0.0000000011 -0.0000000000 -0.0000000000  0.0000000011  0.0000000000  0.0984239357
  0.4000000000  0.6666666667  0.0000000000  0.0000000000  0.6666666667  0.6666666667  0.1628301458  0.0458077043  0.0165000853 -0.0000277920 -0.0000000000 -0.0000000000  0.2576228514  0.0483045219 -0.0000986807  0.0000000000 -0.0000000000  0.1535847076  0.0000405748 -0.0000000000  0.0000000000  0.0569597603 -0.0000000000 -0.0000000000  0.0084976610 -0.0000274931  0.0538984868
  0.4000000000  0.6666666667  0.0000000000  0.0000000000  0.6666666667  1.0000000000  0.0000000036  0.0000000012  0.0000000012 -0.0000000000 -0.0000000000 -0.0000000000  0.2974389227  0.0783413821 -0.0002512948  0.0000000000 -0.0000000000  0.2748298475 -0.0001828634 -0.0000000000  0.0000000000  0.0995220465 -0.0000000000 -0.0000000000  0.0000000011 -0.0000000000  0.0000000011
  0.4000000000  0.6666666667  0.0000000000  0.0000000000  1.0000000000  0.0000000000  0.2997650279  0.0779971983  0.0000000011  0.0000000000 -0.0000000000 -0.0000000000  0.2762625073  0.0000000011  0.0000000000  0.0000000000 -0.0000000000  0.0000000036 -0.0000000000 -0.0000000000 -0.0000000000  0.0000000011 -0.0000000000 -0.0000000000  0.0000000011  0.0000000000  0.0991097444
  0.4000000000  0.6666666667  0.0000000000  0.0000000000  1.0000000000  0.3333333333  0.1628193305  0.0458078232  0.0164956491 -0.0000151710 -0.0000000000 -0.0000000000  0.2576000712  0.0482977768 -0.0000535781  0.0000000000 -0.0000000000  0.1535718656  0.0000215978 -0.0000000000 -0.0000000000  0.0569519515 -0.0000000000 -0.0000000000  0.0084920296 -0.0000147908  0.0538934471
  0.4000000000  0.6666666667  0.0000000000  0.0000000000  1.0000000000  0.6666666667  0.0000000036  0.0000000011  0.0000000011 -0.0000000000 -0.0000000000 -0.0000000000  0.2990441679  0.0780184410 -0.0030496944  0.0000000000 -0.0000000000  0.2668762321 -0.0016207580 -0.0000000000 -0.0000000000  0.1000585557 -0.0000000000 -0.0000000000  0.0000000011 -0.0000000000  0.0000000011
  0.4000000000  0.6666666667  0.0000000000  0.0000000000  1.0000000000  1.0000000000  0.0000000036  0.0000000012  0.0000000012 -0.0000000000 -0.0000000000 -0.0000000000  0.2982411345  0.0784090426 -0.0001632102  0.0000000000 -0.0000000000  0.2720264655 -0.0000525666 -0.0000000000 -0.0000000000  0.1000184957 -0.0000000000 -0.0000000000  0.0000000011 -0.0000000000  0.0000000011
  0.4000000000  0.6666666667  0.0000000000  0.3333333333  0.0000000000  0.0000000000  0.3095558242  0.0739817419  0.0000000011 -0.0000000000  0.0000000000 -0.0000347485  0.2568991712  0.0000000010 -0.0000000001  0.0000000000 -0.0000583038  0.0000000036 -0.0000000000  0.0000000000 -0.0000000000  0.0000000011 -0.0000000000  0.0000000000  0.0000000011 -0.0000000000  0.0959387944
  0.4000000000  0.6666666667  0.0000000000  0.3333333333  0.0000000000  0.3333333333  0.2855337817  0.0000000011  0.0758929236 -0.0000000000  0.0007371220 -0.0000000000  0.0000000036  0.0000000010 -0.0000000000  0.0000000000 -0.0000000000  0.2851805700 -0.0000000000  0.0007946788 -0.0000000000  0.0000000011 -0.0000000000 -0.0000000000  0.0978343152  0.0000000000  0.0000000011
  0.4000000000  0.6666666667  0.0000000000  0.3333333333  0.0000000000  0.6666666667  0.2829006931  0.0000000011  0.0773604991  0.0000000000  0.0012123178 -0.0000000000  0.0000000036  0.0000000011  0.0000000000  0.0000000000 -0.0000000000  0.2911001337  0.0000000000  0.0012039058 -0.0000000000  0.0000000011 -0.0000000000 -0.0000000000  0.0992291901  0.0000000000  0.0000000011
  0.4000000000  0.6666666667  0.0000000000  0.3333333333  0.0000000000  1.0000000000  0.2819462575  0.0000000011  0.0774786189 -0.0000000000  0.0008759174 -0.0000000000  0.0000000036  0.0000000011 -0.0000000000  0.0000000000  0.0000000000  0.2929474983 -0.0000000000  0.0009455542  0.0000000000  0.0000000011 -0.0000000000 -0.0000000000  0.0997915945  0.0000000000  0.0000000011
  0.4000000000  0.6666666667  0.0000000000  0.3333333333  0.3333333333  0.0000000000  0.3044251136  0.0771087769  0.0000000011  0.0000000000 -0.0000000000 -0.0014013437  0.2695123857  0.0000000011  0.0000000000 -0.0000000000 -0.0012621671  0.0000000036  0.0000000000 -0.0000000000 -0.0000000000  0.0000000011 -0.0000000000 -0.0000000000  0.0000000011 -0.0000000000  0.0984099362
  0.4000000000  0.6666666667  0.0000000000  0.3333333333  0.3333333333  0.3333333333  0.3040120932  0.0773966749  0.0000000011  0.0000000000 -0.0000000000 -0.0008344631  0.2709757840  0.0000000011  0.0000000000  0.0000000000 -0.0008083591  0.0000000036  0.0000000000 -0.0000000000 -0.0000000000  0.0000000011 -0.0000000000  0.0000000000  0.0000000011 -0.0000000000  0.0985193536
  0.4000000000  0.6666666667  0.0000000000  0.3333333333  0.3333333333  0.6666666667  0.3039454157  0.0774920395  0.0000000011  0.0000000000 -0.0000000000 -0.0006777664  0.2708007668  0.0000000011  0.0000000000 -0.0000000000 -0.0006532882  0.0000000036  0.0000000000 -0.0000000000 -0.0000000000  0.0000000011 -0.0000000000 -0.0000000000  0.0000000011 -0.0000000000  0.0982936233
  0.4000000000  0.6666666667  0.0000000000  0.3333333333  0.3333333333  1.0000000000  0.1628305377  0.0458214021  0.0164996857 -0.0000157114  0.0000534084 -0.0000158447  0.2576538961  0.0482999260 -0.0000602250  0.0000328692 -0.0000201083  0.1535811342  0.0000264902  0.0000553654 -0.0000063918  0.0569547671  0.0000022329  0.0000394911  0.0084972596 -0.0000177680  0.0539029915
  0.4000000000  0.6666666667  0.0000000000  0.3333333333  0.6666666667  0.0000000000  0.3019599629  0.0777755536  0.0000000011  0.0000000000  0.0000000000 -0.0006456148  0.2732594070  0.0000000011  0.0000000000  0.0000000000 -0.0005106365  0.0000000036  0.0000000000 -0.0000000000 -0.0000000000  0.0000000011 -0.0000000000  0.0000000000  0.0000000011  0.0000000000  0.0988464515
  0.4000000000  0.6666666667  0.0000000000  0.3333333333  0.6666666667  0.3333333333  0.2995401936  0.0779971803  0.0000000011  0.0000000000 -0.0000000000 -0.0006001694  0.2764931991  0.0000000011  0.0000000000  0.0000000000 -0.0004451091  0.0000000036  0.0000000000  0.0000000000 -0.0000000000  0.0000000011 -0.0000000000 -0.0000000000  0.0000000011  0.0000000000  0.0992408822
  0.4000000000  0.6666666667  0.0000000000  0.3333333333  0.6666666667  0.6666666667  0.1628341904  0.0458246244  0.0165139591 -0.0000237048 -0.0005676968  0.0000751093  0.2577560812  0.0482958548 -0.0000889562 -0.0003523306  0.0001010242  0.1536002207  0.0000347334 -0.0006088075  0.0000310508  0.0569704893 -0.0000111172 -0.0004214217  0.0085177871 -0.0000248868  0.0539188859
  0.4000000000  0.6666666667  0.0000000000  0.3333333333  0.6666666667  1.0000000000  0.0000000036  0.0000000011  0.0000000011 -0.0000000000 -0.0000000000  0.0000000000  0.2977453067  0.0772502286 -0.0000874514 -0.0000000000 -0.0000000000  0.2774268585 -0.0000162477 -0.0000000000  0.0000000000  0.1002395361 -0.0000000000 -0.0000000000  0.0000000011  0.0000000000  0.0000000011
  0.4000000000  0.6666666667  0.0000000000  0.3333333333  1.0000000000  0.0000000000  0.2986453362  0.0777903694  0.0000000011  0.0000000000 -0.0000000000 -0.0000755430  0.2774328438  0.0000000011  0.0000000000 -0.0000000000 -0.0000627901  0.0000000036 -0.0000000000 -0.0000000000 -0.0000000000  0.0000000011  0.0000000000 -0.0000000000  0.0000000011 -0.0000000000  0.0998184015
  0.4000000000  0.6666666667  0.0000000000  0.3333333333  1.0000000000  0.3333333333  0.2992411484  0.0779728586  0.0000000011  0.0000000000 -0.0000000000  0.0001052913  0.2767779522  0.0000000011  0.0000000000 -0.0000000000  0.0001881210  0.0000000036  0.0000000000 -0.0000000000  0.0000000000  0.0000000011 -0.0000000000  0.0000000000  0.0000000011  0.0000000000  0.0993094498
  0.4000000000  0.6666666667  0.0000000000  0.3333333333  1.0000000000  0.6666666667  0.1627386812  0.0456400353  0.0165127332 -0.0000208108 -0.0009938821  0.0000232776  0.2574806349  0.0482660493 -0.0001123112 -0.0006182177  0.0001198323  0.1534763520  0.0000462490 -0.0010469353  0.0000148774  0.0569828533 -0.0000032391 -0.0007415111  0.0085174148 -0.0000450334  0.0538335809
  0.4000000000  0.6666666667  0.0000000000  0.3333333333  1.0000000000  1.0000000000  0.0000000036  0.0000000012  0.0000000012  0.0000000000 -0.0000000000 -0.0000000000  0.2985708321  0.0784028625 -0.0000801907 -0.0000000000 -0.0000000000  0.2723242411 -0.0000470295 -0.0000000000 -0.0000000000  0.0998413026 -0.0000000000  0.0000000000  0.0000000011  0.0000000000  0.0000000011
  0.4000000000  0.6666666667  0.0000000000  0.6666666667  0.0000000000  0.0000000000  0.2981757795  0.0776607387  0.0000000010 -0.0000000000 -0.0000000000 -0.0053347367  0.2637216334  0.0000000010 -0.0000000000 -0.0000000000 -0.0039162564  0.0000000036 -0.0000000000 -0.0000000000 -0.0000000001  0.0000000011 -0.0000000000 -0.0000000000  0.0000000011 -0.0000000000  0.1004638305
  0.4000000000  0.6666666667  0.0000000000  0.6666666667  0.0000000000  0.3333333333  0.2549202418  0.0516934861  0.0333138433  0.0021027885  0.0031371379 -0.0018144132  0.1680266347  0.0154202317  0.0016483706  0.0003174529 -0.0008176343  0.1213454638  0.0061512269  0.0029272953 -0.0002614110  0.0096420726 -0.0003608710  0.0002803176  0.0418059206  0.0023131966  0.0625267886
  0.4000000000  0.6666666667  0.0000000000  0.6666666667  0.0000000000  0.6666666667  0.1170949249  0.0439519655  0.0347213813 -0.0018545125  0.0245194403 -0.0347280780  0.0878930233  0.0366419351  0.0225825880  0.0020025870 -0.0384761457  0.1152219653  0.0234917858  0.0233675280 -0.0042918826  0.0364980573 -0.0104544805  0.0034869622  0.0367941650  0.0005768795  0.0415848823
  0.4000000000  0.6666666667  0.0000000000  0.6666666667  0.0000000000  1.0000000000  0.2769276888  0.0000000011  0.0773890166 -0.0000000000  0.0008981618 -0.0000000000  0.0000000036  0.0000000011 -0.0000000000  0.0000000000 -0.0000000000  0.2985841955  0.0000000000  0.0010275310 -0.0000000000  0.0000000011 -0.0000000000  0.0000000000  0.1001361166  0.0000000000  0.0000000011
  0.4000000000  0.6666666667  0.0000000000  0.6666666667  0.3333333333  0.0000000000  0.3008994014  0.0756208234  0.0000000011 -0.0000000000 -0.0000000000 -0.0027450941  0.2679487678  0.0000000010  0.0000000000 -0.0000000000 -0.0026898214  0.0000000036 -0.0000000000 -0.0000000000 -0.0000000000  0.0000000011  0.0000000000 -0.0000000000  0.0000000011 -0.0000000000  0.1018550708
  0.4000000000  0.6666666667  0.0000000000  0.6666666667  0.3333333333  0.3333333333  0.2999949790  0.0767443149  0.0000000011 -0.0000000000 -0.0000000000 -0.0029264626  0.2673337149  0.0000000011  0.0000000000 -0.0000000000 -0.0024436647  0.0000000036 -0.0000000000 -0.0000000000 -0.0000000000  0.0000000011 -0.0000000000 -0.0000000000  0.0000000011 -0.0000000000  0.1012916028
  0.4000000000  0.6666666667  0.0000000000  0.6666666667  0.3333333333  0.6666666667  0.2992428252  0.0773793106  0.0000000011 -0.0000000000 -0.0000000000 -0.0033686196  0.2669714675  0.0000000011 -0.0000000000 -0.0000000000 -0.0024713634  0.0000000036 -0.0000000000 -0.0000000000 -0.0000000000  0.0000000011 -0.0000000000 -0.0000000000  0.0000000011 -0.0000000000  0.1011158972
  0.4000000000  0.6666666667  0.0000000000  0.6666666667  0.3333333333  1.0000000000  0.1628235256  0.0457112176  0.0165164431 -0.0000080242  0.0004360481 -0.0000066531  0.2572301449  0.0482886785 -0.0000259892  0.0002439790 -0.0000077792  0.1536256728  0.0000093018  0.0004767248 -0.0000017220  0.0569624667  0.0000006143  0.0002906752  0.0084998115 -0.0000075641  0.0538538111
  0.4000000000  0.6666666667  0.0000000000  0.6666666667  0.6666666667  0.0000000000  0.3020657102  0.0755823350  0.0000000011  0.0000000000 -0.0000000000 -0.0013230305  0.2700956040  0.0000000011  0.0000000000 -0.0000000000 -0.0014997612  0.0000000036 -0.0000000000 -0.0000000000 -0.0000000000  0.0000000011 -0.0000000000 -0.0000000000  0.0000000011 -0.0000000000  0.1014232391
  0.4000000000  0.6666666667  0.0000000000  0.6666666667  0.6666666667  0.3333333333  0.3002520545  0.0767654123  0.0000000011  0.0000000000  0.0000000000 -0.0005466057  0.2725585682  0.0000000011  0.0000000000  0.0000000000 -0.0004165077  0.0000000036  0.0000000000 -0.0000000000 -0.0000000000  0.0000000011 -0.0000000000  0.0000000000  0.0000000011 -0.0000000000  0.1008231340
  0.4000000000  0.6666666667  0.0000000000  0.6666666667  0.6666666667  0.6666666667  0.2978167494  0.0785059726  0.0000000012  0.0000000000  0.0000000000 -0.0001315365  0.2725753857  0.0000000012  0.0000000000  0.0000000000 -0.0000545994  0.0000000036 -0.0000000000 -0.0000000000 -0.0000000000  0.0000000011 -0.0000000000  0.0000000000  0.0000000011 -0.0000000000  0.1000915503
  0.4000000000  0.6666666667  0.0000000000  0.6666666667  0.6666666667  1.0000000000  0.1628356125  0.0458162623  0.0165110550 -0.0000302129 -0.0005159755  0.0000913902  0.2577076531  0.0482944256 -0.0001137182 -0.0003167834  0.0001212873  0.1536048071  0.0000458161 -0.0005546579  0.0000375575  0.0569711157 -0.0000135780 -0.0003827230  0.0085180609 -0.0000321518  0.0539171132
  0.4000000000  0.6666666667  0.0000000000  0.6666666667  1.0000000000  0.0000000000  0.2973576285  0.0785143760  0.0000000012  0.0000000000 -0.0000000000 -0.0000318056  0.2734952615  0.0000000012  0.0000000000 -0.0000000000  0.0000229287  0.0000000036 -0.0000000000 -0.0000000000  0.0000000000  0.0000000011 -0.0000000000 -0.0000000000  0.0000000011 -0.0000000000  0.0999673020
  0.4000000000  0.6666666667  0.0000000000  0.6666666667  1.0000000000  0.3333333333  0.2980640131  0.0779401114  0.0000000011  0.0000000000 -0.0000000000  0.0005309817  0.2775176296  0.0000000011  0.0000000000 -0.0000000000  0.0005197293  0.0000000036  0.0000000000 -0.0000000000  0.0000000000  0.0000000011 -0.0000000000  0.0000000000  0.0000000011  0.0000000000  0.0996924968
  0.4000000000  0.6666666667  0.0000000000  0.6666666667  1.0000000000  0.6666666667  0.2964268560  0.0780194475  0.0000000011  0.0000000000 -0.0000000000  0.0009429153  0.2781877644  0.0000000011  0.0000000000 -0.0000000000  0.0009043687  0.0000000036  0.0000000000 -0.0000000000  0.0000000000  0.0000000011 -0.0000000000  0.0000000000  0.0000000011  0.0000000000  0.0996266780
  0.4000000000  0.6666666667  0.0000000000  0.6666666667  1.0000000000  1.0000000000  0.1627669591  0.0456831493  0.0165122056 -0.0000199391 -0.0009339452  0.0000423390  0.2575558336  0.0482661434 -0.0001129607 -0.0005749386  0.0001218295  0.1535031986  0.0000504730 -0.0009848467  0.0000220018  0.0569787140 -0.0000064811 -0.0006937468  0.0085219358 -0.0000451581  0.0538575014
  0.4000000000  0.6666666667  0.0000000000  1.0000000000  0.0000000000  0.0000000000  0.2913587596  0.0781932741  0.0000000010 -0.0000000000 -0.0000000000 -0.0060669186  0.2654208886  0.0000000010 -0.0000000000 -0.0000000000 -0.0057881941  0.0000000036 -0.0000000000 -0.0000000000 -0.0000000001  0.0000000011 -0.0000000000 -0.0000000000  0.0000000011 -0.0000000000  0.1018043377
  0.4000000000  0.6666666667  0.0000000000  1.0000000000  0.0000000000  0.3333333333  0.0585690166  0.0585654207  0.0193194652 -0.0018047780  0.0018047682 -0.0585647156  0.0585686392  0.0193193975 -0.0018047684  0.0018047587 -0.0585645283  0.1575493292 -0.0013562915  0.0013562595 -0.0193188429  0.0342841821 -0.0342829152  0.0018047212  0.0342842327 -0.0018047126  0.0585661295
  0.4000000000  0.6666666667  0.0000000000  1.0000000000  0.0000000000  0.6666666667  0.0584928048  0.0584901398  0.0192894540 -0.0012373684  0.0012374126 -0.0584895613  0.0584927045  0.0192894485 -0.0012373063  0.0012373505 -0.0584895098  0.1621272097 -0.0009294464  0.0009295441 -0.0192889473  0.0342676527 -0.0342666676  0.0012373345  0.0342676142 -0.0012373419  0.0584906574
  0.4000000000  0.6666666667  0.0000000000  1.0000000000  0.0000000000  1.0000000000  0.0583826838  0.0583802834  0.0191991345 -0.0010067779  0.0010067826 -0.0583797713  0.0583825558  0.0191991124 -0.0010067711  0.0010067757 -0.0583797075  0.1644097298 -0.0006776493  0.0006776389 -0.0191986695  0.0341656567 -0.0341648043  0.0010067635  0.0341656590 -0.0010067696  0.0583807384
  0.4000000000  0.6666666667  0.0000000000  1.0000000000  0.3333333333  0.0000000000  0.2951043528  0.0782843599  0.0000000011 -0.0000000000 -0.0000000000 -0.0037288506  0.2678755686  0.0000000011 -0.0000000000 -0.0000000000 -0.0033841744  0.0000000036 -0.0000000000 -0.0000000000 -0.0000000000  0.0000000011 -0.0000000000 -0.0000000000  0.0000000011 -0.0000000000  0.1015520786
  0.4000000000  0.6666666667  0.0000000000  1.0000000000  0.3333333333  0.3333333333  0.2970747693  0.0759960339  0.0000000011 -0.0000000000 -0.0000000000 -0.0023509386  0.2704674176  0.0000000011  0.0000000000 -0.0000000000 -0.0023411482  0.0000000036  0.0000000000  0.0000000000 -0.0000000000  0.0000000011  0.0000000000 -0.0000000000  0.0000000011 -0.0000000000  0.1025023804
  0.4000000000  0.6666666667  0.0000000000  1.0000000000  0.3333333333  0.6666666667  0.1627364029  0.0456348250  0.0165031274 -0.0000353523  0.0009656857 -0.0000816152  0.2574160012  0.0482652052 -0.0001596498  0.0005919494 -0.0001827114  0.1534800161  0.0000607388  0.0010213778 -0.0000387240  0.0569880477  0.0000117445  0.0007172833  0.0085177619 -0.0000548791  0.0538403444
  0.4000000000  0.6666666667  0.0000000000  1.0000000000  0.3333333333  1.0000000000  0.1483037324  0.0414721734  0.0165105682  0.0000469391  0.0044390498 -0.0005559337  0.2560869824  0.0496186346  0.0001935912  0.0021081327 -0.0007098173  0.1577141590 -0.0000066569  0.0027345248  0.0000208925  0.0587612726 -0.0000083560  0.0019818993  0.0089658655  0.0000556392  0.0494727827
  0.4000000000  0.6666666667  0.0000000000  1.0000000000  0.6666666667  0.0000000000  0.2966155443  0.0785527197  0.0000000012  0.0000000000 -0.0000000000 -0.0000411810  0.2726810840  0.0000000012  0.0000000000 -0.0000000000 -0.0000162421  0.0000000036 -0.0000000000 -0.0000000000 -0.0000000000  0.0000000011 -0.0000000000 -0.0000000000  0.0000000011 -0.0000000000  0.1004436428
  0.4000000000  0.6666666667  0.0000000000  1.0000000000  0.6666666667  0.3333333333  0.2966339353  0.0785628652  0.0000000012  0.0000000000  0.0000000000 -0.0000299903  0.2727202472  0.0000000012  0.0000000000  0.0000000000 -0.0000107787  0.0000000036 -0.0000000000 -0.0000000000 -0.0000000000  0.0000000011 -0.0000000000 -0.0000000000  0.0000000011 -0.0000000000  0.1004307073
  0.4000000000  0.6666666667  0.0000000000  1.0000000000  0.6666666667  0.6666666667  0.2966289304  0.0785413049  0.0000000012  0.0000000000  0.0000000000 -0.0000413929  0.2726230895  0.0000000012  0.0000000000  0.0000000000 -0.0000139196  0.0000000036 -0.0000000000 -0.0000000000 -0.0000000000  0.0000000011 -0.0000000000  0.0000000000  0.0000000011 -0.0000000000  0.1004509013
  0.4000000000  0.6666666667  0.0000000000  1.0000000000  0.6666666667  1.0000000000  0.1628458038  0.0458413320  0.0165129541 -0.0000179567  0.0004324490 -0.0000473515  0.2577767052  0.0482982422 -0.0000715868  0.0002679028 -0.0000606758  0.1536028494  0.0000309912  0.0004624038 -0.0000199583  0.0569643316  0.0000072158  0.0003208242  0.0085149599 -0.0000211670  0.0539225026
  0.4000000000  0.6666666667  0.0000000000  1.0000000000  1.0000000000  0.0000000000  0.2966577746  0.0785299769  0.0000000012  0.0000000000  0.0000000000  0.0000546815  0.2726440274  0.0000000012  0.0000000000  0.0000000000  0.0000468636  0.0000000036 -0.0000000000 -0.0000000000  0.0000000000  0.0000000011 -0.0000000000  0.0000000000  0.0000000011 -0.0000000000  0.1004323135
  0.4000000000  0.6666666667  0.0000000000  1.0000000000  1.0000000000  0.3333333333  0.2965636459  0.0785739646  0.0000000012  0.0000000000  0.0000000000  0.0002001239  0.2730435413  0.0000000012  0.0000000000  0.0000000000  0.0001471256  0.0000000036 -0.0000000000 -0.0000000000  0.0000000000  0.0000000011 -0.0000000000  0.0000000000  0.0000000011 -0.0000000000  0.1003686604
  0.4000000000  0.6666666667  0.0000000000  1.0000000000  1.0000000000  0.6666666667  0.2968684909  0.0760793197  0.0000000011 -0.0000000000  0.0000000000  0.0012446339  0.2706790356  0.0000000011  0.0000000000  0.0000000000  0.0013563146  0.0000000036 -0.0000000000 -0.0000000000  0.0000000000  0.0000000011 -0.0000000000  0.0000000000  0.0000000011 -0.0000000000  0.1025287958
  0.4000000000  0.6666666667  0.0000000000  1.0000000000  1.0000000000  1.0000000000  0.1628466848  0.0458278192  0.0165129020 -0.0000295563 -0.0004945288  0.0000974589  0.2577359885  0.0482915028 -0.0001157426 -0.0003007531  0.0001258159  0.1536141233  0.0000482954 -0.0005308760  0.0000402385  0.0569700880 -0.0000146809 -0.0003665395  0.0085232785 -0.0000336034  0.0539248841
  0.4000000000  0.6666666667  0.3333333333  0.0000000000  0.0000000000  0.0000000000  0.3098026105  0.0741233598  0.0000000011 -0.0000000000 -0.0000000000 -0.0000077494  0.2572310250  0.0000000010 -0.0000000001 -0.0000000000  0.0000103023  0.0000000036 -0.0000000000 -0.0000000000 -0.0000000000  0.0000000011 -0.0000000000 -0.0000000000  0.0000000011 -0.0000000000  0.0958777339
  0.4000000000  0.6666666667  0.3333333333  0.0000000000  0.0000000000  0.3333333333  0.2848015337  0.0000000011  0.0762109630  0.0000000000  0.0011569615 -0.0000000000  0.0000000036  0.0000000011 -0.0000000000  0.0000000000 -0.0000000000  0.2860230226  0.0000000000  0.0011947735 -0.0000000000  0.0000000011 -0.0000000000 -0.0000000000  0.0980582592 -0.0000000000  0.0000000011
  0.4000000000  0.6666666667  0.3333333333  0.0000000000  0.0000000000  0.6666666667  0.2827990498  0.0000000011  0.0774078698 -0.0000000000  0.0011528262  0.0000000000  0.0000000036  0.0000000011 -0.0000000000  0.0000000000  0.0000000000  0.2914067167 -0.0000000000  0.0011342370  0.0000000000  0.0000000011  0.0000000000 -0.0000000000  0.0992812453 -0.0000000000  0.0000000011
  0.4000000000  0.6666666667  0.3333333333  0.0000000000  0.0000000000  1.0000000000  0.2824428091  0.0000000011  0.0775050067 -0.0000000000  0.0002006714 -0.0000000000  0.0000000036  0.0000000011  0.0000000000  0.0000000000  0.0000000000  0.2926801661  0.0000000000  0.0002000821 -0.0000000000  0.0000000011 -0.0000000000  0.0000000000  0.0997993847  0.0000000000  0.0000000011
  0.4000000000  0.6666666667  0.3333333333  0.0000000000  0.3333333333  0.0000000000  0.3048689682  0.0770253005  0.0000000011  0.0000000000  0.0000000000  0.0012422268  0.2685553386  0.0000000010  0.0000000000  0.0000000000  0.0011232673  0.0000000036 -0.0000000000 -0.0000000000  0.0000000000  0.0000000011 -0.0000000000  0.0000000000  0.0000000011 -0.0000000000  0.0979417725
  0.4000000000  0.6666666667  0.3333333333  0.0000000000  0.3333333333  0.3333333333  0.3040852636  0.0773951847  0.0000000011 -0.0000000000 -0.0000000000  0.0007927082  0.2710383411  0.0000000011 -0.0000000000 -0.0000000000  0.0007540557  0.0000000036 -0.0000000000 -0.0000000000  0.0000000000  0.0000000011 -0.0000000000 -0.0000000000  0.0000000011  0.0000000000  0.0983551764
  0.4000000000  0.6666666667  0.3333333333  0.0000000000  0.3333333333  0.6666666667  0.1628475999  0.0458090783  0.0165013327 -0.0000302334  0.0001757074 -0.0000300017  0.2576002065  0.0482963818 -0.0001110776  0.0001055379 -0.0000358638  0.1535668203  0.0000468693  0.0001808302 -0.0000117502  0.0569534496  0.0000039676  0.0001256391  0.0085005738 -0.0000326046  0.0539045665
  0.4000000000  0.6666666667  0.3333333333  0.0000000000  0.3333333333  1.0000000000  0.1536104618  0.0165123365  0.0482923508  0.0000414563  0.0000478915 -0.0005351486  0.1628428619  0.0458252743  0.0001006694 -0.0000305808 -0.0004986217  0.2577311034  0.0001317292 -0.0001177388 -0.0003043840  0.0539236151 -0.0003703312 -0.0000336571  0.0569709077 -0.0000150285  0.0085225356
  0.4000000000  0.6666666667  0.3333333333  0.0000000000  0.6666666667  0.0000000000  0.3036539097  0.0774518027  0.0000000011  0.0000000000  0.0000000000  0.0010322806  0.2718190506  0.0000000010  0.0000000000 -0.0000000000  0.0010009546  0.0000000036  0.0000000000 -0.0000000000  0.0000000000  0.0000000011 -0.0000000000 -0.0000000000  0.0000000011 -0.0000000000  0.0985620520
  0.4000000000  0.6666666667  0.3333333333  0.0000000000  0.6666666667  0.3333333333  0.3031784539  0.0776507559  0.0000000011  0.0000000000  0.0000000000  0.0002640112  0.2726879898  0.0000000011  0.0000000000  0.0000000000  0.0002600482  0.0000000036 -0.0000000000 -0.0000000000  0.0000000000  0.0000000011 -0.0000000000  0.0000000000  0.0000000011 -0.0000000000  0.0984913011
  0.4000000000  0.6666666667  0.3333333333  0.0000000000  0.6666666667  0.6666666667  0.1628676618  0.0458556078  0.0165108009 -0.0000232902  0.0001327282  0.0000129987  0.2577598973  0.0482994175 -0.0000902605  0.0000824031  0.0000163823  0.1535825251  0.0000411727  0.0001339185  0.0000054448  0.0569541007 -0.0000025398  0.0000949151  0.0085113456 -0.0000278971  0.0539286258
  0.4000000000  0.6666666667  0.3333333333  0.0000000000  0.6666666667  1.0000000000  0.0000000036  0.0000000012  0.0000000012 -0.0000000000 -0.0000000000 -0.0000000000  0.2975598519  0.0782684748 -0.0012204747 -0.0000000000 -0.0000000000  0.2747451296 -0.0010350262 -0.0000000000 -0.0000000000  0.0996243177 -0.0000000000 -0.0000000000  0.0000000011 -0.0000000000  0.0000000011
  0.4000000000  0.6666666667  0.3333333333  0.0000000000  1.0000000000  0.0000000000  0.2990380452  0.0779525483  0.0000000011  0.0000000000 -0.0000000000  0.0010683954  0.2769273106  0.0000000011  0.0000000000 -0.0000000000  0.0008692907  0.0000000036  0.0000000000  0.0000000000  0.0000000000  0.0000000011  0.0000000000 -0.0000000000  0.0000000011  0.0000000000  0.0994567847
  0.4000000000  0.6666666667  0.3333333333  0.0000000000  1.0000000000  0.3333333333  0.1628406599  0.0458338305  0.0165173498 -0.0000156990  0.0005743322 -0.0000481474  0.2578000881  0.0482956875 -0.0000644356  0.0003572974 -0.0000659130  0.1535975172  0.0000270653  0.0006130196 -0.0000204629  0.0569684857  0.0000072914  0.0004264285  0.0085192957 -0.0000194752  0.0539218150
  0.4000000000  0.6666666667  0.3333333333  0.0000000000  1.0000000000  0.6666666667  0.0000000036  0.0000000011  0.0000000011 -0.0000000000 -0.0000000000  0.0000000000  0.2988261545  0.0776787322 -0.0036691336  0.0000000000  0.0000000000  0.2663122125 -0.0027156540 -0.0000000000  0.0000000000  0.1003934618  0.0000000000  0.0000000000  0.0000000011 -0.0000000000  0.0000000011
  0.4000000000  0.6666666667  0.3333333333  0.0000000000  1.0000000000  1.0000000000  0.0000000036  0.0000000011  0.0000000012 -0.0000000000 -0.0000000000 -0.0000000000  0.2979810932  0.0783430044 -0.0010295051 -0.0000000000 -0.0000000000  0.2705288315 -0.0004669199 -0.0000000000 -0.0000000000  0.1002005565 -0.0000000000  0.0000000000  0.0000000011 -0.0000000000  0.0000000011
  0.4000000000  0.6666666667  0.3333333333  0.3333333333  0.0000000000  0.0000000000  0.2822004370  0.0000000011  0.0763516710  0.0000000000  0.0036620159 -0.0000000000  0.0000000036  0.0000000010 -0.0000000000  0.0000000000 -0.0000000000  0.2846667941  0.0000000000  0.0035711988 -0.0000000000  0.0000000011 -0.0000000000 -0.0000000000  0.0989145055  0.0000000000  0.0000000011
  0.4000000000  0.6666666667  0.3333333333  0.3333333333  0.0000000000  0.3333333333  0.2813200519  0.0000000011  0.0774472787  0.0000000000  0.0030320404 -0.0000000000  0.0000000036  0.0000000011  0.0000000000  0.0000000000 -0.0000000000  0.2900873350  0.0000000000  0.0031322532 -0.0000000000  0.0000000011 -0.0000000000 -0.0000000000  0.0995642014  0.0000000000  0.0000000011
  0.4000000000  0.6666666667  0.3333333333  0.3333333333  0.0000000000  0.6666666667  0.2811028640  0.0000000011  0.0769627606 -0.0000000000  0.0024171051  0.0000000000  0.0000000036  0.0000000011  0.0000000000  0.0000000000 -0.0000000000  0.2917382188 -0.0000000000  0.0025445211  0.0000000000  0.0000000011 -0.0000000000 -0.0000000000  0.1004146899  0.0000000000  0.0000000011
  0.4000000000  0.6666666667  0.3333333333  0.3333333333  0.0000000000  1.0000000000  0.2806196617  0.0000000011  0.0761982470 -0.0000000000  0.0009094114  0.0000000000  0.0000000036  0.0000000011 -0.0000000000  0.0000000000  0.0000000000  0.2933861148 -0.0000000000  0.0008850579  0.0000000000  0.0000000011  0.0000000000 -0.0000000000  0.1014418833 -0.0000000000  0.0000000011
  0.4000000000  0.6666666667  0.3333333333  0.3333333333  0.3333333333  0.0000000000  0.3042161988  0.0765123604  0.0000000011  0.0000000000  0.0000000000  0.0000481453  0.2706710311  0.0000000010  0.0000000000  0.0000000000  0.0000603691  0.0000000036 -0.0000000000 -0.0000000000 -0.0000000000  0.0000000011 -0.0000000000  0.0000000000  0.0000000011  0.0000000000  0.0989066084
  0.4000000000  0.6666666667  0.3333333333  0.3333333333  0.3333333333  0.3333333333  0.3043670060  0.0772153968  0.0000000011 -0.0000000000  0.0000000000  0.0000108339  0.2687923530  0.0000000011 -0.0000000000  0.0000000000  0.0000127643  0.0000000036 -0.0000000000 -0.0000000000 -0.0000000000  0.0000000011 -0.0000000000 -0.0000000000  0.0000000011  0.0000000000  0.0979507428
  0.4000000000  0.6666666667  0.3333333333  0.3333333333  0.3333333333  0.6666666667  0.2808208239  0.0000000011  0.0778155330 -0.0000000000  0.0025548908  0.0000000000  0.0000000036  0.0000000011 -0.0000000000  0.0000000000  0.0000000000  0.2924571661 -0.0000000000  0.0026473013  0.0000000000  0.0000000011  0.0000000000 -0.0000000000  0.0996083194 -0.0000000000  0.0000000011
  0.4000000000  0.6666666667  0.3333333333  0.3333333333  0.3333333333  1.0000000000  0.1534665943  0.0165055969  0.0482568052  0.0000271169  0.0000608801 -0.0010854586  0.1627273316  0.0455974215  0.0000494114 -0.0000279193 -0.0010295512  0.2573460154  0.0001626912 -0.0001462335 -0.0006357375  0.0538188547 -0.0007677985 -0.0000570678  0.0569841060 -0.0000073015  0.0085175558
  0.4000000000  0.6666666667  0.3333333333  0.3333333333  0.6666666667  0.0000000000  0.3025470420  0.0777736576  0.0000000011  0.0000000000 -0.0000000000  0.0004787262  0.2728837849  0.0000000011  0.0000000000  0.0000000000  0.0004831118  0.0000000036 -0.0000000000 -0.0000000000  0.0000000000  0.0000000011 -0.0000000000 -0.0000000000  0.0000000011  0.0000000000  0.0986557280
  0.4000000000  0.6666666667  0.3333333333  0.3333333333  0.6666666667  0.3333333333  0.2991380484  0.0777777791  0.0000000011  0.0000000000 -0.0000000000  0.0007713286  0.2764424592  0.0000000011  0.0000000000 -0.0000000000  0.0007432554  0.0000000036  0.0000000000 -0.0000000000  0.0000000000  0.0000000011 -0.0000000000 -0.0000000000  0.0000000011  0.0000000000  0.0995321547
  0.4000000000  0.6666666667  0.3333333333  0.3333333333  0.6666666667  0.6666666667  0.1628520508  0.0458214971  0.0165102760 -0.0000358524 -0.0003362319  0.0000698912  0.2577006589  0.0483009660 -0.0001346406 -0.0002046645  0.0000913280  0.1536052781  0.0000565904 -0.0003613240  0.0000293782  0.0569689452 -0.0000105126 -0.0002509279  0.0085164901 -0.0000384825  0.0539188736
  0.4000000000  0.6666666667  0.3333333333  0.3333333333  0.6666666667  1.0000000000  0.0000000036  0.0000000012  0.0000000012  0.0000000000  0.0000000000  0.0000000000  0.2978233444  0.0781748597  0.0000124339 -0.0000000000  0.0000000000  0.2751235746  0.0000344817 -0.0000000000  0.0000000000  0.0994503824  0.0000000000 -0.0000000000  0.0000000011  0.0000000000  0.0000000011
  0.4000000000  0.6666666667  0.3333333333  0.3333333333  1.0000000000  0.0000000000  0.2979157860  0.0777618573  0.0000000011  0.0000000000  0.0000000000  0.0007024832  0.2779433927  0.0000000011  0.0000000000 -0.0000000000  0.0006693681  0.0000000036 -0.0000000000 -0.0000000000  0.0000000000  0.0000000011 -0.0000000000  0.0000000000  0.0000000011 -0.0000000000  0.0997298054
  0.4000000000  0.6666666667  0.3333333333  0.3333333333  1.0000000000  0.3333333333  0.2960357607  0.0779457816  0.0000000011  0.0000000000 -0.0000000000  0.0009580839  0.2792898628  0.0000000011  0.0000000000 -0.0000000000  0.0008888240  0.0000000036  0.0000000000 -0.0000000000  0.0000000000  0.0000000011 -0.0000000000  0.0000000000  0.0000000011  0.0000000000  0.0995659871
  0.4000000000  0.6666666667  0.3333333333  0.3333333333  1.0000000000  0.6666666667  0.1628550620  0.0458266798  0.0165129911 -0.0000352427 -0.0004274317  0.0000834423  0.2577319877  0.0482967896 -0.0001351312 -0.0002594580  0.0001086630  0.1536117370  0.0000568784 -0.0004590314  0.0000350549  0.0569707627 -0.0000126051 -0.0003181135  0.0085228198 -0.0000389298  0.0539250398
  0.4000000000  0.6666666667  0.3333333333  0.3333333333  1.0000000000  1.0000000000  0.0000000036  0.0000000011  0.0000000011 -0.0000000000 -0.0000000000 -0.0000000000  0.2991371688  0.0776654629 -0.0006356475 -0.0000000000 -0.0000000000  0.2757449570 -0.0005150422 -0.0000000000  0.0000000000  0.0999435805 -0.0000000000 -0.0000000000  0.0000000011  0.0000000000  0.0000000011
  0.4000000000  0.6666666667  0.3333333333  0.6666666667  0.0000000000  0.0000000000  0.2776831132  0.0000000011  0.0769966014 -0.0000000000  0.0051059848  0.0000000000  0.0000000036  0.0000000011 -0.0000000000  0.0000000001 -0.0000000000  0.2869856084 -0.0000000000  0.0051359526  0.0000000000  0.0000000011  0.0000000000 -0.0000000000  0.1001306083 -0.0000000000  0.0000000011
  0.4000000000  0.6666666667  0.3333333333  0.6666666667  0.0000000000  0.3333333333  0.2779828866  0.0000000011  0.0754045706 -0.0000000000  0.0039548737  0.0000000000  0.0000000036  0.0000000011 -0.0000000000  0.0000000001 -0.0000000000  0.2913928929  0.0000000000  0.0043938531  0.0000000000  0.0000000011  0.0000000000 -0.0000000000  0.1018364030 -0.0000000000  0.0000000011
  0.4000000000  0.6666666667  0.3333333333  0.6666666667  0.0000000000  0.6666666667  0.2773645161  0.0000000011  0.0755343418  0.0000000000  0.0025627838  0.0000000000  0.0000000036  0.0000000011  0.0000000000  0.0000000000 -0.0000000000  0.2964426152  0.0000000000  0.0025687458  0.0000000000  0.0000000011  0.0000000000 -0.0000000000  0.1016532778  0.0000000000  0.0000000011
  0.4000000000  0.6666666667  0.3333333333  0.6666666667  0.0000000000  1.0000000000  0.2766183976  0.0000000011  0.0757178958  0.0000000000  0.0023073420  0.0000000000  0.0000000036  0.0000000011  0.0000000000  0.0000000000 -0.0000000000  0.2973663667  0.0000000000  0.0022891343  0.0000000000  0.0000000011 -0.0000000000 -0.0000000000  0.1015380281  0.0000000000  0.0000000011
  0.4000000000  0.6666666667  0.3333333333  0.6666666667  0.3333333333  0.0000000000  0.3028862456  0.0757065206  0.0000000011  0.0000000000  0.0000000000  0.0003173185  0.2693458775  0.0000000010  0.0000000000  0.0000000000  0.0005761278  0.0000000036 -0.0000000000  0.0000000000  0.0000000000  0.0000000011 -0.0000000000  0.0000000000  0.0000000011 -0.0000000000  0.1015393665
  0.4000000000  0.6666666667  0.3333333333  0.6666666667  0.3333333333  0.3333333333  0.2572175293  0.0480785462  0.0450114446 -0.0015575343  0.0001237688 -0.0000933581  0.1528914357  0.0165505651 -0.0026717544  0.0000287293 -0.0000115098  0.1622495912 -0.0025608020  0.0000386280 -0.0000242777  0.0085986145 -0.0000101382 -0.0000022847  0.0536176796 -0.0018642854  0.0570795036
  0.4000000000  0.6666666667  0.3333333333  0.6666666667  0.3333333333  0.6666666667  0.2577858641  0.0482904364  0.0458405536 -0.0003142676  0.0001094506 -0.0001122126  0.1536179028  0.0165172454 -0.0005531134  0.0000361088  0.0000479445  0.1628601579 -0.0005159063  0.0000854181 -0.0000277074  0.0085285267 -0.0000333636 -0.0000131118  0.0539328199 -0.0003831884  0.0569689582
  0.4000000000  0.6666666667  0.3333333333  0.6666666667  0.3333333333  1.0000000000  0.1531837559  0.0165176791  0.0481713013 -0.0000007553 -0.0000032439 -0.0020560139  0.1623047236  0.0452925710 -0.0000121670 -0.0000065389 -0.0019375832  0.2572044759  0.0000231253 -0.0000367825 -0.0011924976  0.0536600117 -0.0014087978 -0.0000086050  0.0570265652  0.0000073114  0.0085436556
  0.4000000000  0.6666666667  0.3333333333  0.6666666667  0.6666666667  0.0000000000  0.2977690297  0.0759460880  0.0000000011 -0.0000000000  0.0000000000  0.0008630749  0.2759368082  0.0000000011  0.0000000000  0.0000000000  0.0010326531  0.0000000036 -0.0000000000  0.0000000000  0.0000000000  0.0000000011 -0.0000000000  0.0000000000  0.0000000011 -0.0000000000  0.1017958425
  0.4000000000  0.6666666667  0.3333333333  0.6666666667  0.6666666667  0.3333333333  0.2983997914  0.0771606709  0.0000000011 -0.0000000000  0.0000000000  0.0017059436  0.2766582745  0.0000000011 -0.0000000000  0.0000000000  0.0016963703  0.0000000036  0.0000000000  0.0000000000  0.0000000000  0.0000000011 -0.0000000000  0.0000000000  0.0000000011 -0.0000000000  0.1002337047
  0.4000000000  0.6666666667  0.3333333333  0.6666666667  0.6666666667  0.6666666667  0.1628309092  0.0457319633  0.0165175756 -0.0000207555  0.0005412130 -0.0000529385  0.2573111820  0.0482873014 -0.0000597618  0.0003148076 -0.0000793112  0.1535981959  0.0000196344  0.0005815501 -0.0000207718  0.0569604301  0.0000066765  0.0003711568  0.0085038012 -0.0000175179  0.0538689062
  0.4000000000  0.6666666667  0.3333333333  0.6666666667  0.6666666667  1.0000000000  0.1628541700  0.0458457181  0.0165162184 -0.0000209596 -0.0004855662  0.0000659537  0.2577965617  0.0482938991 -0.0000846020 -0.0002996003  0.0000845732  0.1536075394  0.0000359863 -0.0005208171  0.0000279261  0.0569654804 -0.0000101739 -0.0003615043  0.0085220626 -0.0000252222  0.0539294582
  0.4000000000  0.6666666667  0.3333333333  0.6666666667  1.0000000000  0.0000000000  0.2962329831  0.0756587212  0.0000000011  0.0000000000  0.0000000000  0.0024069957  0.2773557203  0.0000000011  0.0000000000  0.0000000000  0.0023899516  0.0000000036 -0.0000000000  0.0000000000  0.0000000000  0.0000000011 -0.0000000000  0.0000000000  0.0000000011 -0.0000000000  0.1016493775
  0.4000000000  0.6666666667  0.3333333333  0.6666666667  1.0000000000  0.3333333333  0.2945318936  0.0772191395  0.0000000011 -0.0000000000  0.0000000000  0.0025894087  0.2789065779  0.0000000011 -0.0000000000  0.0000000000  0.0023938736  0.0000000036 -0.0000000000  0.0000000000  0.0000000000  0.0000000011 -0.0000000000  0.0000000000  0.0000000011 -0.0000000000  0.1004272080
  0.4000000000  0.6666666667  0.3333333333  0.6666666667  1.0000000000  0.6666666667  0.2937922445  0.0767816672  0.0000000011  0.0000000000  0.0000000000  0.0026234029  0.2791230998  0.0000000011 -0.0000000000 -0.0000000000  0.0024094919  0.0000000036 -0.0000000000  0.0000000000  0.0000000000  0.0000000011 -0.0000000000  0.0000000000  0.0000000011 -0.0000000000  0.1009015206
  0.4000000000  0.6666666667  0.3333333333  0.6666666667  1.0000000000  1.0000000000  0.1628514874  0.0458340285  0.0165154153 -0.0000275240 -0.0005310886  0.0000935421  0.2577654729  0.0482897653 -0.0001099790 -0.0003244113  0.0001205108  0.1536145496  0.0000458006 -0.0005697400  0.0000390212  0.0569695970 -0.0000141718 -0.0003945981  0.0085263807 -0.0000321914  0.0539289500
  0.4000000000  0.6666666667  0.3333333333  1.0000000000  0.0000000000  0.0000000000  0.1079263442  0.0213798006  0.0213864683 -0.0213530598  0.0186503301 -0.0186496399  0.0346179517  0.0345265682 -0.0345193039  0.0191079007 -0.0191043354  0.0346150234 -0.0345180101  0.0191033097 -0.0191055333  0.0345569730 -0.0191026146  0.0191029069  0.0260720971 -0.0260154236  0.0260701361
  0.4000000000  0.6666666667  0.3333333333  1.0000000000  0.0000000000  0.3333333333  0.0583820872  0.0583788108  0.0197640285 -0.0017039304  0.0017038811 -0.0583781812  0.0583817079  0.0197639470 -0.0017039804  0.0017039304 -0.0583779938  0.1562526007 -0.0015698636  0.0015696872 -0.0197632991  0.0346562024 -0.0346550524  0.0017038871  0.0346562867 -0.0017039037  0.0583794016
  0.4000000000  0.6666666667  0.3333333333  1.0000000000  0.0000000000  0.6666666667  0.0583506482  0.0583471072  0.0197210303 -0.0015152906  0.0015152652 -0.0583464040  0.0583502734  0.0197209023 -0.0015153127  0.0015152865 -0.0583462184  0.1583289235 -0.0013025351  0.0013023871 -0.0197201850  0.0346163737 -0.0346151306  0.0015152446  0.0346164879 -0.0015152539  0.0583477392
  0.4000000000  0.6666666667  0.3333333333  1.0000000000  0.0000000000  1.0000000000  0.0583023491  0.0582999736  0.0191694700 -0.0008838949  0.0008838986 -0.0582994666  0.0583022217  0.0191694390 -0.0008838889  0.0008838926 -0.0582994031  0.1649190003 -0.0005387835  0.0005387780 -0.0191690000  0.0341798764 -0.0341790358  0.0008838828  0.0341798871 -0.0008838856  0.0583004179
  0.4000000000  0.6666666667  0.3333333333  1.0000000000  0.3333333333  0.0000000000  0.2963777881  0.0785728760  0.0000000011 -0.0000000000  0.0000000000 -0.0002334327  0.2726788564  0.0000000012 -0.0000000000  0.0000000000 -0.0001017954  0.0000000036 -0.0000000000 -0.0000000000 -0.0000000000  0.0000000011 -0.0000000000 -0.0000000000  0.0000000011 -0.0000000000  0.1004771568
  0.4000000000  0.6666666667  0.3333333333  1.0000000000  0.3333333333  0.3333333333  0.1756503512  0.0568706147  0.0245137455 -0.0000409487 -0.0000177175 -0.0171801159  0.1509303751  0.0236244937 -0.0000557993  0.0000181310 -0.0177560629  0.1330013510 -0.0000304676  0.0000100549 -0.0112229617  0.0262163990 -0.0173371726  0.0000461720  0.0252906164 -0.0000450952  0.0660301143
  0.4000000000  0.6666666667  0.3333333333  1.0000000000  0.3333333333  0.6666666667  0.0629543524  0.0588018768  0.0231579214 -0.0009605417  0.0010776835 -0.0548628588  0.0687514094  0.0236946909 -0.0006822143  0.0008754951 -0.0544771091  0.1724842384 -0.0003159674  0.0009089165 -0.0210194819  0.0371692121 -0.0352136844  0.0009025298  0.0365032247 -0.0009162432  0.0572605298
  0.4000000000  0.6666666667  0.3333333333  1.0000000000  0.3333333333  1.0000000000  0.1628263144  0.0458067581  0.0165103347 -0.0000342913  0.0005369416 -0.0001111340  0.2576806918  0.0482950235 -0.0001240808  0.0003293097 -0.0001504507  0.1536060098  0.0000478189  0.0005789913 -0.0000451899  0.0569753338  0.0000163096  0.0003984094  0.0085186988 -0.0000341800  0.0539143174
  0.4000000000  0.6666666667  0.3333333333  1.0000000000  0.6666666667  0.0000000000  0.2969738756  0.0760940455  0.0000000011 -0.0000000000  0.0000000000  0.0015597694  0.2749156461  0.0000000011  0.0000000000  0.0000000000  0.0016576247  0.0000000036 -0.0000000000 -0.0000000000  0.0000000000  0.0000000011  0.0000000000  0.0000000000  0.0000000011 -0.0000000000  0.1022244740
  0.4000000000  0.6666666667  0.3333333333  1.0000000000  0.6666666667  0.3333333333  0.2960186841  0.0785218921  0.0000000011  0.0000000000  0.0000000000  0.0006208118  0.2725472012  0.0000000012  0.0000000000 -0.0000000000  0.0006728036  0.0000000036 -0.0000000000 -0.0000000000  0.0000000000  0.0000000011 -0.0000000000  0.0000000000  0.0000000011 -0.0000000000  0.1005322201
  0.4000000000  0.6666666667  0.3333333333  1.0000000000  0.6666666667  0.6666666667  0.2082158254  0.0585216371  0.0147082926 -0.0000483404  0.0000064632  0.0023957794  0.2265952007  0.0269063893  0.0001020071  0.0000043364  0.0036607893  0.1053546026  0.0000590227  0.0000487334  0.0007864318  0.0345250459  0.0007873775  0.0000181588  0.0082106144 -0.0000141660  0.0679852068
  0.4000000000  0.6666666667  0.3333333333  1.0000000000  0.6666666667  1.0000000000  0.1628095888  0.0457700148  0.0164977544  0.0000046754 -0.0002442430 -0.0000614600  0.2574425400  0.0482906670  0.0000071876 -0.0001448584 -0.0000878504  0.1535784093 -0.0000011337 -0.0002715586 -0.0000248086  0.0569524025  0.0000084713 -0.0001707308  0.0084905159  0.0000010557  0.0538759183
  0.4000000000  0.6666666667  0.3333333333  1.0000000000  1.0000000000  0.0000000000  0.2952981758  0.0759624834  0.0000000011 -0.0000000000  0.0000000000  0.0033856583  0.2728843255  0.0000000011  0.0000000000  0.0000000000  0.0033099967  0.0000000036  0.0000000000 -0.0000000000  0.0000000000  0.0000000011 -0.0000000000  0.0000000000  0.0000000011 -0.0000000000  0.1019251135
  0.4000000000  0.6666666667  0.3333333333  1.0000000000  1.0000000000  0.3333333333  0.2956336223  0.0755304786  0.0000000011 -0.0000000000  0.0000000000  0.0026771784  0.2721637544  0.0000000011  0.0000000000  0.0000000000  0.0027880438  0.0000000036 -0.0000000000  0.0000000000  0.0000000000  0.0000000011 -0.0000000000  0.0000000000  0.0000000011 -0.0000000000  0.1027118112
  0.4000000000  0.6666666667  0.3333333333  1.0000000000  1.0000000000  0.6666666667  0.2938315957  0.0782306705  0.0000000011  0.0000000000 -0.0000000000  0.0046643830  0.2750154373  0.0000000011  0.0000000000 -0.0000000000  0.0041486519  0.0000000036 -0.0000000000 -0.0000000000  0.0000000001  0.0000000011 -0.0000000000 -0.0000000000  0.0000000011  0.0000000000  0.1005423633
  0.4000000000  0.6666666667  0.3333333333  1.0000000000  1.0000000000  1.0000000000  0.1628132701  0.0456771559  0.0164963588 -0.0000049459 -0.0000969484  0.0000068649  0.2570748104  0.0482752842 -0.0000143438 -0.0000556891  0.0000091765  0.1536353028  0.0000028504 -0.0001085592  0.0000025888  0.0569501513 -0.0000008212 -0.0000663353  0.0084873249 -0.0000033929  0.0538313937
  0.4000000000  0.6666666667  0.6666666667  0.0000000000  0.0000000000  0.0000000000  0.2816564377  0.0000000010  0.0728623688  0.0000000000  0.0043476096  0.0000000000  0.0000000036  0.0000000009  0.0000000000  0.0000000001  0.0000000000  0.2792088537  0.0000000001  0.0047655667 -0.0000000000  0.0000000011 -0.0000000000 -0.0000000000  0.1016836306  0.0000000000  0.0000000011
  0.4000000000  0.6666666667  0.6666666667  0.0000000000  0.0000000000  0.3333333333  0.2817552904  0.0000000011  0.0745015993  0.0000000000  0.0027674132 -0.0000000000  0.0000000036  0.0000000010  0.0000000000  0.0000000000 -0.0000000000  0.2883639660  0.0000000001  0.0030491134 -0.0000000000  0.0000000011 -0.0000000000 -0.0000000000  0.1022690975  0.0000000000  0.0000000011
  0.4000000000  0.6666666667  0.6666666667  0.0000000000  0.0000000000  0.6666666667  0.2823816412  0.0000000011  0.0748782579  0.0000000000  0.0010933275  0.0000000000  0.0000000036  0.0000000011  0.0000000000  0.0000000000  0.0000000000  0.2898574495  0.0000000001  0.0010937636 -0.0000000000  0.0000000011 -0.0000000000 -0.0000000000  0.1022866412  0.0000000000  0.0000000011
  0.4000000000  0.6666666667  0.6666666667  0.0000000000  0.0000000000  1.0000000000  0.2820087853  0.0000000011  0.0759330986 -0.0000000000  0.0001703239 -0.0000000000  0.0000000036  0.0000000011  0.0000000000  0.0000000000  0.0000000000  0.2915090696  0.0000000000  0.0001765583 -0.0000000000  0.0000000011 -0.0000000000 -0.0000000000  0.1019169303  0.0000000000  0.0000000011
  0.4000000000  0.6666666667  0.6666666667  0.0000000000  0.3333333333  0.0000000000  0.1051818311  0.0273391015  0.0506841649  0.0010255610  0.0470736150  0.0013558008  0.1671561535  0.0240281849  0.0004245791  0.0195645775  0.0011460482  0.0601873402  0.0003193338  0.0496462225  0.0000352514  0.0345596339  0.0007130819  0.0310881478  0.0518743440  0.0006207854  0.0377823665
  0.4000000000  0.6666666667  0.6666666667  0.0000000000  0.3333333333  0.3333333333  0.2814273885  0.0000000011  0.0755085876 -0.0000000000  0.0023509940  0.0000000000  0.0000000036  0.0000000011  0.0000000000  0.0000000000 -0.0000000000  0.2891990906  0.0000000000  0.0026512149  0.0000000000  0.0000000011  0.0000000000 -0.0000000000  0.1018903776  0.0000000000  0.0000000011
  0.4000000000  0.6666666667  0.6666666667  0.0000000000  0.3333333333  0.6666666667  0.2816728124  0.0000000011  0.0750335509  0.0000000000  0.0017295673  0.0000000000  0.0000000036  0.0000000011  0.0000000000  0.0000000000  0.0000000000  0.2903114711  0.0000000000  0.0018794919  0.0000000000  0.0000000011 -0.0000000000 -0.0000000000  0.1024619095  0.0000000000  0.0000000011
  0.4000000000  0.6666666667  0.6666666667  0.0000000000  0.3333333333  1.0000000000  0.2821943748  0.0000000011  0.0758999853  0.0000000000  0.0000814676 -0.0000000000  0.0000000036  0.0000000011  0.0000000000  0.0000000000  0.0000000000  0.2914725657  0.0000000000  0.0000814730 -0.0000000000  0.0000000011 -0.0000000000  0.0000000000  0.1020186313  0.0000000000  0.0000000011
  0.4000000000  0.6666666667  0.6666666667  0.0000000000  0.6666666667  0.0000000000  0.2986501157  0.0764749002  0.0000000011 -0.0000000000 -0.0000000000  0.0031193253  0.2747388166  0.0000000011 -0.0000000000  0.0000000000  0.0028546832  0.0000000036  0.0000000000 -0.0000000000  0.0000000000  0.0000000011 -0.0000000000  0.0000000000  0.0000000011 -0.0000000000  0.1005549213
  0.4000000000  0.6666666667  0.6666666667  0.0000000000  0.6666666667  0.3333333333  0.1523798385  0.0177692058  0.0481156744 -0.0000134380 -0.0000045782  0.0022038283  0.1616687880  0.0453700660 -0.0000620860 -0.0000139393  0.0020242290  0.2532401917 -0.0000345561  0.0000038038  0.0011298284  0.0535665126  0.0010390214  0.0000128818  0.0569178846  0.0000052402  0.0087724899
  0.4000000000  0.6666666667  0.6666666667  0.0000000000  0.6666666667  0.6666666667  0.1535986997  0.0165018426  0.0482943277  0.0000067675 -0.0000060292  0.0004170711  0.1628005880  0.0457472381  0.0000165402  0.0000067999  0.0003813511  0.2573967099  0.0000264157  0.0000191566  0.0002259752  0.0538642816  0.0002657420  0.0000048258  0.0569597237 -0.0000023890  0.0084907343
  0.4000000000  0.6666666667  0.6666666667  0.0000000000  0.6666666667  1.0000000000  0.1536077900  0.0165100722  0.0482931679  0.0000438979  0.0000474512 -0.0005666023  0.1628296670  0.0458084502  0.0001076140 -0.0000325189 -0.0005261446  0.2576797452  0.0001438445 -0.0001205924 -0.0003222660  0.0539148544 -0.0003904964 -0.0000336621  0.0569735703 -0.0000158691  0.0085186596
  0.4000000000  0.6666666667  0.6666666667  0.0000000000  1.0000000000  0.0000000000  0.1164334755  0.0357265044  0.0398539604 -0.0000120432  0.0305651971  0.0248297913  0.1186593269  0.0412625862 -0.0287186718  0.0030543024  0.0244863376  0.0868010348 -0.0309537927  0.0323993856  0.0006331825  0.0383823142  0.0024534610  0.0073206676  0.0375189858 -0.0028444522  0.0372995170
  0.4000000000  0.6666666667  0.6666666667  0.0000000000  1.0000000000  0.3333333333  0.1537249261  0.0165538841  0.0482884655 -0.0000071933  0.0000024127  0.0006512812  0.1628570090  0.0456625032 -0.0000138071 -0.0000067345  0.0005857812  0.2570495057 -0.0000303867 -0.0000138231  0.0003142624  0.0538435145  0.0003833964 -0.0000039994  0.0569845284  0.0000022113  0.0085306568
  0.4000000000  0.6666666667  0.6666666667  0.0000000000  1.0000000000  0.6666666667  0.1536971856  0.0165375767  0.0482863835 -0.0000010221  0.0000008160  0.0005659732  0.1628415171  0.0456694263 -0.0000015216 -0.0000020733  0.0005098985  0.2570750231 -0.0000051579 -0.0000049454  0.0002762790  0.0538405776  0.0003350838 -0.0000013214  0.0569753950  0.0000002957  0.0085175098
  0.4000000000  0.6666666667  0.6666666667  0.0000000000  1.0000000000  1.0000000000  0.1536075316  0.0165102824  0.0482945901  0.0000363385  0.0000441368 -0.0004792954  0.1628403644  0.0458234984  0.0000879934 -0.0000278204 -0.0004466059  0.2577129994  0.0001152147 -0.0001072336 -0.0002736907  0.0539188130 -0.0003318829 -0.0000307536  0.0569683583 -0.0000131628  0.0085171820
  0.4000000000  0.6666666667  0.6666666667  0.3333333333  0.0000000000  0.0000000000  0.2741912957  0.0000000011  0.0783783987  0.0000000000  0.0058514095 -0.0000000000  0.0000000036  0.0000000011 -0.0000000000  0.0000000001 -0.0000000000  0.2867896278  0.0000000000  0.0062347045  0.0000000000  0.0000000011  0.0000000000 -0.0000000000  0.1009414927  0.0000000000  0.0000000011
  0.4000000000  0.6666666667  0.6666666667  0.3333333333  0.0000000000  0.3333333333  0.2782973370  0.0000000011  0.0751169454  0.0000000000  0.0039850134  0.0000000000  0.0000000036  0.0000000011  0.0000000000  0.0000000001 -0.0000000000  0.2909065060  0.0000000000  0.0044409532  0.0000000000  0.0000000011  0.0000000000 -0.0000000000  0.1019949590 -0.0000000000  0.0000000011
  0.4000000000  0.6666666667  0.6666666667  0.3333333333  0.0000000000  0.6666666667  0.2800587325  0.0000000011  0.0754617424 -0.0000000000  0.0026191090  0.0000000000  0.0000000036  0.0000000011 -0.0000000000  0.0000000000  0.0000000000  0.2913573414  0.0000000000  0.0029192772  0.0000000000  0.0000000011  0.0000000000 -0.0000000000  0.1020356713 -0.0000000000  0.0000000011
  0.4000000000  0.6666666667  0.6666666667  0.3333333333  0.0000000000  1.0000000000  0.2772547119  0.0000000011  0.0758350098  0.0000000000  0.0012069847  0.0000000000  0.0000000036  0.0000000011 -0.0000000000  0.0000000000  0.0000000000  0.2953707416  0.0000000000  0.0010306602 -0.0000000000  0.0000000011 -0.0000000000 -0.0000000000  0.1021424182  0.0000000000  0.0000000011
  0.4000000000  0.6666666667  0.6666666667  0.3333333333  0.3333333333  0.0000000000  0.2783700919  0.0000000010  0.0741511481 -0.0000000000  0.0045485874 -0.0000000000  0.0000000036  0.0000000010 -0.0000000000  0.0000000001 -0.0000000000  0.2879380362 -0.0000000001  0.0048386952  0.0000000000  0.0000000011  0.0000000000 -0.0000000000  0.1020719064 -0.0000000000  0.0000000011
  0.4000000000  0.6666666667  0.6666666667  0.3333333333  0.3333333333  0.3333333333  0.2763803032  0.0000000011  0.0777897802 -0.0000000000  0.0048953465  0.0000000000  0.0000000036  0.0000000011 -0.0000000000  0.0000000001 -0.0000000000  0.2893613831 -0.0000000000  0.0053102535  0.0000000000  0.0000000011  0.0000000000 -0.0000000000  0.1007412857 -0.0000000000  0.0000000011
  0.4000000000  0.6666666667  0.6666666667  0.3333333333  0.3333333333  0.6666666667  0.2755558823  0.0000000011  0.0785605819 -0.0000000000  0.0044524546 -0.0000000000  0.0000000036  0.0000000011 -0.0000000000  0.0000000001 -0.0000000000  0.2913951311  0.0000000000  0.0049174387  0.0000000000  0.0000000011 -0.0000000000 -0.0000000000  0.1005872784  0.0000000000  0.0000000011
  0.4000000000  0.6666666667  0.6666666667  0.3333333333  0.3333333333  1.0000000000  0.2781908805  0.0000000011  0.0757719620  0.0000000000  0.0018363054  0.0000000000  0.0000000036  0.0000000010  0.0000000000  0.0000000000 -0.0000000000  0.2941944721  0.0000000001  0.0017700958 -0.0000000000  0.0000000011 -0.0000000000 -0.0000000000  0.1021041226  0.0000000000  0.0000000011
  0.4000000000  0.6666666667  0.6666666667  0.3333333333  0.6666666667  0.0000000000  0.0594131888  0.0185238094  0.0594092175  0.0000020551  0.0594081162  0.0000020243  0.1575145901  0.0185238710  0.0000260625  0.0185231783  0.0000254204  0.0594135247  0.0000022082  0.0594082842  0.0000021771  0.0337961082  0.0000021747  0.0337945360  0.0594100533  0.0000020300  0.0337961168
  0.4000000000  0.6666666667  0.6666666667  0.3333333333  0.6666666667  0.3333333333  0.2764591407  0.0000000011  0.0777749002 -0.0000000000  0.0048386578  0.0000000000  0.0000000036  0.0000000011 -0.0000000000  0.0000000001 -0.0000000000  0.2895422149 -0.0000000000  0.0052570521  0.0000000000  0.0000000011  0.0000000000 -0.0000000000  0.1007502790 -0.0000000000  0.0000000011
  0.4000000000  0.6666666667  0.6666666667  0.3333333333  0.6666666667  0.6666666667  0.2744411708  0.0000000011  0.0784902109 -0.0000000000  0.0035125108  0.0000000000  0.0000000036  0.0000000011 -0.0000000000  0.0000000000 -0.0000000000  0.2924298017  0.0000000000  0.0034462550  0.0000000000  0.0000000011  0.0000000000 -0.0000000000  0.1005992230 -0.0000000000  0.0000000011
  0.4000000000  0.6666666667  0.6666666667  0.3333333333  0.6666666667  1.0000000000  0.2729444198  0.0000000012  0.0785313276  0.0000000000  0.0003984005  0.0000000000  0.0000000036  0.0000000011 -0.0000000000  0.0000000000 -0.0000000000  0.2961311923  0.0000000000  0.0002417911  0.0000000000  0.0000000011  0.0000000000 -0.0000000000  0.1004460211  0.0000000000  0.0000000011
  0.4000000000  0.6666666667  0.6666666667  0.3333333333  1.0000000000  0.0000000000  0.1161865617  0.0355197834  0.0409630351 -0.0014217138  0.0295189153  0.0237270494  0.1287544348  0.0393271346 -0.0273082837  0.0021378567  0.0235627684  0.0865940560 -0.0294332664  0.0311636682  0.0014361488  0.0365050463  0.0024937038  0.0053186192  0.0379141516 -0.0047242040  0.0367831966
  0.4000000000  0.6666666667  0.6666666667  0.3333333333  1.0000000000  0.3333333333  0.1536994670  0.0166144359  0.0481557753 -0.0000366429 -0.0000392906  0.0016639430  0.1627152601  0.0450991990 -0.0001201875 -0.0000089315  0.0015502450  0.2557344824 -0.0000108212  0.0000282677  0.0008982062  0.0536080384  0.0010956652  0.0000374125  0.0570217595  0.0000134798  0.0086053219
  0.4000000000  0.6666666667  0.6666666667  0.3333333333  1.0000000000  0.6666666667  0.1536271460  0.0164991324  0.0482845378  0.0000013599 -0.0000085262  0.0002629068  0.1628064363  0.0456927478  0.0000046752  0.0000095746  0.0002379115  0.2571640363  0.0000058811  0.0000295268  0.0001326799  0.0538382602  0.0001587452  0.0000073694  0.0569564817 -0.0000007304  0.0084880985
  0.4000000000  0.6666666667  0.6666666667  0.3333333333  1.0000000000  1.0000000000  0.1535819415  0.0165107565  0.0482915730  0.0000414425  0.0000516318 -0.0006782321  0.1628144052  0.0457811226  0.0000989948 -0.0000343085 -0.0006329313  0.2576608309  0.0001490892 -0.0001327530 -0.0003885107  0.0539042335 -0.0004700812 -0.0000390951  0.0569786450 -0.0000144814  0.0085196141
  0.4000000000  0.6666666667  0.6666666667  0.6666666667  0.0000000000  0.0000000000  0.2709646311  0.0000000011  0.0770507198 -0.0000000000  0.0063235039  0.0000000000  0.0000000036  0.0000000011 -0.0000000000  0.0000000000 -0.0000000000  0.2878106977 -0.0000000000  0.0069588687  0.0000000000  0.0000000011  0.0000000000 -0.0000000000  0.1014106620 -0.0000000000  0.0000000011
  0.4000000000  0.6666666667  0.6666666667  0.6666666667  0.0000000000  0.3333333333  0.2730819446  0.0000000011  0.0752571643  0.0000000000  0.0044420361  0.0000000000  0.0000000036  0.0000000011  0.0000000000  0.0000000001 -0.0000000000  0.2948497987  0.0000000000  0.0046535983 -0.0000000000  0.0000000011 -0.0000000000 -0.0000000000  0.1019171263  0.0000000000  0.0000000011
  0.4000000000  0.6666666667  0.6666666667  0.6666666667  0.0000000000  0.6666666667  0.2723787184  0.0000000011  0.0765430323  0.0000000000  0.0028014150  0.0000000000  0.0000000036  0.0000000011  0.0000000000  0.0000000000 -0.0000000000  0.2959383166  0.0000000000  0.0028071412 -0.0000000000  0.0000000011 -0.0000000000 -0.0000000000  0.1020558797  0.0000000000  0.0000000011
  0.4000000000  0.6666666667  0.6666666667  0.6666666667  0.0000000000  1.0000000000  0.2727722917  0.0000000011  0.0763091208  0.0000000000  0.0020025169  0.0000000000  0.0000000036  0.0000000011 -0.0000000000  0.0000000000  0.0000000000  0.2963261509  0.0000000000  0.0018336261 -0.0000000000  0.0000000011 -0.0000000000 -0.0000000000  0.1027102450  0.0000000000  0.0000000011
  0.4000000000  0.6666666667  0.6666666667  0.6666666667  0.3333333333  0.0000000000  0.0586776119  0.0189257856  0.0586737582 -0.0014938978  0.0586727630 -0.0014938967  0.1592088250  0.0189258170 -0.0006917031  0.0189252561 -0.0006915816  0.0586778648 -0.0014939779  0.0586728902 -0.0014939772  0.0340869234 -0.0014938718  0.0340854377  0.0586746381 -0.0014938513  0.0340869765
  0.4000000000  0.6666666667  0.6666666667  0.6666666667  0.3333333333  0.3333333333  0.2719447886  0.0000000011  0.0790475556 -0.0000000000  0.0054940185 -0.0000000000  0.0000000036  0.0000000011 -0.0000000000  0.0000000001 -0.0000000000  0.2900989119  0.0000000000  0.0063349501  0.0000000000  0.0000000011 -0.0000000000 -0.0000000000  0.1013462134  0.0000000000  0.0000000011
  0.4000000000  0.6666666667  0.6666666667  0.6666666667  0.3333333333  0.6666666667  0.2670287675  0.0000000011  0.0784043988  0.0000000000  0.0049875719  0.0000000000  0.0000000036  0.0000000010  0.0000000000  0.0000000001 -0.0000000000  0.2924329786  0.0000000000  0.0052424763 -0.0000000000  0.0000000011 -0.0000000000 -0.0000000000  0.1013563951  0.0000000000  0.0000000011
  0.4000000000  0.6666666667  0.6666666667  0.6666666667  0.3333333333  1.0000000000  0.2728402069  0.0000000011  0.0763123659  0.0000000000  0.0019300627  0.0000000000  0.0000000036  0.0000000011 -0.0000000000  0.0000000000  0.0000000000  0.2966510375  0.0000000000  0.0017551609 -0.0000000000  0.0000000011 -0.0000000000 -0.0000000000  0.1026766502  0.0000000000  0.0000000011
  0.4000000000  0.6666666667  0.6666666667  0.6666666667  0.6666666667  0.0000000000  0.0585698863  0.0191162520  0.0585669231 -0.0011707137  0.0585661764 -0.0011706895  0.1621236084  0.0191162672 -0.0006561592  0.0191157783 -0.0006561076  0.0585700177 -0.0011707434  0.0585662447 -0.0011707190  0.0341705447 -0.0011706824  0.0341694458  0.0585675471 -0.0011706705  0.0341706001
  0.4000000000  0.6666666667  0.6666666667  0.6666666667  0.6666666667  0.3333333333  0.2565736455  0.0481262493  0.0450518178 -0.0012846541  0.0003073896 -0.0002182269  0.1530585690  0.0164824673 -0.0022177058  0.0000781521  0.0000229835  0.1623117013 -0.0021111234  0.0001329747 -0.0000568766  0.0085399913 -0.0000504346 -0.0000156932  0.0536162970 -0.0015404989  0.0570614246
  0.4000000000  0.6666666667  0.6666666667  0.6666666667  0.6666666667  0.6666666667  0.2741599450  0.0000000011  0.0784979388 -0.0000000000  0.0042281648  0.0000000000  0.0000000036  0.0000000011 -0.0000000000  0.0000000001 -0.0000000000  0.2934254007  0.0000000000  0.0048694494  0.0000000000  0.0000000011  0.0000000000 -0.0000000000  0.1007851374 -0.0000000000  0.0000000011
  0.4000000000  0.6666666667  0.6666666667  0.6666666667  0.6666666667  1.0000000000  0.2725596788  0.0000000012  0.0785084018  0.0000000000  0.0003169238  0.0000000000  0.0000000036  0.0000000012 -0.0000000000  0.0000000000  0.0000000000  0.2968100645  0.0000000000  0.0002943336  0.0000000000  0.0000000011  0.0000000000 -0.0000000000  0.1003662504  0.0000000000  0.0000000011
  0.4000000000  0.6666666667  0.6666666667  0.6666666667  1.0000000000  0.0000000000  0.2948111886  0.0756321120  0.0000000011 -0.0000000000 -0.0000000000  0.0032364447  0.2752785505  0.0000000011 -0.0000000000  0.0000000000  0.0030458999  0.0000000037 -0.0000000000  0.0000000000  0.0000000000  0.0000000011 -0.0000000000  0.0000000000  0.0000000011 -0.0000000000  0.1007075812
  0.4000000000  0.6666666667  0.6666666667  0.6666666667  1.0000000000  0.3333333333  0.2574349562  0.0506143506  0.0388039350 -0.0032511230  0.0009439957  0.0003585027  0.1599386582  0.0178521635 -0.0041264920 -0.0000544385  0.0000950758  0.1385059659 -0.0067363517  0.0003873152 -0.0000819776  0.0097078283 -0.0000592446 -0.0000286111  0.0469348546 -0.0034879122  0.0602371201
  0.4000000000  0.6666666667  0.6666666667  0.6666666667  1.0000000000  0.6666666667  0.2576792523  0.0482848787  0.0458004015 -0.0003689135  0.0001543827 -0.0001386349  0.1536092817  0.0165120336 -0.0006547720  0.0000470081  0.0000574386  0.1628365807 -0.0006101836  0.0001134729 -0.0000350935  0.0085272063 -0.0000411385 -0.0000170214  0.0539180361 -0.0004512762  0.0569754055
  0.4000000000  0.6666666667  0.6666666667  0.6666666667  1.0000000000  1.0000000000  0.2570215765  0.0482827641  0.0456605322  0.0002683278 -0.0000199265 -0.0000127565  0.1537293587  0.0165472314  0.0005659933 -0.0000046154  0.0000018486  0.1628620112  0.0005084774 -0.0000091680 -0.0000055238  0.0085275320 -0.0000034508  0.0000014484  0.0538399648  0.0003286705  0.0569772614
  0.4000000000  0.6666666667  0.6666666667  1.0000000000  0.0000000000  0.0000000000  0.0411605401  0.0163329837  0.0409813234 -0.0146877709  0.0409445294 -0.0146881341  0.0386516972  0.0163414532 -0.0187219729  0.0162983778 -0.0187253708  0.0411823530 -0.0146891676  0.0409554035 -0.0146956442  0.0246431468 -0.0146806410  0.0245471758  0.0410355730 -0.0146847215  0.0246515441
  0.4000000000  0.6666666667  0.6666666667  1.0000000000  0.0000000000  0.3333333333  0.2660392700  0.0000000011  0.0785745039  0.0000000000  0.0046617787  0.0000000000  0.0000000036  0.0000000010 -0.0000000000  0.0000000001 -0.0000000000  0.2936908561  0.0000000000  0.0051607590 -0.0000000000  0.0000000011 -0.0000000000 -0.0000000000  0.1013502590  0.0000000000  0.0000000011
  0.4000000000  0.6666666667  0.6666666667  1.0000000000  0.0000000000  0.6666666667  0.2723454772  0.0000000012  0.0784890459 -0.0000000000  0.0000744818  0.0000000000  0.0000000036  0.0000000012 -0.0000000000  0.0000000000 -0.0000000000  0.2975403895 -0.0000000000  0.0001422938  0.0000000000  0.0000000011 -0.0000000000 -0.0000000000  0.1002237200  0.0000000000  0.0000000011
  0.4000000000  0.6666666667  0.6666666667  1.0000000000  0.0000000000  1.0000000000  0.2723918459  0.0000000012  0.0784827841  0.0000000000 -0.0000131999  0.0000000000  0.0000000036  0.0000000012 -0.0000000000  0.0000000000 -0.0000000000  0.2976794832  0.0000000000 -0.0000501216  0.0000000000  0.0000000011 -0.0000000000 -0.0000000000  0.1001717447  0.0000000000  0.0000000011
  0.4000000000  0.6666666667  0.6666666667  1.0000000000  0.3333333333  0.0000000000  0.0571162834  0.0199654450  0.0571133432 -0.0031429800  0.0571125613 -0.0031429767  0.1501375055  0.0199654855 -0.0025481054  0.0199648169 -0.0025481545  0.0571166672 -0.0031429862  0.0571127489 -0.0031429796  0.0340454023 -0.0031428992  0.0340441051  0.0571140091 -0.0031429390  0.0340452801
  0.4000000000  0.6666666667  0.6666666667  1.0000000000  0.3333333333  0.3333333333  0.2564220872  0.0480732997  0.0448659570 -0.0015425788  0.0002645743 -0.0001757858  0.1529388660  0.0165292870 -0.0026529697  0.0000693506  0.0000067518  0.1622136326 -0.0025325316  0.0001089528 -0.0000434419  0.0085756323 -0.0000384395 -0.0000121925  0.0535519482 -0.0018344586  0.0570869812
  0.4000000000  0.6666666667  0.6666666667  1.0000000000  0.3333333333  0.6666666667  0.2576512809  0.0482784806  0.0457800467 -0.0004186265  0.0001395698 -0.0001257728  0.1535621515  0.0165112798 -0.0007293815  0.0000388387  0.0000525869  0.1628269724 -0.0006894915  0.0000920091 -0.0000294009  0.0085228729 -0.0000408435 -0.0000135596  0.0539067689 -0.0005070273  0.0569697823
  0.4000000000  0.6666666667  0.6666666667  1.0000000000  0.3333333333  1.0000000000  0.2724666104  0.0000000012  0.0784763345  0.0000000000 -0.0000156197  0.0000000000  0.0000000036  0.0000000012 -0.0000000000  0.0000000000 -0.0000000000  0.2976788013  0.0000000000 -0.0000376903  0.0000000000  0.0000000011 -0.0000000000 -0.0000000000  0.1001306864  0.0000000000  0.0000000011
  0.4000000000  0.6666666667  0.6666666667  1.0000000000  0.6666666667  0.0000000000  0.0564273627  0.0207485931  0.0564242083 -0.0032173967  0.0564233575 -0.0032174126  0.1492649536  0.0207485356 -0.0025796987  0.0207478558 -0.0025800429  0.0564277538 -0.0032172592  0.0564235448 -0.0032172686  0.0340822206 -0.0032172947  0.0340808221  0.0564248612 -0.0032172556  0.0340821792
  0.4000000000  0.6666666667  0.6666666667  1.0000000000  0.6666666667  0.3333333333  0.2559662938  0.0507263614  0.0373519696 -0.0044921660  0.0012259036  0.0003778706  0.1587077640  0.0195257679 -0.0060685512 -0.0001373950  0.0001628945  0.1314377577 -0.0097921214  0.0009235422 -0.0000509198  0.0103330551  0.0000339939  0.0000200430  0.0460049140 -0.0048200589  0.0606801424
  0.4000000000  0.6666666667  0.6666666667  1.0000000000  0.6666666667  0.6666666667  0.2564731160  0.0481619469  0.0451252513 -0.0011374215 -0.0001230367  0.0001104978  0.1531989892  0.0165075281 -0.0019509794 -0.0000181555 -0.0000279261  0.1624347192 -0.0018588731 -0.0000125654  0.0000255847  0.0085102703  0.0000377878  0.0000019851  0.0536034147 -0.0013408709  0.0570208294
  0.4000000000  0.6666666667  0.6666666667  1.0000000000  0.6666666667  1.0000000000  0.2573658009  0.0482847990  0.0457535125 -0.0000374448 -0.0000008991  0.0000371495  0.1535718121  0.0164894740 -0.0000650840 -0.0000002576 -0.0000143107  0.1628115642 -0.0000597544 -0.0000004385  0.0000107947  0.0084833713  0.0000106062  0.0000001267  0.0538664527 -0.0000439088  0.0569453093
  0.4000000000  0.6666666667  0.6666666667  1.0000000000  1.0000000000  0.0000000000  0.2929301914  0.0749080511  0.0000000010 -0.0000000000  0.0000000000  0.0045199706  0.2755583822  0.0000000011  0.0000000000  0.0000000000  0.0043149203  0.0000000036 -0.0000000000  0.0000000000  0.0000000001  0.0000000011 -0.0000000000  0.0000000000  0.0000000011 -0.0000000000  0.1021225219
  0.4000000000  0.6666666667  0.6666666667  1.0000000000  1.0000000000  0.3333333333  0.2934736587  0.0780550081  0.0000000011 -0.0000000000  0.0000000000  0.0047857113  0.2752480167  0.0000000011 -0.0000000000  0.0000000000  0.0043212252  0.0000000036 -0.0000000000 -0.0000000000  0.0000000001  0.0000000011 -0.0000000000  0.0000000000  0.0000000011 -0.0000000000  0.1006214772
  0.4000000000  0.6666666667  0.6666666667  1.0000000000  1.0000000000  0.6666666667  0.2569596194  0.0512597471  0.0361831871 -0.0026639769  0.0010967483  0.0007788738  0.1642427376  0.0164254309 -0.0034271038 -0.0000134442  0.0001322137  0.1312186933 -0.0061222890  0.0010001842  0.0001634902  0.0096160228  0.0001729541  0.0000199090  0.0448101905 -0.0025469042  0.0614031992
  0.4000000000  0.6666666667  0.6666666667  1.0000000000  1.0000000000  1.0000000000  0.2573785400  0.0482959712  0.0457440514 -0.0000362240 -0.0000189277  0.0000801902  0.1535877721  0.0164915637 -0.0000574620 -0.0000057031 -0.0000275386  0.1628068130 -0.0000540645 -0.0000131179  0.0000247192  0.0084851960  0.0000207304  0.0000018152  0.0538624310 -0.0000423835  0.0569561260
  0.4000000000  0.6666666667  1.0000000000  0.0000000000  0.0000000000  0.0000000000  0.2667182948  0.0000000010  0.0782347605  0.0000000000  0.0057811323 -0.0000000000  0.0000000036  0.0000000010  0.0000000000  0.0000000001 -0.0000000000  0.2907020151  0.0000000000  0.0059372927 -0.0000000000  0.0000000011 -0.0000000000 -0.0000000000  0.1017028985  0.0000000000  0.0000000011
  0.4000000000  0.6666666667  1.0000000000  0.0000000000  0.0000000000  0.3333333333  0.2719315333  0.0000000011  0.0790615096 -0.0000000000  0.0054971817 -0.0000000000  0.0000000036  0.0000000011 -0.0000000000  0.0000000000 -0.0000000000  0.2896001420  0.0000000000  0.0063048154  0.0000000000  0.0000000011 -0.0000000000 -0.0000000000  0.1013682944  0.0000000000  0.0000000011
  0.4000000000  0.6666666667  1.0000000000  0.0000000000  0.0000000000  0.6666666667  0.2809643950  0.0000000011  0.0752536736  0.0000000000  0.0017108557 -0.0000000000  0.0000000036  0.0000000011 -0.0000000000  0.0000000000 -0.0000000000  0.2913287223  0.0000000000  0.0019309219 -0.0000000000  0.0000000011 -0.0000000000  0.0000000000  0.1023506374  0.0000000000  0.0000000011
  0.4000000000  0.6666666667  1.0000000000  0.0000000000  0.0000000000  1.0000000000  0.2825544842  0.0000000011  0.0750088308  0.0000000000 -0.0000000000 -0.0000000000  0.0000000036  0.0000000011  0.0000000000 -0.0000000000 -0.0000000000  0.2901291299  0.0000000001 -0.0000000000  0.0000000000  0.0000000011 -0.0000000000 -0.0000000000  0.1021984147  0.0000000000  0.0000000011
  0.4000000000  0.6666666667  1.0000000000  0.0000000000  0.3333333333  0.0000000000  0.0585201962  0.0186970647  0.0585164436  0.0019901110  0.0585152439  0.0019901339  0.1476676035  0.0186969839  0.0009371389  0.0186963830  0.0009381055  0.0585208048  0.0019897999  0.0585155446  0.0019898229  0.0333999700  0.0019898486  0.0333983841  0.0585171804  0.0019899672  0.0333999007
  0.4000000000  0.6666666667  1.0000000000  0.0000000000  0.3333333333  0.3333333333  0.2726707406  0.0000000011  0.0789416601 -0.0000000000  0.0050963548 -0.0000000000  0.0000000036  0.0000000011 -0.0000000000  0.0000000001 -0.0000000000  0.2907352951  0.0000000000  0.0058762929  0.0000000000  0.0000000011  0.0000000000 -0.0000000000  0.1011441721  0.0000000000  0.0000000011
  0.4000000000  0.6666666667  1.0000000000  0.0000000000  0.3333333333  0.6666666667  0.2805660202  0.0000000011  0.0753423520  0.0000000000  0.0017321935 -0.0000000000  0.0000000036  0.0000000011  0.0000000000  0.0000000000 -0.0000000000  0.2920510631  0.0000000000  0.0019374284 -0.0000000000  0.0000000011 -0.0000000000  0.0000000000  0.1022603061  0.0000000000  0.0000000011
  0.4000000000  0.6666666667  1.0000000000  0.0000000000  0.3333333333  1.0000000000  0.2808354512  0.0000000011  0.0755521678  0.0000000000 -0.0000000000 -0.0000000000  0.0000000036  0.0000000011  0.0000000000 -0.0000000000 -0.0000000000  0.2912769218  0.0000000000 -0.0000000000 -0.0000000000  0.0000000011 -0.0000000000 -0.0000000000  0.1021603800  0.0000000000  0.0000000011
  0.4000000000  0.6666666667  1.0000000000  0.0000000000  0.6666666667  0.0000000000  0.0585767636  0.0194185691  0.0585734905  0.0019733868  0.0585726035  0.0019733952  0.1536699719  0.0194185524  0.0016330317  0.0194180561  0.0016330926  0.0585771102  0.0019734307  0.0585727762  0.0019734387  0.0344542596  0.0019733496  0.0344529747  0.0585742123  0.0019733697  0.0344542826
  0.4000000000  0.6666666667  1.0000000000  0.0000000000  0.6666666667  0.3333333333  0.2732711037  0.0000000011  0.0787974465 -0.0000000000  0.0047437201 -0.0000000000  0.0000000036  0.0000000011 -0.0000000000  0.0000000001 -0.0000000000  0.2914358732  0.0000000000  0.0054693344  0.0000000000  0.0000000011  0.0000000000 -0.0000000000  0.1010005097  0.0000000000  0.0000000011
  0.4000000000  0.6666666667  1.0000000000  0.0000000000  0.6666666667  0.6666666667  0.2799049636  0.0000000011  0.0755647733  0.0000000000  0.0016004428 -0.0000000000  0.0000000036  0.0000000011  0.0000000000  0.0000000000 -0.0000000000  0.2930809835  0.0000000000  0.0017626418 -0.0000000000  0.0000000011 -0.0000000000 -0.0000000000  0.1021371163  0.0000000000  0.0000000011
  0.4000000000  0.6666666667  1.0000000000  0.0000000000  0.6666666667  1.0000000000  0.2808067225  0.0000000011  0.0756360005  0.0000000000 -0.0000000000 -0.0000000000  0.0000000036  0.0000000011  0.0000000000  0.0000000000 -0.0000000000  0.2915376452  0.0000000000 -0.0000000000 -0.0000000000  0.0000000011 -0.0000000000 -0.0000000000  0.1021259603  0.0000000000  0.0000000011
  0.4000000000  0.6666666667  1.0000000000  0.0000000000  1.0000000000  0.0000000000  0.0584917345  0.0194017677  0.0584888159  0.0016888640  0.0584879926  0.0016888611  0.1586530456  0.0194018377  0.0013808970  0.0194012292  0.0013809939  0.0584921318  0.0016888631  0.0584881876  0.0016888602  0.0343304196  0.0016888152  0.0343292097  0.0584894397  0.0016888318  0.0343303433
  0.4000000000  0.6666666667  1.0000000000  0.0000000000  1.0000000000  0.3333333333  0.2742093379  0.0000000011  0.0784859098 -0.0000000000  0.0043891642  0.0000000000  0.0000000036  0.0000000011 -0.0000000000  0.0000000001 -0.0000000000  0.2922484856  0.0000000000  0.0050512515  0.0000000000  0.0000000011  0.0000000000 -0.0000000000  0.1009277721 -0.0000000000  0.0000000011
  0.4000000000  0.6666666667  1.0000000000  0.0000000000  1.0000000000  0.6666666667  0.2791540805  0.0000000011  0.0756953551  0.0000000000  0.0015797105  0.0000000000  0.0000000036  0.0000000011  0.0000000000  0.0000000000 -0.0000000000  0.2935435940  0.0000000001  0.0015442142 -0.0000000000  0.0000000011 -0.0000000000 -0.0000000000  0.1020926632  0.0000000000  0.0000000011
  0.4000000000  0.6666666667  1.0000000000  0.0000000000  1.0000000000  1.0000000000  0.2827597809  0.0000000011  0.0749887099  0.0000000000 -0.0000000000 -0.0000000000  0.0000000036  0.0000000010  0.0000000000 -0.0000000000 -0.0000000000  0.2899555748  0.0000000001 -0.0000000000 -0.0000000000  0.0000000011 -0.0000000000 -0.0000000000  0.1022159756  0.0000000000  0.0000000011
  0.4000000000  0.6666666667  1.0000000000  0.3333333333  0.0000000000  0.0000000000  0.2660284136  0.0000000011  0.0789038882 -0.0000000000  0.0069480167 -0.0000000000  0.0000000036  0.0000000011 -0.0000000000  0.0000000001 -0.0000000000  0.2871731335  0.0000000000  0.0076073198  0.0000000000  0.0000000011 -0.0000000000 -0.0000000000  0.1013496976  0.0000000000  0.0000000011
  0.4000000000  0.6666666667  1.0000000000  0.3333333333  0.0000000000  0.3333333333  0.2664089291  0.0000000010  0.0783160525  0.0000000000  0.0056197451 -0.0000000000  0.0000000036  0.0000000010  0.0000000000  0.0000000001 -0.0000000000  0.2910061229  0.0000000000  0.0057900426 -0.0000000000  0.0000000011 -0.0000000000 -0.0000000000  0.1017709034  0.0000000000  0.0000000011
  0.4000000000  0.6666666667  1.0000000000  0.3333333333  0.0000000000  0.6666666667  0.2686910667  0.0000000011  0.0781435937  0.0000000000  0.0036473713  0.0000000000  0.0000000036  0.0000000011  0.0000000000  0.0000000000 -0.0000000000  0.2937023657  0.0000000000  0.0038258846 -0.0000000000  0.0000000011 -0.0000000000 -0.0000000000  0.1016906983  0.0000000000  0.0000000011
  0.4000000000  0.6666666667  1.0000000000  0.3333333333  0.0000000000  1.0000000000  0.2727524594  0.0000000012  0.0785733248  0.0000000000  0.0000633669  0.0000000000  0.0000000036  0.0000000011 -0.0000000000  0.0000000000 -0.0000000000  0.2958216673  0.0000000000  0.0000996880  0.0000000000  0.0000000011  0.0000000000 -0.0000000000  0.1006072119 -0.0000000000  0.0000000011
  0.4000000000  0.6666666667  1.0000000000  0.3333333333  0.3333333333  0.0000000000  0.2669068505  0.0000000011  0.0742165036 -0.0000000000  0.0065891908 -0.0000000000  0.0000000036  0.0000000011 -0.0000000000  0.0000000000 -0.0000000000  0.2925068800 -0.0000000000  0.0070812421 -0.0000000000  0.0000000011  0.0000000000 -0.0000000000  0.1014879019 -0.0000000000  0.0000000011
  0.4000000000  0.6666666667  1.0000000000  0.3333333333  0.3333333333  0.3333333333  0.2663902405  0.0000000010  0.0784138067  0.0000000000  0.0054722043 -0.0000000000  0.0000000036  0.0000000010  0.0000000000  0.0000000001 -0.0000000000  0.2913923604  0.0000000000  0.0057109556 -0.0000000000  0.0000000011 -0.0000000000 -0.0000000000  0.1016591600  0.0000000000  0.0000000011
  0.4000000000  0.6666666667  1.0000000000  0.3333333333  0.3333333333  0.6666666667  0.2687107644  0.0000000011  0.0781349790  0.0000000000  0.0036419213  0.0000000000  0.0000000036  0.0000000011  0.0000000000  0.0000000000 -0.0000000000  0.2938041646  0.0000000000  0.0038429556 -0.0000000000  0.0000000011 -0.0000000000 -0.0000000000  0.1015807215  0.0000000000  0.0000000011
  0.4000000000  0.6666666667  1.0000000000  0.3333333333  0.3333333333  1.0000000000  0.2727576798  0.0000000012  0.0785758183  0.0000000000  0.0000656096  0.0000000000  0.0000000036  0.0000000011 -0.0000000000  0.0000000000 -0.0000000000  0.2958047445  0.0000000000  0.0000913567  0.0000000000  0.0000000011  0.0000000000 -0.0000000000  0.1006076078 -0.0000000000  0.0000000011
  0.4000000000  0.6666666667  1.0000000000  0.3333333333  0.6666666667  0.0000000000  0.2669887605  0.0000000011  0.0742067074 -0.0000000000  0.0065912441 -0.0000000000  0.0000000036  0.0000000011 -0.0000000000  0.0000000000 -0.0000000000  0.2925240578 -0.0000000000  0.0070663480 -0.0000000000  0.0000000011  0.0000000000 -0.0000000000  0.1015029619 -0.0000000000  0.0000000011
  0.4000000000  0.6666666667  1.0000000000  0.3333333333  0.6666666667  0.3333333333  0.2664895703  0.0000000010  0.0782750254  0.0000000000  0.0055538043 -0.0000000000  0.0000000036  0.0000000010  0.0000000000  0.0000000001 -0.0000000000  0.2912587867  0.0000000000  0.0057602140 -0.0000000000  0.0000000011 -0.0000000000 -0.0000000000  0.1016616488  0.0000000000  0.0000000011
  0.4000000000  0.6666666667  1.0000000000  0.3333333333  0.6666666667  0.6666666667  0.2673878763  0.0000000011  0.0783870422  0.0000000000  0.0045163500 -0.0000000000  0.0000000036  0.0000000010  0.0000000000  0.0000000000 -0.0000000000  0.2930732193  0.0000000000  0.0047935443 -0.0000000000  0.0000000011 -0.0000000000 -0.0000000000  0.1012839720  0.0000000000  0.0000000011
  0.4000000000  0.6666666667  1.0000000000  0.3333333333  0.6666666667  1.0000000000  0.2727647445  0.0000000012  0.0785781652  0.0000000000  0.0000740170  0.0000000000  0.0000000036  0.0000000011 -0.0000000000  0.0000000000 -0.0000000000  0.2958291442  0.0000000000  0.0001009607  0.0000000000  0.0000000011  0.0000000000 -0.0000000000  0.1006007089  0.0000000000  0.0000000011
  0.4000000000  0.6666666667  1.0000000000  0.3333333333  1.0000000000  0.0000000000  0.0593892525  0.0186398060  0.0593850988  0.0004149857  0.0593839169  0.0004150176  0.1564842164  0.0186398368  0.0003219498  0.0186391537  0.0003226868  0.0593896454  0.0004148053  0.0593841136  0.0004148375  0.0339636220  0.0004148538  0.0339619759  0.0593859497  0.0004149953  0.0339636430
  0.4000000000  0.6666666667  1.0000000000  0.3333333333  1.0000000000  0.3333333333  0.2664321430  0.0000000010  0.0783979265  0.0000000000  0.0054035910 -0.0000000000  0.0000000036  0.0000000010  0.0000000000  0.0000000001 -0.0000000000  0.2917032615  0.0000000000  0.0056779600 -0.0000000000  0.0000000011 -0.0000000000 -0.0000000000  0.1016332552  0.0000000000  0.0000000011
  0.4000000000  0.6666666667  1.0000000000  0.3333333333  1.0000000000  0.6666666667  0.2674628475  0.0000000011  0.0783483658  0.0000000000  0.0045632414 -0.0000000000  0.0000000036  0.0000000010  0.0000000000  0.0000000000 -0.0000000000  0.2930599784  0.0000000000  0.0048465097 -0.0000000000  0.0000000011 -0.0000000000 -0.0000000000  0.1012989053  0.0000000000  0.0000000011
  0.4000000000  0.6666666667  1.0000000000  0.3333333333  1.0000000000  1.0000000000  0.2727971563  0.0000000012  0.0785872893  0.0000000000  0.0000875314  0.0000000000  0.0000000036  0.0000000011 -0.0000000000  0.0000000000 -0.0000000000  0.2958564455  0.0000000000  0.0001221943  0.0000000000  0.0000000011  0.0000000000 -0.0000000000  0.1005894994  0.0000000000  0.0000000011
  0.4000000000  0.6666666667  1.0000000000  0.6666666667  0.0000000000  0.0000000000  0.2654774990  0.0000000010  0.0780825545 -0.0000000000  0.0057783804  0.0000000000  0.0000000036  0.0000000010 -0.0000000000  0.0000000001 -0.0000000000  0.2916734832 -0.0000000000  0.0060928928  0.0000000000  0.0000000011  0.0000000000 -0.0000000000  0.1016668562 -0.0000000000  0.0000000011
  0.4000000000  0.6666666667  1.0000000000  0.6666666667  0.0000000000  0.3333333333  0.2657804054  0.0000000010  0.0783865007  0.0000000000  0.0051921859  0.0000000000  0.0000000036  0.0000000010  0.0000000000  0.0000000001 -0.0000000000  0.2925657129  0.0000000000  0.0056442279 -0.0000000000  0.0000000011 -0.0000000000 -0.0000000000  0.1015589997  0.0000000000  0.0000000011
  0.4000000000  0.6666666667  1.0000000000  0.6666666667  0.0000000000  0.6666666667  0.2673666827  0.0000000011  0.0782458392  0.0000000000  0.0034711831  0.0000000000  0.0000000036  0.0000000011 -0.0000000000  0.0000000000 -0.0000000000  0.2952138616  0.0000000000  0.0038976567 -0.0000000000  0.0000000011 -0.0000000000 -0.0000000000  0.1013097052  0.0000000000  0.0000000011
  0.4000000000  0.6666666667  1.0000000000  0.6666666667  0.0000000000  1.0000000000  0.2727641325  0.0000000012  0.0785821769  0.0000000000  0.0000876489  0.0000000000  0.0000000036  0.0000000012 -0.0000000000  0.0000000000 -0.0000000000  0.2962906617  0.0000000000  0.0001914568  0.0000000000  0.0000000011  0.0000000000 -0.0000000000  0.1004995454 -0.0000000000  0.0000000011
  0.4000000000  0.6666666667  1.0000000000  0.6666666667  0.3333333333  0.0000000000  0.2667613230  0.0000000011  0.0751738636 -0.0000000000  0.0063619082  0.0000000000  0.0000000036  0.0000000010 -0.0000000000  0.0000000001 -0.0000000000  0.2919342333 -0.0000000000  0.0067758442  0.0000000000  0.0000000011  0.0000000000 -0.0000000000  0.1016667890 -0.0000000000  0.0000000011
  0.4000000000  0.6666666667  1.0000000000  0.6666666667  0.3333333333  0.3333333333  0.2657368565  0.0000000010  0.0785247794  0.0000000000  0.0048315769  0.0000000000  0.0000000036  0.0000000010  0.0000000000  0.0000000001 -0.0000000000  0.2935427694  0.0000000000  0.0054004486 -0.0000000000  0.0000000011  0.0000000000 -0.0000000000  0.1014095146  0.0000000000  0.0000000011
  0.4000000000  0.6666666667  1.0000000000  0.6666666667  0.3333333333  0.6666666667  0.2667563165  0.0000000011  0.0783202599  0.0000000000  0.0042360280 -0.0000000000  0.0000000036  0.0000000010  0.0000000000  0.0000000000 -0.0000000000  0.2942555914  0.0000000000  0.0047309506 -0.0000000000  0.0000000011 -0.0000000000 -0.0000000000  0.1011194317  0.0000000000  0.0000000011
  0.4000000000  0.6666666667  1.0000000000  0.6666666667  0.3333333333  1.0000000000  0.2728146511  0.0000000012  0.0785754048  0.0000000000  0.0000693061  0.0000000000  0.0000000036  0.0000000012 -0.0000000000  0.0000000000 -0.0000000000  0.2967153068  0.0000000000  0.0001550895  0.0000000000  0.0000000011 -0.0000000000 -0.0000000000  0.1003844877  0.0000000000  0.0000000011
  0.4000000000  0.6666666667  1.0000000000  0.6666666667  0.6666666667  0.0000000000  0.2654647872  0.0000000010  0.0781103208 -0.0000000000  0.0057701109  0.0000000000  0.0000000036  0.0000000010 -0.0000000000  0.0000000001 -0.0000000000  0.2915610140 -0.0000000000  0.0060738950  0.0000000000  0.0000000011  0.0000000000 -0.0000000000  0.1017822065 -0.0000000000  0.0000000011
  0.4000000000  0.6666666667  1.0000000000  0.6666666667  0.6666666667  0.3333333333  0.2657328173  0.0000000010  0.0785168263  0.0000000000  0.0048415861  0.0000000000  0.0000000036  0.0000000010  0.0000000000  0.0000000001 -0.0000000000  0.2935650005  0.0000000000  0.0054186471 -0.0000000000  0.0000000011  0.0000000000 -0.0000000000  0.1014218387  0.0000000000  0.0000000011
  0.4000000000  0.6666666667  1.0000000000  0.6666666667  0.6666666667  0.6666666667  0.2668373464  0.0000000011  0.0783203888  0.0000000000  0.0041399096 -0.0000000000  0.0000000036  0.0000000010  0.0000000000  0.0000000000 -0.0000000000  0.2944132687  0.0000000000  0.0046599294 -0.0000000000  0.0000000011 -0.0000000000 -0.0000000000  0.1010952882  0.0000000000  0.0000000011
  0.4000000000  0.6666666667  1.0000000000  0.6666666667  0.6666666667  1.0000000000  0.2727988684  0.0000000012  0.0785934580  0.0000000000  0.0001017440  0.0000000000  0.0000000036  0.0000000012 -0.0000000000  0.0000000000 -0.0000000000  0.2962799190  0.0000000000  0.0002000438  0.0000000000  0.0000000011  0.0000000000 -0.0000000000  0.1004951203  0.0000000000  0.0000000011
  0.4000000000  0.6666666667  1.0000000000  0.6666666667  1.0000000000  0.0000000000  0.0586527458  0.0190447324  0.0586494589 -0.0010711228  0.0586486545 -0.0010711299  0.1614262140  0.0190447502 -0.0005413524  0.0190442523 -0.0005411133  0.0586528314 -0.0010712057  0.0586487011 -0.0010712128  0.0341697115 -0.0010711497  0.0341685178  0.0586501600 -0.0010710789  0.0341698062
  0.4000000000  0.6666666667  1.0000000000  0.6666666667  1.0000000000  0.3333333333  0.2656703702  0.0000000010  0.0784846742  0.0000000000  0.0048150189  0.0000000000  0.0000000036  0.0000000010  0.0000000000  0.0000000001 -0.0000000000  0.2937482036  0.0000000000  0.0054313298 -0.0000000000  0.0000000011  0.0000000000 -0.0000000000  0.1014105340  0.0000000000  0.0000000011
  0.4000000000  0.6666666667  1.0000000000  0.6666666667  1.0000000000  0.6666666667  0.2670782374  0.0000000011  0.0783379411  0.0000000000  0.0037895042  0.0000000000  0.0000000036  0.0000000011  0.0000000000  0.0000000000 -0.0000000000  0.2946875690  0.0000000000  0.0042923550 -0.0000000000  0.0000000011 -0.0000000000 -0.0000000000  0.1010320770  0.0000000000  0.0000000011
  0.4000000000  0.6666666667  1.0000000000  0.6666666667  1.0000000000  1.0000000000  0.2729313150  0.0000000012  0.0786027904  0.0000000000  0.0000840455  0.0000000000  0.0000000036  0.0000000012 -0.0000000000  0.0000000000 -0.0000000000  0.2965882786  0.0000000000  0.0001648835  0.0000000000  0.0000000011 -0.0000000000 -0.0000000000  0.1003831534  0.0000000000  0.0000000011
  0.4000000000  0.6666666667  1.0000000000  1.0000000000  0.0000000000  0.0000000000  0.2645608414  0.0000000010  0.0781232997  0.0000000000  0.0048287686  0.0000000000  0.0000000036  0.0000000010 -0.0000000000  0.0000000001 -0.0000000000  0.2951502630  0.0000000000  0.0057680010 -0.0000000000  0.0000000011  0.0000000000 -0.0000000000  0.1010936849 -0.0000000000  0.0000000011
  0.4000000000  0.6666666667  1.0000000000  1.0000000000  0.0000000000  0.3333333333  0.2662666795  0.0000000011  0.0757910793  0.0000000000  0.0031019265  0.0000000000  0.0000000036  0.0000000011  0.0000000000  0.0000000000 -0.0000000000  0.3000917953  0.0000000000  0.0033245634 -0.0000000000  0.0000000011 -0.0000000000 -0.0000000000  0.1018158366  0.0000000000  0.0000000011
  0.4000000000  0.6666666667  1.0000000000  1.0000000000  0.0000000000  0.6666666667  0.2704785550  0.0000000011  0.0775700602 -0.0000000000  0.0016024992  0.0000000000  0.0000000036  0.0000000011 -0.0000000000  0.0000000000 -0.0000000000  0.2986758306 -0.0000000000  0.0019413830  0.0000000000  0.0000000011 -0.0000000000 -0.0000000000  0.1008574587 -0.0000000000  0.0000000011
  0.4000000000  0.6666666667  1.0000000000  1.0000000000  0.0000000000  1.0000000000  0.2725468924  0.0000000012  0.0785245919 -0.0000000000  0.0000145268  0.0000000000  0.0000000036  0.0000000012 -0.0000000000 -0.0000000000 -0.0000000000  0.2972837454 -0.0000000000  0.0000652600  0.0000000000  0.0000000011 -0.0000000000 -0.0000000000  0.1002755753 -0.0000000000  0.0000000011
  0.4000000000  0.6666666667  1.0000000000  1.0000000000  0.3333333333  0.0000000000  0.0585265881  0.0192960797  0.0585232315 -0.0020227662  0.0585223206 -0.0020227902  0.1531977904  0.0192961005 -0.0015885468  0.0192956187 -0.0015885930  0.0585269407 -0.0020227839  0.0585224973 -0.0020228077  0.0344613208 -0.0020227290  0.0344599988  0.0585239950 -0.0020227134  0.0344613379
  0.4000000000  0.6666666667  1.0000000000  1.0000000000  0.3333333333  0.3333333333  0.2707586828  0.0000000011  0.0774887103 -0.0000000000  0.0024454846  0.0000000000  0.0000000036  0.0000000011 -0.0000000000  0.0000000000 -0.0000000000  0.2989540768 -0.0000000000  0.0028995946  0.0000000000  0.0000000011 -0.0000000000 -0.0000000000  0.1013974342 -0.0000000000  0.0000000011
  0.4000000000  0.6666666667  1.0000000000  1.0000000000  0.3333333333  0.6666666667  0.2726007029  0.0000000012  0.0785086253  0.0000000000  0.0001178641  0.0000000000  0.0000000036  0.0000000012 -0.0000000000  0.0000000000 -0.0000000000  0.2974149505  0.0000000000  0.0002319116  0.0000000000  0.0000000011 -0.0000000000 -0.0000000000  0.1002045165  0.0000000000  0.0000000011
  0.4000000000  0.6666666667  1.0000000000  1.0000000000  0.3333333333  1.0000000000  0.2728274550  0.0000000012  0.0785261316 -0.0000000000  0.0000094834  0.0000000000  0.0000000036  0.0000000012 -0.0000000000  0.0000000000 -0.0000000000  0.2973667134 -0.0000000000  0.0000537010  0.0000000000  0.0000000011 -0.0000000000 -0.0000000000  0.1001873155 -0.0000000000  0.0000000011
  0.4000000000  0.6666666667  1.0000000000  1.0000000000  0.6666666667  0.0000000000  0.0585380115  0.0193980080  0.0585350045 -0.0017388596  0.0585341499 -0.0017388695  0.1579565381  0.0193980742 -0.0014004383  0.0193974672 -0.0014005241  0.0585384405 -0.0017388614  0.0585343605 -0.0017388713  0.0343156433 -0.0017388168  0.0343143933  0.0585356640 -0.0017388258  0.0343155658
  0.4000000000  0.6666666667  1.0000000000  1.0000000000  0.6666666667  0.3333333333  0.2678791552  0.0000000010  0.0768417796  0.0000000000  0.0041982618 -0.0000000000  0.0000000036  0.0000000010  0.0000000000  0.0000000000 -0.0000000000  0.2968814866  0.0000000000  0.0047149417 -0.0000000000  0.0000000011 -0.0000000000 -0.0000000000  0.1012964334  0.0000000000  0.0000000011
  0.4000000000  0.6666666667  1.0000000000  1.0000000000  0.6666666667  0.6666666667  0.2710438630  0.0000000011  0.0764324209  0.0000000000  0.0009279256  0.0000000000  0.0000000036  0.0000000011 -0.0000000000  0.0000000000  0.0000000000  0.2997384007  0.0000000000  0.0008930554  0.0000000000  0.0000000011 -0.0000000000 -0.0000000000  0.1017810193  0.0000000000  0.0000000011
  0.4000000000  0.6666666667  1.0000000000  1.0000000000  0.6666666667  1.0000000000  0.2720860176  0.0000000011  0.0777051690  0.0000000000 -0.0003982294  0.0000000000  0.0000000036  0.0000000011 -0.0000000000 -0.0000000000 -0.0000000000  0.2982320215  0.0000000000 -0.0004083766  0.0000000000  0.0000000011 -0.0000000000 -0.0000000000  0.1004958951  0.0000000000  0.0000000011
  0.4000000000  0.6666666667  1.0000000000  1.0000000000  1.0000000000  0.0000000000  0.0584650091  0.0192593433  0.0584626951 -0.0011970155  0.0584621092 -0.0011970052  0.1627099144  0.0192593631 -0.0009241379  0.0192589020 -0.0009241399  0.0584651481 -0.0011970326  0.0584621787 -0.0011970222  0.0342675234 -0.0011970132  0.0342666614  0.0584631617 -0.0011969982  0.0342675372
  0.4000000000  0.6666666667  1.0000000000  1.0000000000  1.0000000000  0.3333333333  0.2570758746  0.0482471826  0.0455417257 -0.0006544546  0.0001545645 -0.0001206181  0.1534314981  0.0165022476 -0.0011450714  0.0000403573  0.0000365172  0.1626858329 -0.0010885913  0.0000912914 -0.0000338487  0.0084987086 -0.0000348562 -0.0000122137  0.0537880049 -0.0007797680  0.0569818551
  0.4000000000  0.6666666667  1.0000000000  1.0000000000  1.0000000000  0.6666666667  0.2695489302  0.0000000011  0.0781161097  0.0000000000  0.0012133095  0.0000000000  0.0000000036  0.0000000011 -0.0000000000  0.0000000000 -0.0000000000  0.2978833191  0.0000000000  0.0017577367 -0.0000000000  0.0000000011 -0.0000000000 -0.0000000000  0.1010311748  0.0000000000  0.0000000011
  0.4000000000  0.6666666667  1.0000000000  1.0000000000  1.0000000000  1.0000000000  0.2766909953  0.0000000011  0.0781414045 -0.0000000000 -0.0003335084  0.0000000000  0.0000000036  0.0000000011 -0.0000000000 -0.0000000000  0.0000000000  0.2979637014  0.0000000000 -0.0003871283  0.0000000000  0.0000000011  0.0000000000 -0.0000000000  0.1000562891  0.0000000000  0.0000000011
