  0.8000000000  0.6666666667  0.0000000000  0.0000000000  0.0000000000  0.0000000000  0.7804200149  0.2369168379  0.1602626490 -0.0000000000 -0.0000000000 -0.0000000000  0.6980255909  0.1408230118 -0.0000000000  0.0000000000 -0.0000000000  0.4477762862 -0.0000000000 -0.0000000000  0.0000000000  0.1243017514 -0.0000000000 -0.0000000000  0.1580023388 -0.0000000000  0.2385848750
  0.8000000000  0.6666666667  0.0000000000  0.0000000000  0.0000000000  0.3333333333  0.8027680008  0.2066444175  0.2248861385  0.0348480782 -0.0000000000 -0.0000000000  0.5481765699  0.1709858661  0.0560051431 -0.0000000000 -0.0000000000  0.6270299027  0.0628694402 -0.0000000000  0.0000000000  0.1512448076 -0.0000000000 -0.0000000000  0.2153202948  0.0244657091  0.1996557317
  0.8000000000  0.6666666667  0.0000000000  0.0000000000  0.0000000000  0.6666666667  0.7456702778  0.1767724805  0.2111076930  0.0513983323 -0.0000000000 -0.0000000000  0.4372267893  0.1781538962  0.0857331404  0.0000000000 -0.0000000000  0.5589475942  0.0900908052 -0.0000000000  0.0000000000  0.1641111824 -0.0000000000 -0.0000000000  0.1960869659  0.0467452865  0.1719038492
  0.8000000000  0.6666666667  0.0000000000  0.0000000000  0.0000000000  1.0000000000  0.7644019646  0.1719266849  0.2182431356  0.0517706448 -0.0000000000 -0.0000000000  0.4440003286  0.1608018699  0.0900600367  0.0000000000 -0.0000000000  0.6203949671  0.0888541061 -0.0000000000 -0.0000000000  0.1613143884 -0.0000000000 -0.0000000000  0.2152188275  0.0395394021  0.1728957616
  0.8000000000  0.6666666667  0.0000000000  0.0000000000  0.3333333333  0.0000000000  0.7718437984  0.2301342885  0.1586009038 -0.0189091679 -0.0000000000 -0.0000000000  0.6766583974  0.1408840254 -0.0379595300 -0.0000000000 -0.0000000000  0.4495771329 -0.0385541949 -0.0000000000  0.0000000000  0.1298553710 -0.0000000000 -0.0000000000  0.1613239813 -0.0143371636  0.2328241055
  0.8000000000  0.6666666667  0.0000000000  0.0000000000  0.3333333333  0.3333333333  0.7010312195  0.2501565312  0.2409759658 -0.0084691392 -0.0000000000 -0.0000000000  0.6346305128  0.2409476548 -0.0251139326  0.0000000000 -0.0000000000  0.6007816177 -0.0058925621 -0.0000000000  0.0000000000  0.1919507178 -0.0000000000 -0.0000000000  0.1891987317 -0.0089403483  0.1993357320
  0.8000000000  0.6666666667  0.0000000000  0.0000000000  0.3333333333  0.6666666667  0.6521340805  0.2629161915  0.2633062580  0.0002150885 -0.0000000000 -0.0000000000  0.6483223121  0.2627236687 -0.0001223391 -0.0000000000 -0.0000000000  0.6485502283  0.0008778334 -0.0000000000 -0.0000000000  0.1913769027 -0.0000000000 -0.0000000000  0.1912851764  0.0003611063  0.1911178267
  0.8000000000  0.6666666667  0.0000000000  0.0000000000  0.3333333333  1.0000000000  0.6511079953  0.2622104456  0.2631404307  0.0009704105 -0.0000000000 -0.0000000000  0.6475559648  0.2629403138  0.0011653123  0.0000000000 -0.0000000000  0.6500041692  0.0021781630 -0.0000000000  0.0000000000  0.1918382518 -0.0000000000 -0.0000000000  0.1913063000  0.0010650538  0.1905901693
  0.8000000000  0.6666666667  0.0000000000  0.0000000000  0.6666666667  0.0000000000  0.7070177959  0.2041600650  0.1628023845 -0.0237064263 -0.0000000000 -0.0000000000  0.6306986347  0.1769550991 -0.0425813104  0.0000000000 -0.0000000000  0.4727413432 -0.0388314963 -0.0000000000 -0.0000000000  0.1810861119 -0.0000000000 -0.0000000000  0.1498710088 -0.0226402152  0.2049822655
  0.8000000000  0.6666666667  0.0000000000  0.0000000000  0.6666666667  0.3333333333  0.6923402703  0.2479869982  0.2269284666 -0.0138881357 -0.0000000000 -0.0000000000  0.6500841425  0.2378640214 -0.0357438273  0.0000000000 -0.0000000000  0.5783915416 -0.0124718872 -0.0000000000  0.0000000000  0.1934054837 -0.0000000000 -0.0000000000  0.1772764402 -0.0157896867  0.2005173209
  0.8000000000  0.6666666667  0.0000000000  0.0000000000  0.6666666667  0.6666666667  0.6509199157  0.2629095864  0.2616888925 -0.0016778447 -0.0000000000 -0.0000000000  0.6509676029  0.2622538051 -0.0037785912  0.0000000000 -0.0000000000  0.6453439138 -0.0019937252 -0.0000000000  0.0000000000  0.1914143163 -0.0000000000 -0.0000000000  0.1899367934 -0.0013111020  0.1915760169
  0.8000000000  0.6666666667  0.0000000000  0.0000000000  0.6666666667  1.0000000000  0.6486846713  0.2628876145  0.2627105917 -0.0003666434 -0.0000000000 -0.0000000000  0.6509342478  0.2633805302 -0.0010091569 -0.0000000000 -0.0000000000  0.6496098246 -0.0002252834 -0.0000000000  0.0000000000  0.1920923160 -0.0000000000 -0.0000000000  0.1906331353 -0.0001663504  0.1908840768
  0.8000000000  0.6666666667  0.0000000000  0.0000000000  1.0000000000  0.0000000000  0.6331606627  0.1988266562  0.1747580899 -0.0154077054 -0.0000000000 -0.0000000000  0.6782990862  0.2171501617 -0.0309488334  0.0000000000 -0.0000000000  0.5800697366 -0.0218109354 -0.0000000000  0.0000000000  0.2102386743 -0.0000000000 -0.0000000000  0.1396390628 -0.0256014737  0.1833892584
  0.8000000000  0.6666666667  0.0000000000  0.0000000000  1.0000000000  0.3333333333  0.6297009736  0.1991123103  0.1752416246 -0.0131540485 -0.0000000000 -0.0000000000  0.6865098583  0.2187276011 -0.0269582169 -0.0000000000 -0.0000000000  0.5896340758 -0.0176740569 -0.0000000000  0.0000000000  0.2110565767 -0.0000000000 -0.0000000000  0.1384811209 -0.0218902707  0.1848620691
  0.8000000000  0.6666666667  0.0000000000  0.0000000000  1.0000000000  0.6666666667  0.6512323166  0.2621182513  0.2593333610 -0.0030921263 -0.0000000000 -0.0000000000  0.6516880704  0.2609588369 -0.0069851144 -0.0000000000 -0.0000000000  0.6401147429 -0.0036360397 -0.0000000000 -0.0000000000  0.1911711356 -0.0000000000 -0.0000000000  0.1883864717 -0.0026534314  0.1918273882
  0.8000000000  0.6666666667  0.0000000000  0.0000000000  1.0000000000  1.0000000000  0.6474976653  0.2624232381  0.2615435033 -0.0013541297 -0.0000000000 -0.0000000000  0.6524944478  0.2629094372 -0.0028985861  0.0000000000 -0.0000000000  0.6479552362 -0.0016954247 -0.0000000000 -0.0000000000  0.1922784842 -0.0000000000 -0.0000000000  0.1897342995 -0.0009717346  0.1906003262
  0.8000000000  0.6666666667  0.0000000000  0.3333333333  0.0000000000  0.0000000000  0.7799723605  0.2367444814  0.1604338596 -0.0076573459  0.0014177421 -0.0010070501  0.6971264449  0.1421570488 -0.0135801518  0.0004842589 -0.0002874502  0.4524790135 -0.0168399992  0.0007002902 -0.0004597968  0.1270099542 -0.0006433495  0.0002711029  0.1601243933 -0.0051075193  0.2385261374
  0.8000000000  0.6666666667  0.0000000000  0.3333333333  0.0000000000  0.3333333333  0.6442830638  0.1775145984  0.1600704985  0.0176817214  0.0053928527 -0.0025644222  0.5480839261  0.1489242238  0.0523322050  0.0013684321 -0.0016235393  0.5707006035  0.0475766474  0.0056799840 -0.0011121610  0.1539956747 -0.0033364490  0.0012749518  0.1793502471  0.0143560076  0.1955395790
  0.8000000000  0.6666666667  0.0000000000  0.3333333333  0.0000000000  0.6666666667  0.6291277602  0.1737400351  0.1569293225  0.0205819484  0.0140610252 -0.0046368318  0.5374394299  0.1484174005  0.0587325024  0.0035648967 -0.0026657293  0.5734531140  0.0570041141  0.0140203887 -0.0019456467  0.1564801847 -0.0036761132  0.0029122691  0.1796658821  0.0176373893  0.1920546073
  0.8000000000  0.6666666667  0.0000000000  0.3333333333  0.0000000000  1.0000000000  0.6256873145  0.1688608977  0.1503926521  0.0233767844  0.0096921478 -0.0029210977  0.5247907502  0.1458200201  0.0678791113  0.0017429102 -0.0012235605  0.5677649608  0.0667418736  0.0084449232 -0.0008379873  0.1563021436 -0.0013204556  0.0012666668  0.1821774726  0.0209910388  0.1891054720
  0.8000000000  0.6666666667  0.0000000000  0.3333333333  0.3333333333  0.0000000000  0.7429600802  0.2147538348  0.1489581806 -0.0362152449  0.0019683407  0.0001042472  0.6285131884  0.1404707768 -0.0730833335  0.0003282623 -0.0000607799  0.4147888176 -0.0712356298  0.0015456481  0.0000044150  0.1451962932 -0.0004773142  0.0001093334  0.1577331586 -0.0298272984  0.2214519509
  0.8000000000  0.6666666667  0.0000000000  0.3333333333  0.3333333333  0.3333333333  0.6751422820  0.2063200590  0.2019296993 -0.0056595262  0.0042168351 -0.0060679448  0.6464735037  0.2167665096 -0.0121760986 -0.0003518132 -0.0049721876  0.6251643484 -0.0030344936  0.0026920460 -0.0017576418  0.2028315961 -0.0017514825 -0.0001271713  0.1742561979 -0.0046882788  0.1872183056
  0.8000000000  0.6666666667  0.0000000000  0.3333333333  0.3333333333  0.6666666667  0.6532116369  0.2631709099  0.2633333655 -0.0000547050  0.0007731869 -0.0012347245  0.6483403576  0.2627350095 -0.0010428296  0.0003192093 -0.0004322766  0.6479358369  0.0006252230  0.0004441831 -0.0005024752  0.1918006701 -0.0000880690  0.0000186835  0.1916733341 -0.0000445311  0.1921683986
  0.8000000000  0.6666666667  0.0000000000  0.3333333333  0.3333333333  1.0000000000  0.6528146024  0.2624718701  0.2633828448  0.0014120047  0.0006518865 -0.0011024569  0.6470311593  0.2630927839  0.0015957431  0.0001926121 -0.0002407915  0.6504000519  0.0029841215  0.0004111281 -0.0003968758  0.1924989399 -0.0000084571 -0.0000415918  0.1922260851  0.0010714803  0.1917634239
  0.8000000000  0.6666666667  0.0000000000  0.3333333333  0.6666666667  0.0000000000  0.7077312878  0.2042485263  0.1636153631 -0.0237042897  0.0023899217  0.0010031845  0.6303397095  0.1770480251 -0.0421030563  0.0005555444  0.0007418152  0.4754995612 -0.0389215414  0.0019375364  0.0002179499  0.1806855570  0.0001084630  0.0000230648  0.1504041752 -0.0225507138  0.2050514940
  0.8000000000  0.6666666667  0.0000000000  0.3333333333  0.6666666667  0.3333333333  0.6331556611  0.1999230258  0.1751874404 -0.0135053292  0.0014057068  0.0005242795  0.6832537594  0.2174306595 -0.0283034532  0.0004909952  0.0007517948  0.5855019446 -0.0170562063  0.0011755319  0.0003161424  0.2089403376  0.0002177551  0.0003298407  0.1385640707 -0.0228242959  0.1854681415
  0.8000000000  0.6666666667  0.0000000000  0.3333333333  0.6666666667  0.6666666667  0.6516959633  0.2630852102  0.2614717935 -0.0021051189 -0.0001904340 -0.0000475403  0.6507047347  0.2621413322 -0.0046385723 -0.0001340711  0.0005728954  0.6443298285 -0.0023686760 -0.0003164694  0.0000922017  0.1914209946  0.0003291551 -0.0001233317  0.1899780455 -0.0016468752  0.1922158891
  0.8000000000  0.6666666667  0.0000000000  0.3333333333  0.6666666667  1.0000000000  0.6489589016  0.2632860063  0.2630232137 -0.0004231404 -0.0001378567 -0.0000319702  0.6501689022  0.2634790075 -0.0010092982 -0.0001410045  0.0003092250  0.6492392595 -0.0004187498 -0.0002919879  0.0000882362  0.1920298121  0.0001473819 -0.0001205910  0.1912017323 -0.0002637692  0.1916129289
  0.8000000000  0.6666666667  0.0000000000  0.3333333333  1.0000000000  0.0000000000  0.6910672921  0.2076890953  0.1687742265 -0.0192848413  0.0029347969  0.0027561453  0.6494277889  0.1904157445 -0.0361726311  0.0004200565  0.0027909349  0.5013771166 -0.0314205470  0.0016287141  0.0003915331  0.1889065632  0.0004858602 -0.0001914504  0.1488054692 -0.0201358966  0.2028205837
  0.8000000000  0.6666666667  0.0000000000  0.3333333333  1.0000000000  0.3333333333  0.6309265976  0.1990537250  0.1743959755 -0.0135747297  0.0007557993  0.0010091622  0.6848503366  0.2178919442 -0.0281706130  0.0002138767  0.0012221748  0.5867784685 -0.0172687246  0.0006025716  0.0004214159  0.2096860666  0.0002387903  0.0001547162  0.1378900217 -0.0227632877  0.1850254014
  0.8000000000  0.6666666667  0.0000000000  0.3333333333  1.0000000000  0.6666666667  0.6574532610  0.2612098905  0.2549056785 -0.0057988602 -0.0007035295  0.0003916617  0.6504070211  0.2578936679 -0.0136240088 -0.0003732212  0.0011244896  0.6278327786 -0.0061003113 -0.0008540318  0.0003345027  0.1901382671  0.0005643831 -0.0003799468  0.1860721819 -0.0054848485  0.1941678098
  0.8000000000  0.6666666667  0.0000000000  0.3333333333  1.0000000000  1.0000000000  0.6482687947  0.2629135270  0.2620144770 -0.0013377464 -0.0005497537  0.0004463038  0.6513936242  0.2631115317 -0.0028695231 -0.0004030774  0.0010067034  0.6480564940 -0.0017051631 -0.0008354549  0.0004321623  0.1919996224  0.0004303299 -0.0003369364  0.1902303142 -0.0009910908  0.1913918809
  0.8000000000  0.6666666667  0.0000000000  0.6666666667  0.0000000000  0.0000000000  0.7361530271  0.2316001540  0.1423313477 -0.0062158922  0.0324333812 -0.0044086365  0.7057654331  0.1330879611 -0.0105618021  0.0135406629 -0.0040666326  0.4094796318 -0.0098336282  0.0322174182 -0.0031267322  0.1265111070 -0.0067835585  0.0076887449  0.1376330231 -0.0042795788  0.2393780553
  0.8000000000  0.6666666667  0.0000000000  0.6666666667  0.0000000000  0.3333333333  0.6508974178  0.2183799605  0.2281604737  0.0001280727  0.0369272557 -0.0582518809  0.5522460992  0.2146491755  0.0320737773  0.0025705957 -0.0563041536  0.6335325520  0.0353477981  0.0410772225 -0.0151083536  0.1922318776 -0.0149928698  0.0028625734  0.2042556350 -0.0032988106  0.2053152091
  0.8000000000  0.6666666667  0.0000000000  0.6666666667  0.0000000000  0.6666666667  0.6373404861  0.2159800904  0.2264299034  0.0034435112  0.0410319101 -0.0599701828  0.5557936965  0.2114385943  0.0394458124  0.0048391073 -0.0599171755  0.6389199145  0.0416493877  0.0442692626 -0.0161890790  0.1903375493 -0.0158057628  0.0050424230  0.2045014511 -0.0009323858  0.2036078887
  0.8000000000  0.6666666667  0.0000000000  0.6666666667  0.0000000000  1.0000000000  0.6264015345  0.2124756222  0.2145806899  0.0152018901  0.0326166284 -0.0575350660  0.5719769339  0.2074038753  0.0432470006  0.0095473785 -0.0593690134  0.6913060241  0.0450664886  0.0337674565 -0.0277074104  0.1910952453 -0.0248686373  0.0054221691  0.1960670679  0.0092163336  0.2038831313
  0.8000000000  0.6666666667  0.0000000000  0.6666666667  0.3333333333  0.0000000000  0.7377551319  0.2149724137  0.1547423674 -0.0362164207  0.0079269420  0.0016644052  0.6239402564  0.1494937925 -0.0719032073  0.0017459386  0.0005339482  0.4358089218 -0.0706711462  0.0079277927  0.0004625023  0.1531981121 -0.0005604956  0.0005799120  0.1613779622 -0.0302617805  0.2191646546
  0.8000000000  0.6666666667  0.0000000000  0.6666666667  0.3333333333  0.3333333333  0.6590838411  0.2216311487  0.2119029772 -0.0043922391  0.0056706918 -0.0100498697  0.6047882575  0.2154504646 -0.0102039210  0.0004396993 -0.0064304708  0.5828328001  0.0022813164  0.0046565739 -0.0034664841  0.1873402006 -0.0032399472  0.0001881682  0.1759779128 -0.0082804507  0.1951542947
  0.8000000000  0.6666666667  0.0000000000  0.6666666667  0.3333333333  0.6666666667  0.6510924387  0.2635126739  0.2633751676 -0.0006678523  0.0013974591 -0.0023600189  0.6486723486  0.2631442106 -0.0015224909  0.0006742210 -0.0016354103  0.6482287821 -0.0005693255  0.0011186792 -0.0011420970  0.1917841063 -0.0005871265  0.0003046826  0.1918017024 -0.0006228154  0.1925139254
  0.8000000000  0.6666666667  0.0000000000  0.6666666667  0.3333333333  1.0000000000  0.6502671500  0.2608460981  0.2610839304  0.0007329787  0.0048560725 -0.0063711420  0.6472567923  0.2611462346  0.0040707885  0.0007946085 -0.0058400003  0.6500225757  0.0048008893  0.0046080086 -0.0015721476  0.1943032597 -0.0010569239  0.0004368797  0.1934720094  0.0002863112  0.1945402613
  0.8000000000  0.6666666667  0.0000000000  0.6666666667  0.6666666667  0.0000000000  0.7269524990  0.1976690269  0.1663951047 -0.0342902318  0.0005757000  0.0010999037  0.5564848863  0.1641745657 -0.0599965519  0.0004087501  0.0016170261  0.4456025796 -0.0563788169 -0.0004257558  0.0007191942  0.1705147178  0.0009992149  0.0000796805  0.1643987344 -0.0330898090  0.2004581169
  0.8000000000  0.6666666667  0.0000000000  0.6666666667  0.6666666667  0.3333333333  0.6531175871  0.2213159923  0.2066285365 -0.0051354693  0.0015919763 -0.0008156217  0.6274240654  0.2212491507 -0.0132180401 -0.0000238771  0.0008099123  0.5877068557 -0.0002926676  0.0003540547  0.0000522344  0.1937860207  0.0001660132 -0.0000220477  0.1715888373 -0.0101450314  0.1943409506
  0.8000000000  0.6666666667  0.0000000000  0.6666666667  0.6666666667  0.6666666667  0.6504820182  0.2635288281  0.2625217074 -0.0015226329 -0.0000009754 -0.0001169234  0.6500453029  0.2629594548 -0.0031148093 -0.0000341935  0.0003427339  0.6464314696 -0.0019752323 -0.0001094459  0.0000661376  0.1913488006  0.0001732680 -0.0000266269  0.1906995951 -0.0011748234  0.1921757674
  0.8000000000  0.6666666667  0.0000000000  0.6666666667  0.6666666667  1.0000000000  0.6488776264  0.2634923314  0.2631872454 -0.0004363220  0.0000007090 -0.0001410683  0.6497046057  0.2635931071 -0.0009149042 -0.0000497559  0.0001643224  0.6490349714 -0.0004704229 -0.0000942435  0.0000194724  0.1918618286  0.0000933154 -0.0000552468  0.1914037385 -0.0003250118  0.1919516247
  0.8000000000  0.6666666667  0.0000000000  0.6666666667  1.0000000000  0.0000000000  0.7029030516  0.2092549766  0.1692626822 -0.0229128631  0.0028571039  0.0091692652  0.6114082901  0.1749945550 -0.0460624772 -0.0007247948  0.0089098427  0.4680674255 -0.0413557386  0.0018533037  0.0024918688  0.1770094940  0.0037046194 -0.0019680512  0.1574669099 -0.0229869504  0.2080196323
  0.8000000000  0.6666666667  0.0000000000  0.6666666667  1.0000000000  0.3333333333  0.6481321422  0.2133937572  0.1881587397 -0.0115320709 -0.0053687939  0.0106878929  0.6350867524  0.2089121760 -0.0276339044 -0.0021483225  0.0144958369  0.5610623150 -0.0112438382 -0.0063913212  0.0059334035  0.1925516496  0.0061674264 -0.0023460707  0.1580092030 -0.0185379277  0.1965171916
  0.8000000000  0.6666666667  0.0000000000  0.6666666667  1.0000000000  0.6666666667  0.6522088208  0.2630034233  0.2600125464 -0.0030693289 -0.0006311642  0.0007348762  0.6502754838  0.2613242095 -0.0067633895 -0.0003927676  0.0012937916  0.6401067728 -0.0036255071 -0.0006619630  0.0005975786  0.1907794539  0.0006065088 -0.0003058666  0.1892253871 -0.0026291094  0.1930329117
  0.8000000000  0.6666666667  0.0000000000  0.6666666667  1.0000000000  1.0000000000  0.6487677295  0.2634337325  0.2625315858 -0.0011967751 -0.0005786783  0.0008155133  0.6504190326  0.2633583246 -0.0024130943 -0.0003976897  0.0014144961  0.6483392542 -0.0015365016 -0.0007108119  0.0006727751  0.1917280069  0.0006489503 -0.0002929616  0.1907582582 -0.0008794300  0.1920018701
  0.8000000000  0.6666666667  0.0000000000  1.0000000000  0.0000000000  0.0000000000  0.6120601703  0.2131057738  0.1865830597 -0.0051089573  0.0210834087 -0.0508509762  0.5392047080  0.1765572527 -0.0130193837  0.0024390388 -0.0554204563  0.5917905998 -0.0052699597  0.0109588934 -0.0286396290  0.1742423244 -0.0367876577  0.0050013091  0.1774549353 -0.0069074287  0.2128408837
  0.8000000000  0.6666666667  0.0000000000  1.0000000000  0.0000000000  0.3333333333  0.6039382824  0.2323051341  0.2017157305  0.0080817912  0.0332689323 -0.0673273222  0.5780202770  0.1977928454  0.0320099830  0.0074119885 -0.0686928396  0.6684829188  0.0374120708  0.0369434951 -0.0358892527  0.1831445042 -0.0423381764  0.0029266951  0.1813016929  0.0029943842  0.2228727435
  0.8000000000  0.6666666667  0.0000000000  1.0000000000  0.0000000000  0.6666666667  0.5778914497  0.2253993326  0.2031832648  0.0073007717  0.0343945695 -0.0688125175  0.5649514069  0.2018819404  0.0301860725  0.0080727524 -0.0709620641  0.6915716713  0.0344956966  0.0366372906 -0.0365512798  0.1874177886 -0.0413268223  0.0038584233  0.1855885256  0.0027460045  0.2180795043
  0.8000000000  0.6666666667  0.0000000000  1.0000000000  0.0000000000  1.0000000000  0.5524932294  0.2181932144  0.2024183785  0.0077942335  0.0352193082 -0.0710968939  0.5610432240  0.2062452612  0.0294864004  0.0095286411 -0.0735987394  0.7026277805  0.0327813549  0.0367624406 -0.0376260977  0.1911497643 -0.0399875551  0.0056681314  0.1875126210  0.0036076453  0.2120354664
  0.8000000000  0.6666666667  0.0000000000  1.0000000000  0.3333333333  0.0000000000  0.7000083535  0.2099431303  0.1730139697 -0.0236878481  0.0063209180 -0.0130234157  0.5888753230  0.1702147730 -0.0463035551  0.0025983596 -0.0140400626  0.4693500241 -0.0420317797  0.0042572557 -0.0057463884  0.1737817164 -0.0083828085  0.0039206290  0.1653968987 -0.0236301160  0.2099971569
  0.8000000000  0.6666666667  0.0000000000  1.0000000000  0.3333333333  0.3333333333  0.6590977561  0.2614271774  0.2547028000 -0.0061699960  0.0018078735 -0.0021566236  0.6477646445  0.2573799333 -0.0143832117  0.0009033911 -0.0021955470  0.6248383662 -0.0068605897  0.0014149470 -0.0012657012  0.1894224784 -0.0010333238  0.0007105237  0.1864944790 -0.0060921753  0.1949341962
  0.8000000000  0.6666666667  0.0000000000  1.0000000000  0.3333333333  0.6666666667  0.6477828274  0.2629640981  0.2619772416 -0.0011122337  0.0026298218 -0.0043538281  0.6486033326  0.2626899932 -0.0011540086  0.0009258320 -0.0044024248  0.6489492336 -0.0002558687  0.0025395332 -0.0020461077  0.1925053731 -0.0015145344  0.0005412733  0.1918610324 -0.0009649406  0.1932253535
  0.8000000000  0.6666666667  0.0000000000  1.0000000000  0.3333333333  1.0000000000  0.6465779435  0.2631865875  0.2628263325  0.0000953811  0.0017548523 -0.0027326623  0.6494635495  0.2639732663  0.0001977929  0.0009859790 -0.0030358121  0.6519256312  0.0006476774  0.0016867720 -0.0016562638  0.1925266364 -0.0012253587  0.0005383588  0.1916934882 -0.0000867408  0.1923364899
  0.8000000000  0.6666666667  0.0000000000  1.0000000000  0.6666666667  0.0000000000  0.7175289689  0.2017289110  0.1661395870 -0.0332406079  0.0024255390 -0.0002440639  0.5586880586  0.1659264832 -0.0602199961  0.0009291303 -0.0007203376  0.4365101074 -0.0537110043  0.0025989464 -0.0003709002  0.1705544659 -0.0009608854  0.0006804028  0.1619863257 -0.0330449326  0.2022380081
  0.8000000000  0.6666666667  0.0000000000  1.0000000000  0.6666666667  0.3333333333  0.6700295429  0.2589801307  0.2445562884 -0.0108156608  0.0005141988 -0.0002371294  0.6463276481  0.2499114889 -0.0271763061  0.0002766619 -0.0002125262  0.5948802875 -0.0100191091  0.0004446712 -0.0000834663  0.1860046903 -0.0001151451  0.0001468007  0.1796361836 -0.0113982179  0.1980375247
  0.8000000000  0.6666666667  0.0000000000  1.0000000000  0.6666666667  0.6666666667  0.6501084812  0.2636994375  0.2626907729 -0.0014527616  0.0003754551 -0.0002279339  0.6500955993  0.2632295567 -0.0028954273  0.0002157861 -0.0001767809  0.6466336999 -0.0019514674  0.0003446035 -0.0001216081  0.1913800409 -0.0000809017  0.0001487943  0.1908429139 -0.0011190439  0.1922946030
  0.8000000000  0.6666666667  0.0000000000  1.0000000000  0.6666666667  1.0000000000  0.6485882526  0.2635348853  0.2631863351 -0.0004056434  0.0002802115 -0.0001689436  0.6496438684  0.2636845450 -0.0007882105  0.0001554948 -0.0001250938  0.6490609524 -0.0004180641  0.0002906298 -0.0000774437  0.1918667020 -0.0000468845  0.0000985386  0.1914712070 -0.0003311556  0.1920713679
  0.8000000000  0.6666666667  0.0000000000  1.0000000000  1.0000000000  0.0000000000  0.7164210464  0.2021264512  0.1666069628 -0.0327963872 -0.0014350031  0.0011075596  0.5588874262  0.1661831882 -0.0598863232 -0.0005302218  0.0017523327  0.4379342412 -0.0527164455 -0.0019059923  0.0006215730  0.1709346255  0.0012297638 -0.0005274909  0.1620224473 -0.0327662737  0.2025100250
  0.8000000000  0.6666666667  0.0000000000  1.0000000000  1.0000000000  0.3333333333  0.6692734467  0.2250587702  0.1989498273 -0.0110294427  0.0007027528  0.0029308370  0.6067089843  0.2069842474 -0.0279231022  0.0009036984  0.0032106440  0.5368702006 -0.0063445324  0.0006822686  0.0015737556  0.1826078088  0.0018423503  0.0002372712  0.1691577051 -0.0162297460  0.2037942692
  0.8000000000  0.6666666667  0.0000000000  1.0000000000  1.0000000000  0.6666666667  0.6511524309  0.2634048431  0.2615939070 -0.0022074110 -0.0002273877  0.0011665965  0.6497969996  0.2622540537 -0.0046687208 -0.0001533922  0.0012423423  0.6435949288 -0.0027899864 -0.0002249014  0.0006882803  0.1913093869  0.0004387471 -0.0001174414  0.1904760042 -0.0017816510  0.1928880840
  0.8000000000  0.6666666667  0.0000000000  1.0000000000  1.0000000000  1.0000000000  0.6492840410  0.2637299276  0.2630011733 -0.0010048937 -0.0002720107  0.0009461459  0.6500375499  0.2635873010 -0.0019684610 -0.0001712384  0.0010114091  0.6482654945 -0.0013282249 -0.0002765947  0.0005948471  0.1915977428  0.0004372169 -0.0001231541  0.1910769797 -0.0007517410  0.1921769942
  0.8000000000  0.6666666667  0.3333333333  0.0000000000  0.0000000000  0.0000000000  0.7717749490  0.1972231676  0.2124593086  0.0100732193  0.0022985749  0.0024068648  0.5454818683  0.1584242742  0.0214521173  0.0010495746  0.0019051095  0.6277707129  0.0183406770  0.0018864421  0.0011454417  0.1470620017  0.0010314882  0.0009637505  0.2154616512  0.0070238673  0.1944732810
  0.8000000000  0.6666666667  0.3333333333  0.0000000000  0.0000000000  0.3333333333  0.6427085112  0.1734859343  0.1588901692  0.0196159188  0.0022934695 -0.0002941776  0.5362239591  0.1470969494  0.0580090675  0.0004444170 -0.0000345759  0.5753896931  0.0506219163  0.0017946222  0.0002304709  0.1520614192  0.0002598099  0.0002705224  0.1869941070  0.0168080892  0.1928166163
  0.8000000000  0.6666666667  0.3333333333  0.0000000000  0.0000000000  0.6666666667  0.7774903389  0.1856408402  0.2211416285  0.0471850281 -0.0010203290  0.0005474474  0.4862340436  0.1648867065  0.0819849685 -0.0003993409  0.0009243038  0.6236803361  0.0804459124 -0.0014397753 -0.0000465067  0.1562636225 -0.0002802375 -0.0002152319  0.2149563913  0.0351836458  0.1830972812
  0.8000000000  0.6666666667  0.3333333333  0.0000000000  0.0000000000  1.0000000000  0.7669268375  0.1741112861  0.2212440221  0.0493982862 -0.0019249186  0.0013559122  0.4523565196  0.1613164851  0.0855017470 -0.0007721801  0.0016529666  0.6298270609  0.0847290685 -0.0019701052  0.0001708605  0.1592494532 -0.0002554323 -0.0005312244  0.2175441511  0.0373204337  0.1736519186
  0.8000000000  0.6666666667  0.3333333333  0.0000000000  0.3333333333  0.0000000000  0.6905732730  0.1588625228  0.1526207179 -0.0126677163  0.0201507148  0.0097633215  0.5047440510  0.1473181428 -0.0225188501  0.0056788019  0.0092332750  0.4737918811 -0.0272214360  0.0164909567  0.0038163690  0.1645614701  0.0024295763  0.0042860717  0.1569160469 -0.0120543546  0.1809840422
  0.8000000000  0.6666666667  0.3333333333  0.0000000000  0.3333333333  0.3333333333  0.6529299803  0.2628478637  0.2631710835 -0.0004996009  0.0011361467  0.0009366289  0.6477298504  0.2619919240 -0.0014390537  0.0005954178  0.0006225276  0.6469803083 -0.0004086692  0.0008809368  0.0004377033  0.1908848269  0.0002134882  0.0004327003  0.1914870730 -0.0002286327  0.1912741572
  0.8000000000  0.6666666667  0.3333333333  0.0000000000  0.3333333333  0.6666666667  0.6542918879  0.2622799159  0.2635114922  0.0009426227  0.0007621815  0.0002947739  0.6461210192  0.2622771040  0.0008725201  0.0003175855 -0.0000931005  0.6482880767  0.0025578587  0.0001782389 -0.0000309643  0.1915941568 -0.0001253531  0.0002906858  0.1921635071  0.0012267268  0.1912153175
  0.8000000000  0.6666666667  0.3333333333  0.0000000000  0.3333333333  1.0000000000  0.6536930668  0.2614601848  0.2632065601  0.0016894914  0.0000488477 -0.0001357214  0.6447450579  0.2622944742  0.0020570768 -0.0001332065 -0.0005971985  0.6491739660  0.0038441593 -0.0005499119 -0.0002632431  0.1918655934 -0.0002953260 -0.0000318565  0.1921193307  0.0017868494  0.1906721935
  0.8000000000  0.6666666667  0.3333333333  0.0000000000  0.6666666667  0.0000000000  0.6992114512  0.2052829370  0.1821043938 -0.0186916435  0.0201980363  0.0109120540  0.6321863449  0.1886476979 -0.0360525575  0.0076105567  0.0103344238  0.5380663945 -0.0365888632  0.0190854148  0.0042635839  0.1868610693  0.0032319380  0.0043465893  0.1665265776 -0.0166761748  0.2003214183
  0.8000000000  0.6666666667  0.3333333333  0.0000000000  0.6666666667  0.3333333333  0.6613255387  0.2614837256  0.2560185872 -0.0056581637  0.0032596618  0.0013521633  0.6498386835  0.2568860360 -0.0133998380  0.0009544382  0.0008856086  0.6270415698 -0.0067944307  0.0014652422  0.0001662347  0.1905686214 -0.0003162041  0.0007989321  0.1880649074 -0.0052537874  0.1948698472
  0.8000000000  0.6666666667  0.3333333333  0.0000000000  0.6666666667  0.6666666667  0.6500386582  0.2633858010  0.2631635800 -0.0006532205  0.0004307515  0.0003124573  0.6498293305  0.2631362887 -0.0015310224  0.0001315201  0.0001416185  0.6481350570 -0.0007889908  0.0001210329  0.0000899982  0.1917834710 -0.0000142638  0.0001023030  0.1913575031 -0.0003680160  0.1916242744
  0.8000000000  0.6666666667  0.3333333333  0.0000000000  0.6666666667  1.0000000000  0.6493443711  0.2629471544  0.2631506126  0.0001562864 -0.0001178871 -0.0000745872  0.6498584158  0.2634213243 -0.0001010442 -0.0002550991 -0.0003713708  0.6499031379  0.0006807230 -0.0006979435 -0.0001381044  0.1920234173 -0.0001985781 -0.0001143959  0.1912245566  0.0003552631  0.1909971777
  0.8000000000  0.6666666667  0.3333333333  0.0000000000  1.0000000000  0.0000000000  0.6607813836  0.2030638835  0.1777892424 -0.0170295500  0.0214614131  0.0131676144  0.6464384208  0.2037254241 -0.0356087400  0.0050933196  0.0109799198  0.5461329470 -0.0311925521  0.0160290156  0.0021588461  0.1993284287  0.0014285328  0.0022284198  0.1537276778 -0.0214402694  0.1920378668
  0.8000000000  0.6666666667  0.3333333333  0.0000000000  1.0000000000  0.3333333333  0.6654437651  0.2594978855  0.2487878675 -0.0090304212  0.0023198362  0.0006531185  0.6488609799  0.2525536016 -0.0221582332  0.0008045314  0.0003666305  0.6080445670 -0.0092214343  0.0012074468  0.0001197055  0.1880177425 -0.0002422183  0.0006574258  0.1825511006 -0.0089819042  0.1964281128
  0.8000000000  0.6666666667  0.3333333333  0.0000000000  1.0000000000  0.6666666667  0.6518122346  0.2627832032  0.2606191367 -0.0028199299  0.0010159838  0.0003835502  0.6527744179  0.2616863011 -0.0058910824  0.0001620400  0.0000095217  0.6430025295 -0.0032703906 -0.0002200215 -0.0000322551  0.1921173162 -0.0002458272  0.0001951827  0.1899833606 -0.0019995367  0.1925274779
  0.8000000000  0.6666666667  0.3333333333  0.0000000000  1.0000000000  1.0000000000  0.6478529751  0.2629116114  0.2625509742 -0.0007647272 -0.0001923287 -0.0000655020  0.6515363878  0.2634344443 -0.0017191724 -0.0003292875 -0.0002946349  0.6493145833 -0.0008946422 -0.0009113701 -0.0001163778  0.1922225923 -0.0001600843 -0.0002261760  0.1906667794 -0.0004356039  0.1909891908
  0.8000000000  0.6666666667  0.3333333333  0.3333333333  0.0000000000  0.0000000000  0.7639882030  0.1610362033  0.2385021440 -0.0122090519  0.0002585700 -0.0000383549  0.4609491447  0.1506333712 -0.0273872335 -0.0000290286 -0.0002388452  0.7151024840 -0.0220478083  0.0000503931 -0.0000584235  0.1274930634 -0.0000024879  0.0000284271  0.2400565696 -0.0085031835  0.1595656527
  0.8000000000  0.6666666667  0.3333333333  0.3333333333  0.0000000000  0.3333333333  0.6322823804  0.1782637118  0.1712477517  0.0160015415  0.0137948295 -0.0048272878  0.5409657332  0.1481162922  0.0432647647  0.0035777140 -0.0034155392  0.5847627075  0.0425898526  0.0156816763 -0.0033109215  0.1529116354 -0.0058573048  0.0024843017  0.1797138808  0.0117362093  0.1925487200
  0.8000000000  0.6666666667  0.3333333333  0.3333333333  0.0000000000  0.6666666667  0.6238156287  0.1745553218  0.1687839940  0.0173323453  0.0136179319 -0.0049009296  0.5323769414  0.1493674694  0.0464514691  0.0031327072 -0.0031569629  0.5987275703  0.0480269964  0.0139154653 -0.0031238422  0.1549510652 -0.0069228292  0.0022541588  0.1810748969  0.0130058921  0.1894952511
  0.8000000000  0.6666666667  0.3333333333  0.3333333333  0.0000000000  1.0000000000  0.6101794773  0.1647483154  0.1703720242  0.0202226801  0.0112329936 -0.0064094360  0.4930967519  0.1469569130  0.0549535025  0.0014934651 -0.0041179840  0.5959370666  0.0560437893  0.0092069428 -0.0036023868  0.1545713063 -0.0060132900  0.0015036937  0.1862499064  0.0170344938  0.1802047623
  0.8000000000  0.6666666667  0.3333333333  0.3333333333  0.3333333333  0.0000000000  0.7114422553  0.1812142598  0.1676809100 -0.0234051899  0.0126161399  0.0035623875  0.5431850472  0.1447849409 -0.0493778215  0.0034788430  0.0021844036  0.5158062451 -0.0476299323  0.0129869064  0.0018037561  0.1566322426  0.0020855289  0.0029750042  0.1778473904 -0.0190215092  0.1973634611
  0.8000000000  0.6666666667  0.3333333333  0.3333333333  0.3333333333  0.3333333333  0.6527442236  0.2630387782  0.2631632125 -0.0011599597  0.0021682195 -0.0003922168  0.6480536512  0.2619410867 -0.0025429489  0.0010391361 -0.0001007484  0.6457761288 -0.0015535318  0.0016523435 -0.0002538370  0.1911475172 -0.0001911161  0.0006712463  0.1917601961 -0.0008304312  0.1919445563
  0.8000000000  0.6666666667  0.3333333333  0.3333333333  0.3333333333  0.6666666667  0.6643834449  0.2604116763  0.2612704326  0.0012469880  0.0019000833 -0.0011758972  0.6453570176  0.2588537217  0.0001011254  0.0004809651 -0.0008472145  0.6472361417  0.0030894689  0.0005370320 -0.0008269576  0.1930785564 -0.0005467454  0.0003754729  0.1937182777  0.0010543734  0.1932965367
  0.8000000000  0.6666666667  0.3333333333  0.3333333333  0.3333333333  1.0000000000  0.6623173679  0.2595518705  0.2617406779  0.0021282582  0.0010315522 -0.0016613219  0.6430940333  0.2589782959  0.0021773521  0.0002256012 -0.0015822579  0.6509907879  0.0043663846  0.0000908898 -0.0011426046  0.1934066610 -0.0008375760  0.0000153955  0.1937709237  0.0016744885  0.1923383013
  0.8000000000  0.6666666667  0.3333333333  0.3333333333  0.6666666667  0.0000000000  0.7052327558  0.2040097066  0.1816495116 -0.0198667171  0.0220774041  0.0106169350  0.6253592415  0.1845183095 -0.0370205027  0.0084515841  0.0108076177  0.5340528403 -0.0379669482  0.0206365582  0.0046250092  0.1839472709  0.0034047677  0.0049779522  0.1682092410 -0.0172624830  0.2004651633
  0.8000000000  0.6666666667  0.3333333333  0.3333333333  0.6666666667  0.3333333333  0.6591516768  0.2620206284  0.2574952772 -0.0049833891  0.0027655822  0.0010435290  0.6497233457  0.2583385584 -0.0117164714  0.0010880655  0.0012565545  0.6295584761 -0.0061850416  0.0013423208  0.0002043860  0.1904530737  0.0000896265  0.0006489524  0.1885367736 -0.0045992890  0.1943795747
  0.8000000000  0.6666666667  0.3333333333  0.3333333333  0.6666666667  0.6666666667  0.6501708033  0.2634431499  0.2631692175 -0.0008296006  0.0004406941  0.0000455229  0.6498718595  0.2630939202 -0.0018074779  0.0000990650  0.0002251910  0.6479507942 -0.0011229813  0.0000605822  0.0000282356  0.1917618872  0.0000129418  0.0000416182  0.1914700326 -0.0005442480  0.1917590877
  0.8000000000  0.6666666667  0.3333333333  0.3333333333  0.6666666667  1.0000000000  0.6490174998  0.2632353999  0.2633225254 -0.0001248002 -0.0002900560 -0.0003290840  0.6495869061  0.2634368676 -0.0004058556 -0.0003289252 -0.0001584412  0.6493430808  0.0000009521 -0.0007631811 -0.0001569670  0.1919241756 -0.0000986812 -0.0002338895  0.1915591562 -0.0000243534  0.1914447109
  0.8000000000  0.6666666667  0.3333333333  0.3333333333  1.0000000000  0.0000000000  0.6813214933  0.2073840130  0.1829152499 -0.0162434866  0.0174056565  0.0132433124  0.6471419886  0.1983484391 -0.0326893751  0.0049009417  0.0124050890  0.5529174513 -0.0321658004  0.0145937781  0.0038520982  0.1942502234  0.0034626481  0.0021073785  0.1613262088 -0.0164407986  0.1992606760
  0.8000000000  0.6666666667  0.3333333333  0.3333333333  1.0000000000  0.3333333333  0.6641873326  0.2602068730  0.2504810758 -0.0083392120  0.0014443208  0.0009802808  0.6485841914  0.2538575458 -0.0202312535  0.0005154701  0.0012236882  0.6120210326 -0.0084919216  0.0006088591  0.0004830836  0.1881719009  0.0003243719  0.0003210292  0.1835803756 -0.0081757111  0.1961003069
  0.8000000000  0.6666666667  0.3333333333  0.3333333333  1.0000000000  0.6666666667  0.6525917021  0.2629432612  0.2606163303 -0.0026702762  0.0005860482  0.0008099783  0.6530283298  0.2617031112 -0.0063400570  0.0000041912  0.0012409870  0.6424054472 -0.0034059360 -0.0009182292  0.0003896159  0.1922799808  0.0003372694 -0.0002894180  0.1903355612 -0.0022564121  0.1930776956
  0.8000000000  0.6666666667  0.3333333333  0.3333333333  1.0000000000  1.0000000000  0.6480859900  0.2631369755  0.2627326246 -0.0007761285 -0.0007201322  0.0001996252  0.6513822040  0.2634153281 -0.0016966662 -0.0006578085  0.0004100097  0.6488202112 -0.0009743632 -0.0015066834  0.0001721841  0.1920083515  0.0001326053 -0.0005201572  0.1908953488 -0.0005025048  0.1912095187
  0.8000000000  0.6666666667  0.3333333333  0.6666666667  0.0000000000  0.0000000000  0.7062142332  0.2144870039  0.2367741229 -0.0211510267  0.0216068085 -0.0233406919  0.5802152258  0.2187030759 -0.0303847440  0.0087271968 -0.0247238191  0.6459173767 -0.0274117265  0.0236387312 -0.0068983076  0.1977731330 -0.0074173107  0.0111999376  0.2166389280 -0.0200188475  0.2007580615
  0.8000000000  0.6666666667  0.3333333333  0.6666666667  0.0000000000  0.3333333333  0.6180190757  0.1878956288  0.2149698320  0.0001529596  0.0267893184 -0.0363252822  0.5311986728  0.1886427935  0.0104232046  0.0083168031 -0.0369402299  0.6593230819  0.0119927863  0.0272077786 -0.0134426660  0.1732324880 -0.0144195549  0.0112487546  0.2093590916 -0.0027205292  0.1877295374
  0.8000000000  0.6666666667  0.3333333333  0.6666666667  0.0000000000  0.6666666667  0.6065243965  0.1866719345  0.2094625978  0.0051447799  0.0225603676 -0.0453774825  0.5079087325  0.1822990807  0.0276472945  0.0031466824 -0.0445042708  0.6560384986  0.0328307091  0.0258106693 -0.0156955105  0.1675141887 -0.0186100627  0.0038908195  0.2016819101  0.0017997384  0.1868249327
  0.8000000000  0.6666666667  0.3333333333  0.6666666667  0.0000000000  1.0000000000  0.5832797388  0.1824955116  0.2004349080  0.0083013940  0.0233806526 -0.0504875967  0.5046892752  0.1782293342  0.0321954452  0.0057101803 -0.0538667850  0.6775504257  0.0361270520  0.0254254478 -0.0226846513  0.1696956348 -0.0245346814  0.0050130626  0.1960869094  0.0038957824  0.1864173821
  0.8000000000  0.6666666667  0.3333333333  0.6666666667  0.3333333333  0.0000000000  0.7150776076  0.1968272952  0.1873447400 -0.0241918868  0.0269989687  0.0007032224  0.5785821504  0.1719734182 -0.0401367073  0.0119878471  0.0001226888  0.5042671659 -0.0428402534  0.0255024583  0.0009186883  0.1784350564 -0.0012021040  0.0103769221  0.1853711747 -0.0229381469  0.1979387147
  0.8000000000  0.6666666667  0.3333333333  0.6666666667  0.3333333333  0.3333333333  0.6516390901  0.2630028710  0.2627484897 -0.0015984054  0.0026469576 -0.0019709057  0.6479736541  0.2619260966 -0.0030691547  0.0013018176 -0.0013441805  0.6454293489 -0.0022711751  0.0021934306 -0.0010219358  0.1911599255 -0.0007365981  0.0008517823  0.1917407950 -0.0012470683  0.1922242579
  0.8000000000  0.6666666667  0.3333333333  0.6666666667  0.3333333333  0.6666666667  0.6534623734  0.2611642215  0.2623591808 -0.0010969306  0.0018232033 -0.0055723555  0.6440344264  0.2606114699 -0.0016443778  0.0006080830 -0.0044695230  0.6538527750 -0.0009980815  0.0013256181 -0.0027508839  0.1925870975 -0.0022888477  0.0002661934  0.1932288642 -0.0010312639  0.1932736589
  0.8000000000  0.6666666667  0.3333333333  0.6666666667  0.3333333333  1.0000000000  0.6512258811  0.2597936933  0.2621096223  0.0009366286  0.0019736802 -0.0074963242  0.6421777420  0.2601416590  0.0015743566  0.0005236321 -0.0060312118  0.6593579461  0.0029640885  0.0014052382 -0.0037018021  0.1926674112 -0.0031681293  0.0001575136  0.1939945646  0.0007120527  0.1932671662
  0.8000000000  0.6666666667  0.3333333333  0.6666666667  0.6666666667  0.0000000000  0.7003834289  0.2070893915  0.1785561976 -0.0214535577  0.0237567794  0.0153580099  0.6039710224  0.1764954164 -0.0441349002  0.0073195296  0.0155336137  0.5107036300 -0.0457236104  0.0215644093  0.0058875521  0.1790744803  0.0054875257  0.0037027732  0.1679311090 -0.0189538081  0.2053272427
  0.8000000000  0.6666666667  0.3333333333  0.6666666667  0.6666666667  0.3333333333  0.6568290371  0.2624267355  0.2586593492 -0.0045514711  0.0027856421  0.0003150208  0.6494152421  0.2594520067 -0.0102392569  0.0010263383  0.0006958789  0.6326275748 -0.0058338413  0.0015669926 -0.0000230207  0.1904372446 -0.0001450487  0.0009007225  0.1891005480 -0.0041361486  0.1939018632
  0.8000000000  0.6666666667  0.3333333333  0.6666666667  0.6666666667  0.6666666667  0.6502671306  0.2637353649  0.2632673223 -0.0010014696  0.0005130620 -0.0004319666  0.6498833885  0.2632548889 -0.0019835822  0.0002135742 -0.0001198456  0.6477818425 -0.0014270315  0.0002789700 -0.0001744810  0.1914187970 -0.0001215698  0.0001362808  0.1913610609 -0.0007276471  0.1919117776
  0.8000000000  0.6666666667  0.3333333333  0.6666666667  0.6666666667  1.0000000000  0.6489417459  0.2634728870  0.2634076362 -0.0002166437 -0.0001175439 -0.0006216275  0.6492437988  0.2635095456 -0.0004561050 -0.0001579767 -0.0003624644  0.6491170892 -0.0002015910 -0.0003489338 -0.0003005250  0.1917858417 -0.0001995587 -0.0001116858  0.1917107012 -0.0001555067  0.1917887961
  0.8000000000  0.6666666667  0.3333333333  0.6666666667  1.0000000000  0.0000000000  0.6817896314  0.2104959901  0.1762340687 -0.0174564272  0.0250762460  0.0213982277  0.6098821737  0.1787327869 -0.0443415606  0.0055214285  0.0205095973  0.4965954698 -0.0415865745  0.0221698681  0.0055866438  0.1805559951  0.0065813087  0.0020468794  0.1631095834 -0.0176823969  0.2080538050
  0.8000000000  0.6666666667  0.3333333333  0.6666666667  1.0000000000  0.3333333333  0.6622272808  0.2609423270  0.2522099424 -0.0073926428  0.0026986408  0.0019227498  0.6491939831  0.2551321573 -0.0183539002  0.0009676776  0.0022428680  0.6160939883 -0.0083089815  0.0016141783  0.0005774300  0.1887738124  0.0003587140  0.0004695336  0.1851658052 -0.0072002096  0.1962989986
  0.8000000000  0.6666666667  0.3333333333  0.6666666667  1.0000000000  0.6666666667  0.6511227546  0.2636890916  0.2621258525 -0.0020531138  0.0005186425  0.0009085642  0.6512350218  0.2626489123 -0.0042608035  0.0000052587  0.0014710898  0.6454546731 -0.0027714795 -0.0000907249  0.0006803741  0.1918539882  0.0003385526 -0.0000876737  0.1912103467 -0.0015001071  0.1928669977
  0.8000000000  0.6666666667  0.3333333333  0.6666666667  1.0000000000  1.0000000000  0.6488380499  0.2635826747  0.2630476518 -0.0006558110 -0.0004788074  0.0003847649  0.6503689309  0.2634172974 -0.0013198517 -0.0003988942  0.0005974165  0.6483485000 -0.0008652146 -0.0007920149  0.0002398647  0.1918486739  0.0001470875 -0.0002953589  0.1914914629 -0.0004591162  0.1919819903
  0.8000000000  0.6666666667  0.3333333333  1.0000000000  0.0000000000  0.0000000000  0.6415107230  0.1946877668  0.1996057287 -0.0118975523  0.0326820155 -0.0404396912  0.5382653108  0.1821540430 -0.0153916495  0.0117288356 -0.0462663170  0.5748194623 -0.0127852284  0.0360573684 -0.0172582039  0.1888236553 -0.0189167031  0.0137184586  0.2012603933 -0.0174764852  0.2027783444
  0.8000000000  0.6666666667  0.3333333333  1.0000000000  0.0000000000  0.3333333333  0.5060587304  0.1892399811  0.1838351148  0.0025245884  0.0124600874 -0.0894723040  0.4989522286  0.1768052138  0.0115349398  0.0021411156 -0.0886567227  0.6818527075  0.0134325480  0.0141884776 -0.0430947644  0.1810051402 -0.0467186717  0.0010178505  0.1827059074  0.0009008479  0.1875027033
  0.8000000000  0.6666666667  0.3333333333  1.0000000000  0.0000000000  0.6666666667  0.5194413517  0.1807482342  0.1873369385  0.0032081915  0.0095866408 -0.0860503605  0.5190342036  0.1815759669  0.0111018649  0.0028004451 -0.0851462101  0.6997523712  0.0127388632  0.0110298840 -0.0419299036  0.1856022164 -0.0414524079  0.0017971991  0.1869370562  0.0018593377  0.1808920720
  0.8000000000  0.6666666667  0.3333333333  1.0000000000  0.0000000000  1.0000000000  0.5168765663  0.1775818311  0.1864811357  0.0047788736  0.0108848996 -0.0877938345  0.5120644260  0.1803401131  0.0183112601  0.0040293483 -0.0871251669  0.6957265941  0.0195672276  0.0130967210 -0.0421259646  0.1846403687 -0.0408493844  0.0023770043  0.1874681852  0.0028329872  0.1798266086
  0.8000000000  0.6666666667  0.3333333333  1.0000000000  0.3333333333  0.0000000000  0.6908603681  0.2017094800  0.1885982939 -0.0244708265  0.0233388061 -0.0062154798  0.5710638641  0.1843932381 -0.0409739405  0.0104413820 -0.0078979534  0.5095162818 -0.0428589072  0.0221677822 -0.0023662806  0.1874091477 -0.0056916015  0.0093530500  0.1819114637 -0.0256234397  0.1974036085
  0.8000000000  0.6666666667  0.3333333333  1.0000000000  0.3333333333  0.3333333333  0.6497539112  0.2629046506  0.2618211424 -0.0020860535  0.0028496378 -0.0026693876  0.6481747977  0.2619041982 -0.0039922295  0.0014027948 -0.0026197974  0.6454590709 -0.0030590032  0.0024771580 -0.0016192617  0.1913597045 -0.0013580645  0.0009845108  0.1912417480 -0.0016064098  0.1925547534
  0.8000000000  0.6666666667  0.3333333333  1.0000000000  0.3333333333  0.6666666667  0.6465839347  0.2624885852  0.2621301851 -0.0008411515  0.0023567162 -0.0054305746  0.6457005213  0.2622001707 -0.0012264960  0.0010232490 -0.0052793750  0.6529292874 -0.0007144875  0.0020301865 -0.0031147447  0.1921130913 -0.0025675223  0.0006097543  0.1921468871 -0.0007381915  0.1927692927
  0.8000000000  0.6666666667  0.3333333333  1.0000000000  0.3333333333  1.0000000000  0.6433570220  0.2617020254  0.2615404444  0.0000652002  0.0013334548 -0.0074343298  0.6420032535  0.2615248752  0.0005619130  0.0004283080 -0.0070196562  0.6568283205  0.0011243010  0.0013690115 -0.0041001957  0.1919882429 -0.0036104504  0.0002369698  0.1922064162 -0.0001202086  0.1925472679
  0.8000000000  0.6666666667  0.3333333333  1.0000000000  0.6666666667  0.0000000000  0.6891794594  0.2071633980  0.1778606646 -0.0232746615  0.0188019022  0.0146240033  0.5861344481  0.1793852321 -0.0491461412  0.0057259377  0.0140573976  0.4931317544 -0.0460456332  0.0174976019  0.0046427749  0.1822074422  0.0049151845  0.0029954454  0.1665346853 -0.0235709044  0.2037960043
  0.8000000000  0.6666666667  0.3333333333  1.0000000000  0.6666666667  0.3333333333  0.6565948625  0.2624418350  0.2587177139 -0.0046701287  0.0035561005  0.0003943365  0.6496153970  0.2596565442 -0.0103053257  0.0013628562  0.0001819251  0.6331886302 -0.0063650149  0.0022166125 -0.0004898851  0.1909421608 -0.0005783478  0.0010452945  0.1895836267 -0.0041032331  0.1942463433
  0.8000000000  0.6666666667  0.3333333333  1.0000000000  0.6666666667  0.6666666667  0.6495365423  0.2637595397  0.2631187899 -0.0010378715  0.0007809759 -0.0007484042  0.6498987068  0.2634073852 -0.0019164906  0.0004124380 -0.0007873884  0.6479806105 -0.0014467950  0.0005898568 -0.0004936001  0.1914906418 -0.0004101043  0.0003052137  0.1912915871 -0.0007348244  0.1921240688
  0.8000000000  0.6666666667  0.3333333333  1.0000000000  0.6666666667  1.0000000000  0.6486002220  0.2635239983  0.2633335935 -0.0002314769  0.0001128303 -0.0007904625  0.6492643635  0.2636304670 -0.0004300742  0.0000292896 -0.0007291316  0.6493947026 -0.0002169485 -0.0000134144 -0.0004720316  0.1918337733 -0.0003927358  0.0000368876  0.1916597255 -0.0001947109  0.1919747681
  0.8000000000  0.6666666667  0.3333333333  1.0000000000  1.0000000000  0.0000000000  0.6896867979  0.2101538415  0.1787845119 -0.0205502826  0.0205347196  0.0202699448  0.5913170320  0.1777129555 -0.0468693657  0.0054758379  0.0198512300  0.4996080091 -0.0457193558  0.0186443006  0.0066719787  0.1807134073  0.0077722488  0.0019010551  0.1672495398 -0.0200523531  0.2078580274
  0.8000000000  0.6666666667  0.3333333333  1.0000000000  1.0000000000  0.3333333333  0.6598845995  0.2616413474  0.2551336375 -0.0063017073  0.0029430943  0.0019133601  0.6489840960  0.2571854420 -0.0149264303  0.0010775244  0.0017595805  0.6231578114 -0.0075852545  0.0016435743  0.0003636262  0.1895460345  0.0001337618  0.0006505885  0.1870117394 -0.0059100077  0.1954259944
  0.8000000000  0.6666666667  0.3333333333  1.0000000000  1.0000000000  0.6666666667  0.6500417239  0.2639103355  0.2628924105 -0.0013015271  0.0004637090  0.0006808015  0.6503321029  0.2632396161 -0.0025891027  0.0001952207  0.0006765682  0.6466562383 -0.0018488984  0.0003199233  0.0003846534  0.1914417832  0.0001537139  0.0001306777  0.1911594131 -0.0009685456  0.1923929573
  0.8000000000  0.6666666667  0.3333333333  1.0000000000  1.0000000000  1.0000000000  0.6488977693  0.2636744850  0.2631452247 -0.0004777915 -0.0001988176  0.0004584462  0.6499700811  0.2634970622 -0.0008776500 -0.0001355165  0.0004319083  0.6484174435 -0.0005560681 -0.0003392311  0.0001769728  0.1918181780  0.0000434106 -0.0000787216  0.1915907453 -0.0003645617  0.1921936094
  0.8000000000  0.6666666667  0.6666666667  0.0000000000  0.0000000000  0.0000000000  0.7260253665  0.1576423571  0.2335251138  0.0143193038  0.0018356298  0.0199775111  0.4406222200  0.1586691163  0.0311574579  0.0015069426  0.0149730031  0.6962896630  0.0281582006  0.0007272672  0.0072343111  0.1381754931  0.0043061973  0.0037660266  0.2327695516  0.0114942555  0.1541678395
  0.8000000000  0.6666666667  0.6666666667  0.0000000000  0.0000000000  0.3333333333  0.6118981630  0.1498736100  0.1751351655  0.0266600790  0.0053930277  0.0017152570  0.4199970742  0.1971279362  0.0586470823  0.0002292925  0.0020944672  0.5284657411  0.0594221918  0.0056622917 -0.0016619578  0.1936586481 -0.0009324164  0.0016141860  0.1908394490  0.0324840844  0.1652230659
  0.8000000000  0.6666666667  0.6666666667  0.0000000000  0.0000000000  0.6666666667  0.7675670791  0.1795252927  0.2260429474  0.0458371209 -0.0012447672  0.0012510989  0.4671363939  0.1677793375  0.0792137226 -0.0005954019  0.0017972213  0.6390902481  0.0775735706 -0.0011498586 -0.0002308294  0.1600242430 -0.0005968659 -0.0000649147  0.2191766885  0.0349600869  0.1762373160
  0.8000000000  0.6666666667  0.6666666667  0.0000000000  0.0000000000  1.0000000000  0.7673178890  0.1759624555  0.2249585605  0.0471546489 -0.0007676700 -0.0001793896  0.4584684237  0.1642080701  0.0815097600 -0.0004113782  0.0001989564  0.6414324524  0.0803073685 -0.0008824093 -0.0004838407  0.1600455449 -0.0006281250 -0.0002673258  0.2198733176  0.0352461414  0.1735632162
  0.8000000000  0.6666666667  0.6666666667  0.0000000000  0.3333333333  0.0000000000  0.6457136085  0.2282575506  0.2167810327 -0.0003337677  0.0594241456  0.0395235509  0.6108363522  0.2142272935 -0.0380554615  0.0111372189  0.0441095611  0.5494755093 -0.0347455226  0.0565042763  0.0023819004  0.1978875969  0.0039151218  0.0105944780  0.1998238247  0.0025833262  0.2049390946
  0.8000000000  0.6666666667  0.6666666667  0.0000000000  0.3333333333  0.3333333333  0.6547247264  0.2601611502  0.2629901591  0.0016852462  0.0036102850  0.0032022908  0.6408081796  0.2600768897  0.0007827811  0.0015604113  0.0025308365  0.6467192564  0.0030475755  0.0032247666  0.0009625450  0.1911046304  0.0005187008  0.0011271119  0.1936697880  0.0018417010  0.1907343878
  0.8000000000  0.6666666667  0.6666666667  0.0000000000  0.3333333333  0.6666666667  0.6655281118  0.2528093680  0.2615575699  0.0056725146  0.0014698999  0.0007904813  0.6203130051  0.2551529874  0.0053328233  0.0007662992  0.0002653307  0.6466309249  0.0139693842  0.0009988850  0.0001077525  0.1892444676 -0.0000019951  0.0006736527  0.1957283923  0.0062573845  0.1859232219
  0.8000000000  0.6666666667  0.6666666667  0.0000000000  0.3333333333  1.0000000000  0.6763993850  0.2428580365  0.2587486410  0.0102449364  0.0001342575 -0.0006427898  0.5939656935  0.2484228552  0.0094273333  0.0000431154 -0.0013239743  0.6460839001  0.0252176379 -0.0003762852 -0.0005066991  0.1872527207 -0.0004652299  0.0000457929  0.1986883793  0.0112381920  0.1804786021
  0.8000000000  0.6666666667  0.6666666667  0.0000000000  0.6666666667  0.0000000000  0.6351835351  0.2279482414  0.2131528469 -0.0077505232  0.0608499720  0.0444363344  0.6123196220  0.2076071628 -0.0519704593  0.0119362621  0.0464820635  0.5522066951 -0.0521485684  0.0604790998  0.0058106586  0.1915289225  0.0062150579  0.0099162362  0.1942420591 -0.0036391018  0.2052174087
  0.8000000000  0.6666666667  0.6666666667  0.0000000000  0.6666666667  0.3333333333  0.6510854630  0.2623809389  0.2629140324  0.0001401760  0.0044605213  0.0031264457  0.6479830957  0.2616331558 -0.0017933860  0.0017008322  0.0027158449  0.6458085797 -0.0004856039  0.0037962435  0.0007614587  0.1921011167  0.0003048274  0.0012061801  0.1929961485  0.0004767233  0.1923694358
  0.8000000000  0.6666666667  0.6666666667  0.0000000000  0.6666666667  0.6666666667  0.6515617823  0.2629382864  0.2637245301  0.0006659494  0.0009151749  0.0005802058  0.6476271734  0.2628946007  0.0006454294  0.0004266155  0.0002432790  0.6488979811  0.0016063852  0.0005425037  0.0002038385  0.1915512954  0.0000720079  0.0004046723  0.1921393291  0.0008198782  0.1911706820
  0.8000000000  0.6666666667  0.6666666667  0.0000000000  0.6666666667  1.0000000000  0.6516253362  0.2626646495  0.2636779940  0.0010242253 -0.0000876742 -0.0000725828  0.6469185301  0.2629555458  0.0012029150 -0.0001935257 -0.0003842638  0.6493177214  0.0022224797 -0.0005200411 -0.0001489329  0.1916710511 -0.0001729012 -0.0000468626  0.1921057657  0.0010724218  0.1910463370
  0.8000000000  0.6666666667  0.6666666667  0.0000000000  1.0000000000  0.0000000000  0.6367863847  0.2294169724  0.1952336359 -0.0144458312  0.0669584201  0.0461843796  0.6178178364  0.1939881332 -0.0660926226  0.0125987628  0.0456811150  0.5170358961 -0.0681493624  0.0669330555  0.0066406235  0.1846896692  0.0080607542  0.0074098582  0.1808407321 -0.0092597852  0.2118684188
  0.8000000000  0.6666666667  0.6666666667  0.0000000000  1.0000000000  0.3333333333  0.6419799843  0.2598984660  0.2594483255 -0.0008249164  0.0120067576  0.0106064862  0.6424273531  0.2590009303 -0.0112831297  0.0014227118  0.0103789485  0.6377540414 -0.0101830335  0.0114034318  0.0007036868  0.1935253071  0.0006276233  0.0012745015  0.1935704490 -0.0007452198  0.1939455491
  0.8000000000  0.6666666667  0.6666666667  0.0000000000  1.0000000000  0.6666666667  0.6512933346  0.2631814520  0.2634614480 -0.0000169754  0.0024399298  0.0015125829  0.6494750173  0.2628648165 -0.0014734920  0.0008526763  0.0011555916  0.6482863554 -0.0002140650  0.0017638288  0.0001805217  0.1924630336 -0.0001353206  0.0005250692  0.1927962350  0.0003964472  0.1924246952
  0.8000000000  0.6666666667  0.6666666667  0.0000000000  1.0000000000  1.0000000000  0.6500553801  0.2632475306  0.2636244027  0.0003851042 -0.0001020941 -0.0000771188  0.6489636402  0.2634561075  0.0002709830 -0.0002128293 -0.0003304939  0.6495606265  0.0009974351 -0.0005633972 -0.0001310358  0.1918270002 -0.0001628414 -0.0000836198  0.1917919402  0.0005293452  0.1912489977
  0.8000000000  0.6666666667  0.6666666667  0.3333333333  0.0000000000  0.0000000000  0.7295145213  0.1670573847  0.2575636636 -0.0004874449  0.0212248091  0.0020253163  0.4864943504  0.1684160061 -0.0020288693  0.0134338301  0.0024961956  0.7480443106 -0.0016971922  0.0205874747  0.0007226100  0.1424602732  0.0001995880  0.0212963218  0.2504322725 -0.0000569695  0.1459856513
  0.8000000000  0.6666666667  0.6666666667  0.3333333333  0.0000000000  0.3333333333  0.7120007289  0.1468371201  0.2407724598  0.0067277267  0.0123433687 -0.0152667690  0.4475702085  0.1486871189  0.0248580375  0.0056050595 -0.0208023876  0.7261128090  0.0180592876  0.0124213821 -0.0045314983  0.1350802567 -0.0016616856  0.0160548858  0.2431628263  0.0030971769  0.1349843395
  0.8000000000  0.6666666667  0.6666666667  0.3333333333  0.0000000000  0.6666666667  0.5848958488  0.1443207991  0.1767751872  0.0220806963  0.0117934015 -0.0059028350  0.4312431508  0.1385890097  0.0578887910  0.0035653553 -0.0037004720  0.6288058013  0.0498305150  0.0108650222 -0.0042739404  0.1452974286 -0.0052742722  0.0034184926  0.2015070643  0.0167299681  0.1601116933
  0.8000000000  0.6666666667  0.6666666667  0.3333333333  0.0000000000  1.0000000000  0.5912576157  0.1516567890  0.1764782787  0.0207941770  0.0084241698 -0.0080543811  0.4466827874  0.1447609375  0.0545706963  0.0009182614 -0.0060196087  0.6047163692  0.0572183877  0.0065507416 -0.0042382256  0.1539423215 -0.0052309648  0.0009924482  0.1957337760  0.0197242890  0.1677242394
  0.8000000000  0.6666666667  0.6666666667  0.3333333333  0.3333333333  0.0000000000  0.6398904105  0.2324042724  0.2262069391 -0.0031044182  0.0554130481  0.0305213495  0.6066007390  0.2256010329 -0.0346886112  0.0069015930  0.0320713407  0.5795185737 -0.0334452449  0.0533650799  0.0007156418  0.2032568700  0.0014245447  0.0057839575  0.2032328728 -0.0032796801  0.2030969753
  0.8000000000  0.6666666667  0.6666666667  0.3333333333  0.3333333333  0.3333333333  0.6522224006  0.2617416101  0.2636196675  0.0002522400  0.0036568839  0.0001050572  0.6449018960  0.2611945624 -0.0003728926  0.0016777705  0.0004148012  0.6475749079  0.0004108924  0.0033598663 -0.0001357807  0.1911417338 -0.0001246609  0.0011281877  0.1931376265  0.0003714677  0.1911749282
  0.8000000000  0.6666666667  0.6666666667  0.3333333333  0.3333333333  0.6666666667  0.6530375044  0.2618790891  0.2639443886  0.0012084483  0.0016139968 -0.0015543977  0.6435697493  0.2618206580  0.0015822603  0.0007461596 -0.0010365356  0.6494270381  0.0025835414  0.0013869202 -0.0007343245  0.1911225505 -0.0004798858  0.0004341592  0.1931279762  0.0010347901  0.1908793330
  0.8000000000  0.6666666667  0.6666666667  0.3333333333  0.3333333333  1.0000000000  0.6615677199  0.2548987977  0.2625652657  0.0043516625  0.0011466115 -0.0038798540  0.6243772718  0.2563999239  0.0044909350 -0.0000158185 -0.0028093590  0.6506333625  0.0111307550  0.0007381402 -0.0016827460  0.1896553587 -0.0012238552 -0.0002813946  0.1957677299  0.0044741595  0.1871495012
  0.8000000000  0.6666666667  0.6666666667  0.3333333333  0.6666666667  0.0000000000  0.6353239973  0.2282434189  0.1971804006 -0.0141906790  0.0678065654  0.0467210653  0.6122849342  0.1934317918 -0.0658169618  0.0133086328  0.0470062138  0.5184236284 -0.0678729617  0.0682026399  0.0068849371  0.1837922726  0.0080687181  0.0087486745  0.1823642444 -0.0086581538  0.2105586083
  0.8000000000  0.6666666667  0.6666666667  0.3333333333  0.6666666667  0.3333333333  0.6503302749  0.2627026474  0.2629715318 -0.0006189544  0.0045530462  0.0020018003  0.6490644265  0.2615941845 -0.0026990549  0.0018242579  0.0021455216  0.6454711764 -0.0018414513  0.0039453934  0.0003796640  0.1917950302  0.0001025819  0.0012435410  0.1929512468 -0.0001927917  0.1922703562
  0.8000000000  0.6666666667  0.6666666667  0.3333333333  0.6666666667  0.6666666667  0.6508074253  0.2632298940  0.2638417699  0.0001121152  0.0010983306 -0.0002046121  0.6479877143  0.2630098318 -0.0001456989  0.0004939422 -0.0000272423  0.6490262541  0.0002996898  0.0009006774 -0.0001458641  0.1916000843 -0.0001309663  0.0002984966  0.1923479555  0.0001948741  0.1915470169
  0.8000000000  0.6666666667  0.6666666667  0.3333333333  0.6666666667  1.0000000000  0.6510296919  0.2630679387  0.2638896699  0.0006457113 -0.0002163274 -0.0010398108  0.6473237844  0.2630055251  0.0008012401 -0.0002298581 -0.0007885120  0.6497487538  0.0013725294 -0.0005115367 -0.0005480568  0.1913266585 -0.0003871683 -0.0001884329  0.1922468007  0.0005875236  0.1910538164
  0.8000000000  0.6666666667  0.6666666667  0.3333333333  1.0000000000  0.0000000000  0.5973531297  0.2111215680  0.2126732154 -0.0147360358  0.0620379456  0.0529247641  0.6182451010  0.2180107125 -0.0609895143  0.0136972963  0.0530091268  0.5734733193 -0.0593834564  0.0579358270  0.0075827877  0.2016997004  0.0035082453  0.0119555994  0.1999750765 -0.0144841264  0.1913860506
  0.8000000000  0.6666666667  0.6666666667  0.3333333333  1.0000000000  0.3333333333  0.6480259814  0.2624396894  0.2615751960 -0.0012877396  0.0059110477  0.0037013007  0.6497389851  0.2609331985 -0.0054300562  0.0016257877  0.0039791010  0.6418443396 -0.0042925666  0.0048438427  0.0005934331  0.1920900297  0.0002874367  0.0012013290  0.1924541237 -0.0008191589  0.1930311563
  0.8000000000  0.6666666667  0.6666666667  0.3333333333  1.0000000000  0.6666666667  0.6509664816  0.2637959748  0.2637739529 -0.0003941263  0.0013332559  0.0004865467  0.6501062063  0.2631467506 -0.0013234805  0.0005531392  0.0007560493  0.6476655261 -0.0003641578  0.0006800268  0.0001663302  0.1920326090 -0.0000821744  0.0002430162  0.1924625505 -0.0000003431  0.1921305998
  0.8000000000  0.6666666667  0.6666666667  0.3333333333  1.0000000000  1.0000000000  0.6496388932  0.2633544770  0.2635995021  0.0000609158 -0.0003884369 -0.0003064535  0.6490433781  0.2633037954 -0.0001376011 -0.0003556680 -0.0001577032  0.6491904741  0.0002466082 -0.0006995870 -0.0001708706  0.1917821140 -0.0001378311 -0.0002794461  0.1920458353  0.0001501865  0.1915244175
  0.8000000000  0.6666666667  0.6666666667  0.6666666667  0.0000000000  0.0000000000  0.6837011569  0.2026614057  0.2499994669 -0.0039822002  0.0340587807 -0.0201803662  0.5961646907  0.2050624502  0.0036988125  0.0177943957 -0.0241104457  0.6886237549  0.0017980721  0.0338305060 -0.0053765474  0.1794713793 -0.0026756093  0.0226715945  0.2327252076 -0.0048816527  0.1830083126
  0.8000000000  0.6666666667  0.6666666667  0.6666666667  0.0000000000  0.3333333333  0.6051577749  0.1802296086  0.2161888716  0.0038896450  0.0263317244 -0.0371413763  0.5186154573  0.1819843938  0.0156553495  0.0104585378 -0.0336575260  0.6801413885  0.0161956726  0.0262297314 -0.0144872068  0.1674750792 -0.0143245948  0.0129332682  0.2129685124  0.0003606553  0.1778128629
  0.8000000000  0.6666666667  0.6666666667  0.6666666667  0.0000000000  0.6666666667  0.5954929569  0.1788162114  0.2123284504  0.0044149525  0.0195837885 -0.0445597370  0.4975366302  0.1790879225  0.0142957981  0.0075587593 -0.0414084868  0.6931194682  0.0152486440  0.0196409102 -0.0201607831  0.1656219617 -0.0199972985  0.0087184977  0.2088032966  0.0011786794  0.1782807637
  0.8000000000  0.6666666667  0.6666666667  0.6666666667  0.0000000000  1.0000000000  0.5934352398  0.1678755379  0.2062271341  0.0059638684  0.0122890617 -0.0513893650  0.4627737423  0.1673433562  0.0168360064  0.0042675217 -0.0491379353  0.7064784364  0.0183655169  0.0129162001 -0.0255722603  0.1590139538 -0.0240493959  0.0041894792  0.2073726827  0.0027753109  0.1728997276
  0.8000000000  0.6666666667  0.6666666667  0.6666666667  0.3333333333  0.0000000000  0.6329421308  0.2208308640  0.2261488791 -0.0143598172  0.0528764452  0.0207643715  0.6797376746  0.2132438794 -0.0405851324  0.0252132554  0.0239315834  0.5954086560 -0.0385240369  0.0489517929  0.0049050801  0.1927454493  0.0006185604  0.0264374634  0.2134014211 -0.0111593028  0.1968836945
  0.8000000000  0.6666666667  0.6666666667  0.6666666667  0.3333333333  0.3333333333  0.6501605709  0.2618339890  0.2633198989 -0.0006907713  0.0031460602 -0.0034104470  0.6442865686  0.2611965241 -0.0012285479  0.0017014233 -0.0018693823  0.6490637131 -0.0011093407  0.0030533218 -0.0016266123  0.1906685075 -0.0013043194  0.0011650737  0.1928572094 -0.0005091209  0.1911108613
  0.8000000000  0.6666666667  0.6666666667  0.6666666667  0.3333333333  0.6666666667  0.6508475288  0.2556463516  0.2615889586  0.0004927527  0.0021903876 -0.0142396244  0.6268917686  0.2550314163  0.0005928880  0.0007796299 -0.0087660077  0.6661200249  0.0015427292  0.0020937330 -0.0066784633  0.1894870038 -0.0062135723  0.0003326937  0.1962639560  0.0002448574  0.1920844011
  0.8000000000  0.6666666667  0.6666666667  0.6666666667  0.3333333333  1.0000000000  0.6495417103  0.2563786035  0.2617077613  0.0009466622  0.0005471158 -0.0161177002  0.6194938680  0.2539323299  0.0011019922  0.0000307220 -0.0072846051  0.6627331016  0.0019693633  0.0004893784 -0.0067902691  0.1859639246 -0.0065714774 -0.0000111541  0.1959844341  0.0004516819  0.1890782209
  0.8000000000  0.6666666667  0.6666666667  0.6666666667  0.6666666667  0.0000000000  0.5861951255  0.2126565644  0.2202925140 -0.0115716956  0.0621265242  0.0458846997  0.6192182064  0.2150409601 -0.0592875597  0.0165649817  0.0494639755  0.5862024344 -0.0562223432  0.0595268281  0.0060276227  0.1962752795  0.0015378114  0.0178363812  0.2062390833 -0.0097947471  0.1928600333
  0.8000000000  0.6666666667  0.6666666667  0.6666666667  0.6666666667  0.3333333333  0.6499467641  0.2630300127  0.2629088164 -0.0013073967  0.0044507014  0.0003404899  0.6497177222  0.2618976175 -0.0031052214  0.0019637815  0.0008564331  0.6455697373 -0.0029346408  0.0039960004 -0.0002343712  0.1917900265 -0.0003320251  0.0013449445  0.1927495261 -0.0008696357  0.1925240522
  0.8000000000  0.6666666667  0.6666666667  0.6666666667  0.6666666667  0.6666666667  0.6503205992  0.2634444750  0.2638312100 -0.0003139216  0.0009216636 -0.0015957787  0.6479469496  0.2630656053 -0.0006167927  0.0005117976 -0.0010067366  0.6495623437 -0.0004429240  0.0008509544 -0.0007872916  0.1911897173 -0.0005985301  0.0003011687  0.1921919039 -0.0001914016  0.1914815232
  0.8000000000  0.6666666667  0.6666666667  0.6666666667  0.6666666667  1.0000000000  0.6499961830  0.2632956495  0.2638402253  0.0001809283 -0.0001408630 -0.0022626837  0.6473194245  0.2630767596  0.0002021502 -0.0001395731 -0.0015802998  0.6501551358  0.0004150797 -0.0002656879 -0.0011626322  0.1911965086 -0.0008522560 -0.0001207110  0.1922307069  0.0001541773  0.1913808619
  0.8000000000  0.6666666667  0.6666666667  0.6666666667  1.0000000000  0.0000000000  0.6474824237  0.2327744444  0.1934358349 -0.0153370207  0.0623356982  0.0445912120  0.6283092771  0.1933555377 -0.0634294501  0.0120084868  0.0444085282  0.5236328118 -0.0667025007  0.0633010831  0.0084844206  0.1842145162  0.0101855048  0.0054260195  0.1782552490 -0.0097001422  0.2156979609
  0.8000000000  0.6666666667  0.6666666667  0.6666666667  1.0000000000  0.3333333333  0.6486777162  0.2631615283  0.2623287202 -0.0014867578  0.0042984546  0.0024527312  0.6494939479  0.2618531530 -0.0044127674  0.0014991229  0.0028338347  0.6438589786 -0.0038482311  0.0040145570  0.0005271005  0.1919815042  0.0002090118  0.0009918100  0.1924117465 -0.0009302390  0.1928394551
  0.8000000000  0.6666666667  0.6666666667  0.6666666667  1.0000000000  0.6666666667  0.6497594926  0.2638065101  0.2635999825 -0.0005310895  0.0004935332 -0.0001976580  0.6494898988  0.2633363617 -0.0010463121  0.0002467263  0.0000751257  0.6484120714 -0.0007887403  0.0004309270 -0.0000728433  0.1915096804 -0.0000828820  0.0001406073  0.1919020139 -0.0003318501  0.1918118096
  0.8000000000  0.6666666667  0.6666666667  0.6666666667  1.0000000000  1.0000000000  0.6495189873  0.2634640785  0.2635176912 -0.0000910841 -0.0003238020 -0.0007434101  0.6490117875  0.2632235786 -0.0002470136 -0.0002564699 -0.0003954404  0.6491115028 -0.0000600314 -0.0004477879 -0.0003821996  0.1916004730 -0.0003018331 -0.0002156634  0.1920794925 -0.0000353865  0.1917595364
  0.8000000000  0.6666666667  0.6666666667  1.0000000000  0.0000000000  0.0000000000  0.5340269864  0.1769968702  0.2113670497 -0.0031839939  0.0586629032 -0.0112322469  0.5976607944  0.1862612920 -0.0121073909  0.0294730888 -0.0053419894  0.6026318724 -0.0209744293  0.0535536432 -0.0046533048  0.1779475697 -0.0067398612  0.0374561354  0.2107931249 -0.0052883233  0.1755302186
  0.8000000000  0.6666666667  0.6666666667  1.0000000000  0.0000000000  0.3333333333  0.5799661307  0.1642966387  0.2052274235 -0.0013310429  0.0012357436 -0.0802120880  0.4705670363  0.1675873763 -0.0056632238 -0.0007303592 -0.0792933212  0.7234244736 -0.0060431763  0.0003615853 -0.0404292985  0.1743154079 -0.0364272765  0.0002013161  0.2057899443 -0.0008285341  0.1656500035
  0.8000000000  0.6666666667  0.6666666667  1.0000000000  0.0000000000  0.6666666667  0.5646403753  0.1669036116  0.2018086590 -0.0000216548  0.0008644271 -0.0798928937  0.5014080821  0.1772761177 -0.0004301664 -0.0000225923 -0.0789441078  0.7285736404 -0.0001473500  0.0007420644 -0.0401874131  0.1828029154 -0.0360881550  0.0000165313  0.2014875707 -0.0000195120  0.1670320084
  0.8000000000  0.6666666667  0.6666666667  1.0000000000  0.0000000000  1.0000000000  0.5694549173  0.1637190444  0.2023587522  0.0008059831  0.0002916632 -0.0808538598  0.4942239699  0.1740461241  0.0025814304  0.0004721565 -0.0795822210  0.7300036385  0.0028110375  0.0006029917 -0.0404110885  0.1806289711 -0.0358009760  0.0001577021  0.2033529206  0.0004251014  0.1653411092
  0.8000000000  0.6666666667  0.6666666667  1.0000000000  0.3333333333  0.0000000000  0.6423318038  0.2270481517  0.2205777588 -0.0185232872  0.0472847209  0.0087723818  0.6598118935  0.2230652593 -0.0436977313  0.0206087930  0.0110707725  0.5880978169 -0.0421715972  0.0430911074 -0.0000326553  0.2064612711 -0.0040502740  0.0198779264  0.2086479286 -0.0180269045  0.2048735282
  0.8000000000  0.6666666667  0.6666666667  1.0000000000  0.3333333333  0.3333333333  0.6469979394  0.2620388033  0.2623819247 -0.0011732094  0.0026490067 -0.0049837775  0.6439844140  0.2613788890 -0.0020269376  0.0015166400 -0.0040636017  0.6510913162 -0.0020499806  0.0027210514 -0.0026452737  0.1908358331 -0.0024064762  0.0011689372  0.1919962137 -0.0009248690  0.1913815265
  0.8000000000  0.6666666667  0.6666666667  1.0000000000  0.3333333333  0.6666666667  0.6449855957  0.2618418122  0.2620085629 -0.0004759109  0.0012211568 -0.0072673494  0.6395857847  0.2607256756 -0.0008237048  0.0006770133 -0.0058672157  0.6546024725 -0.0008181885  0.0011759626 -0.0038620769  0.1903469379 -0.0036588984  0.0005150331  0.1920497050 -0.0003746087  0.1914259988
  0.8000000000  0.6666666667  0.6666666667  1.0000000000  0.3333333333  1.0000000000  0.5355017925  0.1930413044  0.1837973673  0.0004142875  0.0035281958 -0.0292698221  0.5310065600  0.1828903027  0.0005635423  0.0000386960 -0.0299812070  0.6222433476  0.0022180459  0.0032458528 -0.0180073246  0.1784402336 -0.0262799515  0.0001345248  0.1762402055 -0.0004090257  0.1859448318
  0.8000000000  0.6666666667  0.6666666667  1.0000000000  0.6666666667  0.0000000000  0.6138445212  0.2187016949  0.2195136469 -0.0163946487  0.0582163559  0.0302147850  0.6683264613  0.2135673096 -0.0481637540  0.0250993564  0.0328106987  0.5714168225 -0.0458792915  0.0539963761  0.0071377926  0.1968599823  0.0022097304  0.0250001808  0.2086797422 -0.0134306075  0.1978410260
  0.8000000000  0.6666666667  0.6666666667  1.0000000000  0.6666666667  0.3333333333  0.6479761963  0.2627919260  0.2623680536 -0.0015117024  0.0049343468 -0.0001680913  0.6496843201  0.2621454540 -0.0037700559  0.0021219290 -0.0000608595  0.6464814502 -0.0037155341  0.0047953397 -0.0008925152  0.1922533176 -0.0008568360  0.0015258700  0.1927104535 -0.0009391830  0.1928887164
  0.8000000000  0.6666666667  0.6666666667  1.0000000000  0.6666666667  0.6666666667  0.6489350832  0.2635899207  0.2634623003 -0.0005664988  0.0010975316 -0.0020024551  0.6485379589  0.2633364543 -0.0009323338  0.0006366740 -0.0018688942  0.6497295891 -0.0008688782  0.0010008335 -0.0012073563  0.1914634751 -0.0009631260  0.0004595406  0.1918247202 -0.0003727927  0.1918304699
  0.8000000000  0.6666666667  0.6666666667  1.0000000000  0.6666666667  1.0000000000  0.6485680445  0.2633744653  0.2634192603 -0.0000468774  0.0000821903 -0.0027493471  0.6472831872  0.2631971151 -0.0000915791  0.0000217382 -0.0024906044  0.6508829938 -0.0000395826 -0.0000175903 -0.0016000048  0.1913608612 -0.0013088459  0.0000261282  0.1918768309 -0.0000239382  0.1917037957
  0.8000000000  0.6666666667  0.6666666667  1.0000000000  1.0000000000  0.0000000000  0.6652373527  0.2370626525  0.1764914935 -0.0164022818  0.0643259783  0.0413210641  0.6453204828  0.1751877608 -0.0642056336  0.0149916811  0.0425354816  0.4934857114 -0.0686715500  0.0674112228  0.0108427497  0.1708920710  0.0134918664  0.0064471082  0.1678813401 -0.0066065812  0.2293152511
  0.8000000000  0.6666666667  0.6666666667  1.0000000000  1.0000000000  0.3333333333  0.6475181400  0.2629828295  0.2617950211 -0.0014581665  0.0052770576  0.0030460555  0.6496234662  0.2616811600 -0.0049098502  0.0017191774  0.0031539712  0.6430065293 -0.0045406990  0.0050488400  0.0003850058  0.1922063505  0.0000582107  0.0011774747  0.1924104638 -0.0009358285  0.1932375351
  0.8000000000  0.6666666667  0.6666666667  1.0000000000  1.0000000000  0.6666666667  0.6495918652  0.2640494618  0.2635175756 -0.0007509082  0.0018140613 -0.0000038241  0.6504015240  0.2634864778 -0.0014683281  0.0008634078  0.0000732964  0.6483306815 -0.0013813207  0.0014610488 -0.0001629615  0.1919351385 -0.0004095933  0.0005294343  0.1922329238 -0.0004170255  0.1925611215
  0.8000000000  0.6666666667  0.6666666667  1.0000000000  1.0000000000  1.0000000000  0.6489731293  0.2636206549  0.2634588361 -0.0000692554 -0.0000342056 -0.0006412472  0.6491266041  0.2634558246 -0.0001213163 -0.0000338502 -0.0005061092  0.6490089762 -0.0000664110 -0.0000968545 -0.0003959980  0.1917024276 -0.0003587237 -0.0000138997  0.1918903782 -0.0000530366  0.1919408598
  0.8000000000  0.6666666667  1.0000000000  0.0000000000  0.0000000000  0.0000000000  0.6028904193  0.1371756290  0.1841120981  0.0149470142  0.0011429622  0.0394775763  0.4283608154  0.1364500435  0.0449576309  0.0014954836  0.0441399848  0.6034923182  0.0429297669  0.0022135913  0.0130723760  0.1472896338  0.0114570414  0.0056432995  0.2057642661  0.0141185425  0.1504003022
  0.8000000000  0.6666666667  1.0000000000  0.0000000000  0.0000000000  0.3333333333  0.7078578976  0.1623721056  0.2131941520  0.0374349576 -0.0008757368  0.0120810500  0.4527576482  0.1717407220  0.0727053375 -0.0005265224  0.0082327670  0.6164289961  0.0716956932  0.0016518287  0.0023226498  0.1647905115  0.0006605390  0.0006955062  0.2147453415  0.0332399696  0.1688546843
  0.8000000000  0.6666666667  1.0000000000  0.0000000000  0.0000000000  0.6666666667  0.7625105667  0.1769379546  0.2247422977  0.0475589419 -0.0005257337  0.0008008289  0.4568171831  0.1697366733  0.0820130203 -0.0004098584  0.0011896941  0.6320314332  0.0807633713 -0.0001581080 -0.0002960112  0.1629639954 -0.0004395481  0.0001064742  0.2177980990  0.0371961987  0.1736148614
  0.8000000000  0.6666666667  1.0000000000  0.0000000000  0.0000000000  1.0000000000  0.7682441719  0.1747652117  0.2250247181  0.0472288920 -0.0000000000 -0.0000000000  0.4548453579  0.1624506739  0.0810549082 -0.0000000000 -0.0000000000  0.6420332731  0.0805686922 -0.0000000000 -0.0000000000  0.1579615490 -0.0000000000 -0.0000000000  0.2203557532  0.0351757779  0.1723364253
  0.8000000000  0.6666666667  1.0000000000  0.0000000000  0.3333333333  0.0000000000  0.6139299070  0.1994506403  0.2401385089 -0.0062882123  0.0610188426  0.0256935154  0.6591042503  0.2023958915 -0.0279415842  0.0329945029  0.0288014942  0.6378279708 -0.0247843243  0.0593544021  0.0072462313  0.1791939205  0.0027663427  0.0403741194  0.2303273778 -0.0024975124  0.1820782434
  0.8000000000  0.6666666667  1.0000000000  0.0000000000  0.3333333333  0.3333333333  0.5901828443  0.1655438269  0.1922199176  0.0128814061  0.0079490421  0.0099908118  0.4894252303  0.2021609359  0.0291058895  0.0021359494  0.0060652631  0.5943610548  0.0270573481  0.0077321796  0.0020833111  0.1933286777  0.0036328234  0.0031506384  0.1972558057  0.0145400906  0.1692565776
  0.8000000000  0.6666666667  1.0000000000  0.0000000000  0.3333333333  0.6666666667  0.6912584988  0.2274448905  0.2543896367  0.0163583124  0.0012235101  0.0020475613  0.5521312433  0.2360123020  0.0153538094  0.0005676200  0.0020002398  0.6418820376  0.0403730757  0.0013905743  0.0008011330  0.1841118165  0.0004827464  0.0005599630  0.2031513936  0.0184889505  0.1736554176
  0.8000000000  0.6666666667  1.0000000000  0.0000000000  0.3333333333  1.0000000000  0.6444842514  0.2043987269  0.2222220086  0.0171929418 -0.0000000000 -0.0000000000  0.5395671928  0.2070213997  0.0250170296  0.0000000000 -0.0000000000  0.6118211401  0.0421914588 -0.0000000000  0.0000000000  0.1774185574 -0.0000000000 -0.0000000000  0.1996593505  0.0176599924  0.1762413671
  0.8000000000  0.6666666667  1.0000000000  0.0000000000  0.6666666667  0.0000000000  0.5889133969  0.1978627405  0.2341349019 -0.0074368857  0.0666192672  0.0333684827  0.6620748844  0.2011548106 -0.0360842180  0.0347104691  0.0376694275  0.6126269489 -0.0326238726  0.0650814721  0.0086160583  0.1803144980  0.0033953385  0.0409667944  0.2245795829 -0.0028199454  0.1831407316
  0.8000000000  0.6666666667  1.0000000000  0.0000000000  0.6666666667  0.3333333333  0.6543771339  0.2578686728  0.2623855939  0.0028724098  0.0038910120  0.0037520382  0.6358423741  0.2590222719  0.0022356201  0.0020240552  0.0033237253  0.6479837937  0.0059508699  0.0041446943  0.0014314111  0.1909503534  0.0009530739  0.0015098260  0.1941987315  0.0030319601  0.1893306979
  0.8000000000  0.6666666667  1.0000000000  0.0000000000  0.6666666667  0.6666666667  0.6765772890  0.2420828545  0.2587374834  0.0103092485  0.0015649071  0.0015487132  0.5923434564  0.2476885022  0.0091318374  0.0008234235  0.0018501345  0.6454222205  0.0253162935  0.0017410638  0.0006531865  0.1871539750  0.0004030932  0.0007962938  0.1993284237  0.0114630212  0.1805140459
  0.8000000000  0.6666666667  1.0000000000  0.0000000000  0.6666666667  1.0000000000  0.6798880051  0.2384608201  0.2577316526  0.0119041705 -0.0000000000 -0.0000000000  0.5815320565  0.2451064076  0.0107180065  0.0000000000 -0.0000000000  0.6437534609  0.0295369572 -0.0000000000 -0.0000000000  0.1857145242 -0.0000000000 -0.0000000000  0.1998582008  0.0133070690  0.1781099710
  0.8000000000  0.6666666667  1.0000000000  0.0000000000  1.0000000000  0.0000000000  0.5572709393  0.1955932371  0.2241728900 -0.0094783375  0.0730167034  0.0493202821  0.6437195781  0.1992354728 -0.0522266415  0.0321725799  0.0538487580  0.5800123826 -0.0491261424  0.0718582077  0.0109815078  0.1831038743  0.0048201171  0.0361341172  0.2157949416 -0.0040362550  0.1846340908
  0.8000000000  0.6666666667  1.0000000000  0.0000000000  1.0000000000  0.3333333333  0.6501374562  0.2614225221  0.2630730395  0.0010300921  0.0040839476  0.0034745262  0.6452434100  0.2618156835 -0.0000651290  0.0018643850  0.0032750439  0.6481799658  0.0012055569  0.0042436589  0.0012145081  0.1921289416  0.0007583304  0.0012836291  0.1930664950  0.0011972830  0.1913887984
  0.8000000000  0.6666666667  1.0000000000  0.0000000000  1.0000000000  0.6666666667  0.6529280398  0.2618095115  0.2636640047  0.0016491272  0.0013783727  0.0009706543  0.6440090464  0.2622597100  0.0019628733  0.0007429331  0.0009122233  0.6488677417  0.0033532506  0.0013951540  0.0004478068  0.1916495532  0.0003075792  0.0005067804  0.1929014860  0.0015756347  0.1909762689
  0.8000000000  0.6666666667  1.0000000000  0.0000000000  1.0000000000  1.0000000000  0.6557108109  0.2602985119  0.2636099860  0.0024957405 -0.0000000000 -0.0000000000  0.6392587149  0.2611089909  0.0028951438  0.0000000000 -0.0000000000  0.6486485165  0.0055586244 -0.0000000000  0.0000000000  0.1910335751 -0.0000000000 -0.0000000000  0.1933400125  0.0025470075  0.1899089619
  0.8000000000  0.6666666667  1.0000000000  0.3333333333  0.0000000000  0.0000000000  0.7294397340  0.1673641717  0.2576102913 -0.0004644302  0.0212355937  0.0021259789  0.4874627357  0.1687699424 -0.0019750233  0.0135001990  0.0026609134  0.7479796345 -0.0016780222  0.0206289509  0.0007803456  0.1427529726  0.0002272909  0.0213661278  0.2503332529 -0.0000614651  0.1462523568
  0.8000000000  0.6666666667  1.0000000000  0.3333333333  0.0000000000  0.3333333333  0.7855753227  0.1478868007  0.2439827052  0.0268626467  0.0001102857  0.0001505566  0.3798179536  0.1345173617  0.0499330935  0.0001256902  0.0001540022  0.7255213332  0.0422534932  0.0000820746  0.0001401005  0.1223140247  0.0000399750  0.0002364349  0.2431803938  0.0168450347  0.1448810178
  0.8000000000  0.6666666667  1.0000000000  0.3333333333  0.0000000000  0.6666666667  0.7298593317  0.1670833942  0.2372398053  0.0288736756  0.0082766943 -0.0178693384  0.4438862462  0.1667588172  0.0517993013  0.0019317729 -0.0176163586  0.6993573207  0.0519916679  0.0072786464 -0.0067965232  0.1582706565 -0.0032211284  0.0012397522  0.2292969836  0.0221106274  0.1547682430
  0.8000000000  0.6666666667  1.0000000000  0.3333333333  0.0000000000  1.0000000000  0.5877797547  0.1369505685  0.1766029693  0.0227871992  0.0059821506 -0.0053527621  0.4070412407  0.1311424021  0.0592444733  0.0009738948 -0.0031537734  0.6367093340  0.0496471113  0.0054742093 -0.0033627037  0.1392833302 -0.0047983928  0.0003486814  0.2058920312  0.0163433312  0.1526520995
  0.8000000000  0.6666666667  1.0000000000  0.3333333333  0.3333333333  0.0000000000  0.6153004186  0.1999978499  0.2410541503 -0.0060797210  0.0604559954  0.0237908535  0.6596415724  0.2039635963 -0.0258639709  0.0329190608  0.0264563959  0.6422134554 -0.0233656817  0.0591454247  0.0069396048  0.1797165144  0.0026662539  0.0400713640  0.2306548549 -0.0024296392  0.1821873454
  0.8000000000  0.6666666667  1.0000000000  0.3333333333  0.3333333333  0.3333333333  0.5300952223  0.1636749318  0.1989850082  0.0042718968  0.0235027834 -0.0041999315  0.5065643882  0.1750157728  0.0084291371  0.0084772464 -0.0032132970  0.6005063190  0.0180774119  0.0274894365 -0.0019571661  0.1779479775 -0.0005620414  0.0121152947  0.1965351092  0.0053168613  0.1723067848
  0.8000000000  0.6666666667  1.0000000000  0.3333333333  0.3333333333  0.6666666667  0.5604795501  0.1713361414  0.1990905512  0.0052544509  0.0102533497 -0.0037671753  0.5152643543  0.1800951721  0.0116305809  0.0029244130 -0.0027471180  0.6129857675  0.0186651600  0.0120507922 -0.0011566585  0.1755409784 -0.0015654445  0.0029274011  0.1946983371  0.0054894198  0.1774120658
  0.8000000000  0.6666666667  1.0000000000  0.3333333333  0.3333333333  1.0000000000  0.5595395268  0.1676344922  0.1977862597  0.0073107202  0.0030367583 -0.0058607358  0.5008606367  0.1771519518  0.0164524750  0.0003262092 -0.0045372815  0.6059496992  0.0249648415  0.0042272996 -0.0019126089  0.1739412729 -0.0021951282 -0.0004203107  0.1973372776  0.0070952177  0.1744088821
  0.8000000000  0.6666666667  1.0000000000  0.3333333333  0.6666666667  0.0000000000  0.6139315085  0.1994095638  0.2403520226 -0.0068207954  0.0606751054  0.0271419516  0.6576860901  0.2027221221 -0.0293579500  0.0327422321  0.0302924365  0.6393333925 -0.0263054405  0.0592267164  0.0078238690  0.1794398111  0.0030313642  0.0398353355  0.2303012576 -0.0027492058  0.1822179735
  0.8000000000  0.6666666667  1.0000000000  0.3333333333  0.6666666667  0.3333333333  0.6524988334  0.2598873396  0.2633620675  0.0011040597  0.0039511179  0.0011708651  0.6409632260  0.2601131521  0.0001976282  0.0020785283  0.0013128327  0.6493431014  0.0022129105  0.0043169597  0.0002685178  0.1906790342  0.0002059293  0.0014330304  0.1940266347  0.0012502773  0.1898938168
  0.8000000000  0.6666666667  1.0000000000  0.3333333333  0.6666666667  0.6666666667  0.6606632333  0.2558712926  0.2633535352  0.0032613888  0.0018892989 -0.0017350875  0.6269138794  0.2568782408  0.0029644505  0.0008992255 -0.0009437921  0.6512110552  0.0081915435  0.0019684113 -0.0007824865  0.1893977748 -0.0003757553  0.0003648602  0.1959797523  0.0033521786  0.1875526143
  0.8000000000  0.6666666667  1.0000000000  0.3333333333  0.6666666667  1.0000000000  0.6684654067  0.2475275520  0.2610898777  0.0066880628 -0.0000056627 -0.0035567632  0.6038466318  0.2504783638  0.0058473601 -0.0002238589 -0.0018417218  0.6500030459  0.0172878357  0.0001394183 -0.0015096939  0.1866782793 -0.0009749764 -0.0005132052  0.1984027334  0.0073477546  0.1827554403
  0.8000000000  0.6666666667  1.0000000000  0.3333333333  1.0000000000  0.0000000000  0.5843424910  0.1947218303  0.2318677756 -0.0091894910  0.0664132221  0.0420632459  0.6420147743  0.1983943073 -0.0462345022  0.0321486715  0.0475894142  0.6096901433 -0.0416445028  0.0652378847  0.0105259680  0.1805241902  0.0040676398  0.0374427800  0.2229768719 -0.0034601655  0.1824997604
  0.8000000000  0.6666666667  1.0000000000  0.3333333333  1.0000000000  0.3333333333  0.6493852760  0.2620783102  0.2633502108  0.0002066466  0.0034684151  0.0016368073  0.6462781928  0.2621809071 -0.0007187483  0.0016692788  0.0016787197  0.6486244172 -0.0000699318  0.0038360005  0.0005023378  0.1916026834  0.0003301184  0.0011239720  0.1928203608  0.0003770865  0.1912196555
  0.8000000000  0.6666666667  1.0000000000  0.3333333333  1.0000000000  0.6666666667  0.6532701655  0.2619088431  0.2641840427  0.0008614520  0.0009210678 -0.0005459983  0.6436016815  0.2618669100  0.0007518796  0.0006115765 -0.0000184588  0.6503636182  0.0021155463  0.0011137557 -0.0002450245  0.1908546217 -0.0001029185  0.0003197528  0.1932559884  0.0009596188  0.1905203647
  0.8000000000  0.6666666667  1.0000000000  0.3333333333  1.0000000000  1.0000000000  0.6571457001  0.2594892653  0.2641766384  0.0020460269 -0.0001435188 -0.0021575561  0.6362269910  0.2597450541  0.0020640153 -0.0001977553 -0.0011155522  0.6521189012  0.0048125608  0.0001025070 -0.0009823325  0.1904760036 -0.0005671536 -0.0004403414  0.1949464195  0.0018708345  0.1897591346
  0.8000000000  0.6666666667  1.0000000000  0.6666666667  0.0000000000  0.0000000000  0.7072818377  0.1474379530  0.2413207395 -0.0024774714  0.0106743223 -0.0108628585  0.4586828788  0.1549800732 -0.0024043453  0.0074371205 -0.0125250742  0.7404357525 -0.0025712843  0.0126756777 -0.0054648814  0.1406038535 -0.0031100321  0.0153454861  0.2425258671 -0.0018239399  0.1323797959
  0.8000000000  0.6666666667  1.0000000000  0.6666666667  0.0000000000  0.3333333333  0.6979817574  0.1287513614  0.2327297927  0.0009102821  0.0007501399 -0.0364312477  0.3950345953  0.1404515656  0.0042199776  0.0010035926 -0.0421463449  0.7664443427  0.0052609369  0.0015983301 -0.0188945506  0.1425701528 -0.0130073648  0.0009795519  0.2398851298  0.0000050895  0.1229757145
  0.8000000000  0.6666666667  1.0000000000  0.6666666667  0.0000000000  0.6666666667  0.6000927990  0.1673092683  0.2103603783  0.0026378887  0.0119621423 -0.0477545922  0.4505831622  0.1645676485  0.0083141360  0.0046935396 -0.0420384896  0.7082635127  0.0077609547  0.0122156060 -0.0233776647  0.1543298048 -0.0222985289  0.0053119494  0.2115477485  0.0001824882  0.1690328442
  0.8000000000  0.6666666667  1.0000000000  0.6666666667  0.0000000000  1.0000000000  0.5977464327  0.1732059196  0.2109139470  0.0030512874  0.0018463127 -0.0496644473  0.4245122886  0.1598825011  0.0073732788  0.0009962700 -0.0317032755  0.7018497552  0.0071331168  0.0024027687 -0.0237292972  0.1460723918 -0.0266530010  0.0005992479  0.2080616310  0.0014228569  0.1710059104
  0.8000000000  0.6666666667  1.0000000000  0.6666666667  0.3333333333  0.0000000000  0.6181137509  0.1996918958  0.2414288116 -0.0066645784  0.0596857059  0.0258269678  0.6553373558  0.2031344373 -0.0274277977  0.0323027632  0.0280946135  0.6432785124 -0.0253538002  0.0583155973  0.0075982923  0.1790972602  0.0030979016  0.0394573324  0.2310312877 -0.0028524663  0.1816580730
  0.8000000000  0.6666666667  1.0000000000  0.6666666667  0.3333333333  0.3333333333  0.5923372134  0.1480822738  0.2025383559 -0.0002180580  0.0087122073 -0.0092128852  0.5019110938  0.1657969458 -0.0033330801  0.0038916849 -0.0057253786  0.7005469200 -0.0026472851  0.0090003945 -0.0052350365  0.1625659395 -0.0039065639  0.0055930936  0.2115937446 -0.0001653785  0.1444423614
  0.8000000000  0.6666666667  1.0000000000  0.6666666667  0.3333333333  0.6666666667  0.6032246272  0.2031373899  0.2243480914  0.0009601096  0.0060867271 -0.0270108870  0.5203115739  0.1969010164  0.0005369290  0.0015598858 -0.0057318749  0.6785528738  0.0016428867  0.0064566046 -0.0103894440  0.1690134541 -0.0141802798  0.0017803151  0.2048234082  0.0004609140  0.1803287037
  0.8000000000  0.6666666667  1.0000000000  0.6666666667  0.3333333333  1.0000000000  0.6044336834  0.2013318861  0.2239072107  0.0010428049 -0.0004385757 -0.0307509754  0.5042089865  0.1920166051  0.0032176036 -0.0002854279 -0.0062990977  0.6823241178  0.0027778904  0.0000069693 -0.0113241107  0.1658987471 -0.0154952031 -0.0004778291  0.2057733056  0.0007656430  0.1789214904
  0.8000000000  0.6666666667  1.0000000000  0.6666666667  0.6666666667  0.0000000000  0.6134013963  0.1992329693  0.2402450257 -0.0068197897  0.0607599590  0.0270664509  0.6576719317  0.2027512316 -0.0294582106  0.0328059803  0.0302585704  0.6393198416 -0.0264295507  0.0593407947  0.0077967083  0.1795033181  0.0029991483  0.0399059326  0.2302277520 -0.0027493842  0.1821293742
  0.8000000000  0.6666666667  1.0000000000  0.6666666667  0.6666666667  0.3333333333  0.6496965947  0.2606535655  0.2632202187 -0.0003156423  0.0028478256 -0.0044030397  0.6409372036  0.2601675024 -0.0005271263  0.0018470287 -0.0016655551  0.6523712799 -0.0005693236  0.0033698096 -0.0017900236  0.1895343814 -0.0016011657  0.0012949674  0.1935725284 -0.0002230308  0.1899003204
  0.8000000000  0.6666666667  1.0000000000  0.6666666667  0.6666666667  0.6666666667  0.6079290137  0.2117603505  0.2271862079  0.0005624771  0.0064678075 -0.0169222166  0.5554828680  0.2064968821 -0.0021317847  0.0029811099 -0.0028332711  0.6511297681  0.0004877378  0.0078848667 -0.0072103320  0.1736279527 -0.0100859200  0.0021220792  0.2009701528  0.0010389574  0.1842076832
  0.8000000000  0.6666666667  1.0000000000  0.6666666667  0.6666666667  1.0000000000  0.6151846169  0.2119383478  0.2250788720  0.0005294214 -0.0004635359 -0.0224627401  0.5510016217  0.2016365631  0.0012865574 -0.0002515000 -0.0033931033  0.6661114523  0.0025763052  0.0015951127 -0.0084937098  0.1698319233 -0.0142013476 -0.0006897287  0.2020203929  0.0005912760  0.1853583987
  0.8000000000  0.6666666667  1.0000000000  0.6666666667  1.0000000000  0.0000000000  0.5826150822  0.1957397379  0.2294145316 -0.0102348488  0.0664812475  0.0472163754  0.6314742371  0.1987400286 -0.0519355507  0.0293602242  0.0528791898  0.6071135782 -0.0482061667  0.0650855918  0.0110839876  0.1817368702  0.0044285312  0.0339672496  0.2205473435 -0.0044029365  0.1839200407
  0.8000000000  0.6666666667  1.0000000000  0.6666666667  1.0000000000  0.3333333333  0.6477673573  0.2612614597  0.2628320436 -0.0005888449  0.0052033894 -0.0000939075  0.6462715074  0.2610392010 -0.0022961344  0.0024686178  0.0012460697  0.6484833456 -0.0022141550  0.0057084252 -0.0005090618  0.1913320091 -0.0005892731  0.0018562546  0.1937717267 -0.0002572708  0.1914541799
  0.8000000000  0.6666666667  1.0000000000  0.6666666667  1.0000000000  0.6666666667  0.6508711867  0.2624265611  0.2638353533 -0.0000012688  0.0008331677 -0.0029727276  0.6442530219  0.2620007539 -0.0000681472  0.0005761987 -0.0013802341  0.6514620482  0.0000477955  0.0011367518 -0.0012712253  0.1903229583 -0.0010654597  0.0002955380  0.1929087466  0.0000333647  0.1907983482
  0.8000000000  0.6666666667  1.0000000000  0.6666666667  1.0000000000  1.0000000000  0.6519574429  0.2571227078  0.2625170230  0.0006647639 -0.0004080965 -0.0127555427  0.6241382230  0.2548075484  0.0007437170 -0.0001779944 -0.0045932177  0.6600535967  0.0016677354 -0.0000029084 -0.0051752117  0.1863487636 -0.0050087350 -0.0005030678  0.1961143882  0.0004955873  0.1892603744
  0.8000000000  0.6666666667  1.0000000000  1.0000000000  0.0000000000  0.0000000000  0.5418153587  0.1504978506  0.1808926327 -0.0158647355  0.0246121085 -0.0124014914  0.5006921137  0.1769829316 -0.0406183128  0.0078405612 -0.0132103701  0.6123991488 -0.0432256643  0.0192168778 -0.0061676355  0.1812386298 -0.0084286395  0.0100592997  0.1959083320 -0.0188676175  0.1549134540
  0.8000000000  0.6666666667  1.0000000000  1.0000000000  0.0000000000  0.3333333333  0.6038078285  0.1518189927  0.2095382679 -0.0015152553  0.0001430919 -0.0784385225  0.4416749996  0.1572379211 -0.0065884342 -0.0006183038 -0.0774248846  0.7344437703 -0.0063935328 -0.0005844338 -0.0396564234  0.1662966027 -0.0336960307  0.0003158393  0.2139016331 -0.0007984176  0.1585304721
  0.8000000000  0.6666666667  1.0000000000  1.0000000000  0.0000000000  0.6666666667  0.5957019599  0.1456096656  0.2055655429 -0.0009916398 -0.0008015732 -0.0873044541  0.4152807295  0.1484710407 -0.0026032251 -0.0003201146 -0.0873594535  0.7302836473 -0.0015874611 -0.0008809346 -0.0433338092  0.1611242789 -0.0368987725 -0.0004513119  0.2129032845 -0.0004130454  0.1575419832
  0.8000000000  0.6666666667  1.0000000000  1.0000000000  0.0000000000  1.0000000000  0.6044625596  0.1724166208  0.2206967930 -0.0015682829 -0.0026124887 -0.0840599578  0.4295602985  0.1707126080 -0.0025116184 -0.0011960142 -0.0792992386  0.7526991323 -0.0022364039 -0.0017879328 -0.0478440916  0.1640877604 -0.0407008201 -0.0010880598  0.2106310439 -0.0007299542  0.1742762800
  0.8000000000  0.6666666667  1.0000000000  1.0000000000  0.3333333333  0.0000000000  0.5748562717  0.1985697987  0.2265737960 -0.0101596061  0.0681715529  0.0458596464  0.6339249796  0.2007693124 -0.0534616645  0.0285450189  0.0520319331  0.5998816321 -0.0492932127  0.0667933005  0.0099839840  0.1832244397  0.0035238556  0.0333871208  0.2174022547 -0.0046297911  0.1859917919
  0.8000000000  0.6666666667  1.0000000000  1.0000000000  0.3333333333  0.3333333333  0.5738152410  0.1686699821  0.1929690467 -0.0015575296  0.0082385873 -0.0266599572  0.5555946093  0.1776046852 -0.0080013455  0.0037848431 -0.0238636460  0.6758996996 -0.0087444543  0.0078813351 -0.0142403434  0.1743023651 -0.0133467308  0.0041942932  0.1977304583 -0.0022450695  0.1687119927
  0.8000000000  0.6666666667  1.0000000000  1.0000000000  0.3333333333  0.6666666667  0.6029188917  0.2052379503  0.2222541075 -0.0005485955  0.0050178641 -0.0234205151  0.5330518735  0.2002585243 -0.0044391224  0.0011213398 -0.0081850266  0.6780192591 -0.0048331456  0.0041977594 -0.0109699222  0.1701941918 -0.0156406922  0.0016401224  0.2017842584 -0.0009233129  0.1826637941
  0.8000000000  0.6666666667  1.0000000000  1.0000000000  0.3333333333  1.0000000000  0.5992235459  0.2032645663  0.2224018750 -0.0004938782 -0.0013995756 -0.0305831270  0.5151919011  0.1959460741 -0.0013951654 -0.0002219835 -0.0097753744  0.6797222459 -0.0026937799 -0.0010991720 -0.0125508169  0.1679283361 -0.0168538045 -0.0001968850  0.2038959961 -0.0001341371  0.1803086691
  0.8000000000  0.6666666667  1.0000000000  1.0000000000  0.6666666667  0.0000000000  0.5719773146  0.1981212502  0.2263673401 -0.0100945398  0.0689008389  0.0466804984  0.6357545933  0.2008501071 -0.0535694628  0.0290609620  0.0527031216  0.5966963328 -0.0494014644  0.0674799922  0.0101511104  0.1832810610  0.0036427016  0.0339091629  0.2172416143 -0.0046769858  0.1855929342
  0.8000000000  0.6666666667  1.0000000000  1.0000000000  0.6666666667  0.3333333333  0.6475105726  0.2619550655  0.2629449894 -0.0008697706  0.0027311899 -0.0035296221  0.6456572309  0.2621064023 -0.0013383252  0.0017742178 -0.0025384396  0.6510279403 -0.0016464518  0.0033142451 -0.0017825307  0.1910934884 -0.0015475360  0.0013005850  0.1922172155 -0.0006893881  0.1908799318
  0.8000000000  0.6666666667  1.0000000000  1.0000000000  0.6666666667  0.6666666667  0.6483640987  0.2612726366  0.2628844383 -0.0004195851  0.0009486643 -0.0069142256  0.6389288075  0.2604600580 -0.0006138159  0.0006356570 -0.0043107313  0.6540718329 -0.0008266594  0.0012119910 -0.0032908502  0.1897101811 -0.0029811289  0.0004398189  0.1928618709 -0.0003360938  0.1906573231
  0.8000000000  0.6666666667  1.0000000000  1.0000000000  0.6666666667  1.0000000000  0.6449704979  0.2555564262  0.2601743804 -0.0000791992 -0.0002826659 -0.0189268413  0.6150746997  0.2521152799 -0.0001467598 -0.0001098457 -0.0092443926  0.6650117351 -0.0002789692 -0.0000957263 -0.0081901609  0.1847265644 -0.0083699954 -0.0000740409  0.1953668203 -0.0000384806  0.1886840469
  0.8000000000  0.6666666667  1.0000000000  1.0000000000  1.0000000000  0.0000000000  0.5599276226  0.1968379990  0.2237602084 -0.0095914430  0.0725027846  0.0478146460  0.6445851671  0.1996957169 -0.0529291698  0.0316570042  0.0531730331  0.5824870095 -0.0492599298  0.0712768787  0.0102106805  0.1833808274  0.0041674947  0.0358103648  0.2155668131 -0.0043686338  0.1852610729
  0.8000000000  0.6666666667  1.0000000000  1.0000000000  1.0000000000  0.3333333333  0.6470643969  0.2625275925  0.2627868380 -0.0010460607  0.0044225630 -0.0003885138  0.6492939748  0.2626468521 -0.0023156154  0.0022845686 -0.0000348683  0.6487237033 -0.0026558972  0.0048226160 -0.0005909607  0.1922046352 -0.0006312841  0.0016018132  0.1926602211 -0.0006239217  0.1920003221
  0.8000000000  0.6666666667  1.0000000000  1.0000000000  1.0000000000  0.6666666667  0.6499653978  0.2629851749  0.2638458294 -0.0005438266  0.0013302440 -0.0032603872  0.6456306369  0.2627035951 -0.0006112789  0.0008569765 -0.0020510760  0.6518571493 -0.0009408430  0.0014803738 -0.0015807762  0.1910878815 -0.0014035312  0.0005185537  0.1927637772 -0.0002551907  0.1915601655
  0.8000000000  0.6666666667  1.0000000000  1.0000000000  1.0000000000  1.0000000000  0.6497637407  0.2627646924  0.2635839620  0.0000231368 -0.0000751931 -0.0036963647  0.6449422236  0.2623316678  0.0000730413  0.0000139346 -0.0025376414  0.6511776041 -0.0000326594  0.0001123743 -0.0018625202  0.1906905274 -0.0015084969 -0.0000188674  0.1923563675  0.0000036299  0.1912125615
