  0.2000000000  0.0000000000  0.0000000000  0.0000000000  0.0000000000  0.0000000000  0.1160699917  0.0000000014  0.0000000008  0.0000000000 -0.0000000000 -0.0000000000  0.0000000059  0.0000000006 -0.0000000000  0.0000000000 -0.0000000000  0.0000000035 -0.0000000000 -0.0000000000 -0.0000000000  0.0000000009 -0.0000000000 -0.0000000000  0.0000000010 -0.0000000000  0.0000000018
  0.2000000000  0.0000000000  0.0000000000  0.0000000000  0.0000000000  0.3333333333  0.0865753436  0.0000000005  0.0244194825 -0.0000000000 -0.0000000000 -0.0000000000  0.0000000021  0.0000000005 -0.0000000000  0.0000000000 -0.0000000000  0.1003113104 -0.0000000000 -0.0000000000 -0.0000000000  0.0000000006 -0.0000000000 -0.0000000000  0.0330836582 -0.0000000000  0.0000000006
  0.2000000000  0.0000000000  0.0000000000  0.0000000000  0.0000000000  0.6666666667  0.0863352929  0.0000000005  0.0245643439 -0.0000000000 -0.0000000000 -0.0000000000  0.0000000021  0.0000000005 -0.0000000000  0.0000000000 -0.0000000000  0.1009404198 -0.0000000000 -0.0000000000  0.0000000000  0.0000000006 -0.0000000000 -0.0000000000  0.0333041671 -0.0000000000  0.0000000006
  0.2000000000  0.0000000000  0.0000000000  0.0000000000  0.0000000000  1.0000000000  0.0861087366  0.0000000005  0.0245278347  0.0000000000 -0.0000000000 -0.0000000000  0.0000000021  0.0000000005 -0.0000000000 -0.0000000000 -0.0000000000  0.1012621691 -0.0000000000 -0.0000000000  0.0000000000  0.0000000006 -0.0000000000 -0.0000000000  0.0331795397 -0.0000000000  0.0000000006
  0.2000000000  0.0000000000  0.0000000000  0.0000000000  0.3333333333  0.0000000000  0.1018614352  0.0242711153  0.0000000005  0.0000000000 -0.0000000000 -0.0000000000  0.0850089191  0.0000000005 -0.0000000000  0.0000000000 -0.0000000000  0.0000000021 -0.0000000000 -0.0000000000 -0.0000000000  0.0000000006 -0.0000000000 -0.0000000000  0.0000000006 -0.0000000000  0.0328634775
  0.2000000000  0.0000000000  0.0000000000  0.0000000000  0.3333333333  0.3333333333  0.0883626142  0.0166648906  0.0000000007  0.0000000000 -0.0000000000 -0.0000000000  0.0666280713  0.0000000007 -0.0000000000  0.0000000000 -0.0000000000  0.0000000031 -0.0000000000 -0.0000000000 -0.0000000000  0.0000000010 -0.0000000000 -0.0000000000  0.0000000009 -0.0000000000  0.0220169754
  0.2000000000  0.0000000000  0.0000000000  0.0000000000  0.3333333333  0.6666666667  0.0862524617  0.0000000005  0.0245301653  0.0000000000 -0.0000000000 -0.0000000000  0.0000000021  0.0000000005 -0.0000000000 -0.0000000000 -0.0000000000  0.1010987429 -0.0000000000 -0.0000000000  0.0000000000  0.0000000006 -0.0000000000 -0.0000000000  0.0331670708 -0.0000000000  0.0000000006
  0.2000000000  0.0000000000  0.0000000000  0.0000000000  0.3333333333  1.0000000000  0.0861340728  0.0000000005  0.0245380592  0.0000000000 -0.0000000000 -0.0000000000  0.0000000021  0.0000000005 -0.0000000000  0.0000000000 -0.0000000000  0.1012570070 -0.0000000000 -0.0000000000  0.0000000000  0.0000000006 -0.0000000000 -0.0000000000  0.0331861921 -0.0000000000  0.0000000006
  0.2000000000  0.0000000000  0.0000000000  0.0000000000  0.6666666667  0.0000000000  0.1013583228  0.0245478977  0.0000000005  0.0000000000 -0.0000000000 -0.0000000000  0.0860555808  0.0000000005 -0.0000000000  0.0000000000 -0.0000000000  0.0000000021 -0.0000000000 -0.0000000000  0.0000000000  0.0000000006 -0.0000000000 -0.0000000000  0.0000000006 -0.0000000000  0.0331852921
  0.2000000000  0.0000000000  0.0000000000  0.0000000000  0.6666666667  0.3333333333  0.1013831701  0.0245142024  0.0000000005 -0.0000000000 -0.0000000000 -0.0000000000  0.0859967299  0.0000000005 -0.0000000000 -0.0000000000 -0.0000000000  0.0000000021 -0.0000000000 -0.0000000000 -0.0000000000  0.0000000006 -0.0000000000 -0.0000000000  0.0000000006 -0.0000000000  0.0331593871
  0.2000000000  0.0000000000  0.0000000000  0.0000000000  0.6666666667  0.6666666667  0.0907995863  0.0202361228  0.0000000005  0.0000000000 -0.0000000000 -0.0000000000  0.0776838880  0.0000000006 -0.0000000000  0.0000000000 -0.0000000000  0.0000000028 -0.0000000000 -0.0000000000  0.0000000000  0.0000000009 -0.0000000000 -0.0000000000  0.0000000008 -0.0000000000  0.0278297048
  0.2000000000  0.0000000000  0.0000000000  0.0000000000  0.6666666667  1.0000000000  0.0861057649  0.0000000005  0.0245215911  0.0000000000 -0.0000000000 -0.0000000000  0.0000000021  0.0000000005 -0.0000000000  0.0000000000 -0.0000000000  0.1012459212 -0.0000000000 -0.0000000000  0.0000000000  0.0000000006 -0.0000000000 -0.0000000000  0.0331639014 -0.0000000000  0.0000000006
  0.2000000000  0.0000000000  0.0000000000  0.0000000000  1.0000000000  0.0000000000  0.1012621691  0.0245278347  0.0000000005 -0.0000000000 -0.0000000000 -0.0000000000  0.0861087366  0.0000000005 -0.0000000000 -0.0000000000 -0.0000000000  0.0000000021 -0.0000000000 -0.0000000000 -0.0000000000  0.0000000006 -0.0000000000 -0.0000000000  0.0000000006 -0.0000000000  0.0331795397
  0.2000000000  0.0000000000  0.0000000000  0.0000000000  1.0000000000  0.3333333333  0.1012570070  0.0245380592  0.0000000005  0.0000000000 -0.0000000000 -0.0000000000  0.0861340728  0.0000000005 -0.0000000000  0.0000000000 -0.0000000000  0.0000000021 -0.0000000000 -0.0000000000 -0.0000000000  0.0000000006 -0.0000000000 -0.0000000000  0.0000000006 -0.0000000000  0.0331861921
  0.2000000000  0.0000000000  0.0000000000  0.0000000000  1.0000000000  0.6666666667  0.1012459212  0.0245215911  0.0000000005  0.0000000000 -0.0000000000 -0.0000000000  0.0861057649  0.0000000005 -0.0000000000 -0.0000000000 -0.0000000000  0.0000000021 -0.0000000000 -0.0000000000 -0.0000000000  0.0000000006 -0.0000000000 -0.0000000000  0.0000000006 -0.0000000000  0.0331639014
  0.2000000000  0.0000000000  0.0000000000  0.0000000000  1.0000000000  1.0000000000  0.0385373363  0.0022847440  0.0022847440 -0.0000000000  0.0000000000  0.0000000000  0.0385373363  0.0022847440 -0.0000000000  0.0000000000  0.0000000000  0.0385373363 -0.0000000000  0.0000000000  0.0000000000  0.0028391911 -0.0000000000 -0.0000000000  0.0028391911  0.0000000000  0.0028391911
  0.2000000000  0.0000000000  0.0000000000  0.3333333333  0.0000000000  0.0000000000  0.1161449817  0.0000000011  0.0000000008 -0.0000000000 -0.0000000000 -0.0000000002  0.0000000045  0.0000000006 -0.0000000000  0.0000000000 -0.0000000001  0.0000000032 -0.0000000000 -0.0000000000 -0.0000000000  0.0000000008 -0.0000000000 -0.0000000000  0.0000000010 -0.0000000000  0.0000000015
  0.2000000000  0.0000000000  0.0000000000  0.3333333333  0.0000000000  0.3333333333  0.0866462116  0.0000000005  0.0240128370 -0.0000000000 -0.0000000000  0.0000000000  0.0000000021  0.0000000005 -0.0000000000 -0.0000000000 -0.0000000000  0.1007765610 -0.0000000000 -0.0000000000  0.0000000000  0.0000000006 -0.0000000000 -0.0000000000  0.0333741420 -0.0000000000  0.0000000006
  0.2000000000  0.0000000000  0.0000000000  0.3333333333  0.0000000000  0.6666666667  0.0861937824  0.0000000005  0.0243460797 -0.0000000000 -0.0000000000  0.0000000000  0.0000000021  0.0000000005 -0.0000000000  0.0000000000 -0.0000000000  0.1013638120 -0.0000000000 -0.0000000000  0.0000000000  0.0000000006  0.0000000000 -0.0000000000  0.0332802986 -0.0000000000  0.0000000006
  0.2000000000  0.0000000000  0.0000000000  0.3333333333  0.0000000000  1.0000000000  0.0868247822  0.0000000005  0.0230298475  0.0000000000 -0.0000000000 -0.0000000000  0.0000000021  0.0000000005 -0.0000000000 -0.0000000000 -0.0000000000  0.1035018828 -0.0000000000 -0.0000000000 -0.0000000000  0.0000000006  0.0000000000 -0.0000000000  0.0339837709 -0.0000000000  0.0000000006
  0.2000000000  0.0000000000  0.0000000000  0.3333333333  0.3333333333  0.0000000000  0.1016424024  0.0244608459  0.0000000005  0.0000000000 -0.0000000000 -0.0003517163  0.0853469060  0.0000000005 -0.0000000000 -0.0000000000 -0.0000881111  0.0000000021 -0.0000000000 -0.0000000000 -0.0000000000  0.0000000006 -0.0000000000 -0.0000000000  0.0000000006 -0.0000000000  0.0330195390
  0.2000000000  0.0000000000  0.0000000000  0.3333333333  0.3333333333  0.3333333333  0.1015209751  0.0245130158  0.0000000005 -0.0000000000 -0.0000000000 -0.0002296627  0.0856218026  0.0000000005 -0.0000000000  0.0000000000 -0.0000653922  0.0000000021 -0.0000000000 -0.0000000000 -0.0000000000  0.0000000006  0.0000000000 -0.0000000000  0.0000000006 -0.0000000000  0.0330756608
  0.2000000000  0.0000000000  0.0000000000  0.3333333333  0.3333333333  0.6666666667  0.0869022608  0.0000000005  0.0230156852  0.0000000000 -0.0000000000  0.0000000000  0.0000000021  0.0000000005 -0.0000000000  0.0000000000 -0.0000000000  0.1035342610 -0.0000000000 -0.0000000000  0.0000000000  0.0000000006 -0.0000000000 -0.0000000000  0.0340114698 -0.0000000000  0.0000000006
  0.2000000000  0.0000000000  0.0000000000  0.3333333333  0.3333333333  1.0000000000  0.0867632805  0.0000000005  0.0230327999 -0.0000000000 -0.0000000000  0.0000000000  0.0000000021  0.0000000005 -0.0000000000 -0.0000000000 -0.0000000000  0.1035073928 -0.0000000000 -0.0000000000  0.0000000000  0.0000000006 -0.0000000000 -0.0000000000  0.0339791544 -0.0000000000  0.0000000006
  0.2000000000  0.0000000000  0.0000000000  0.3333333333  0.6666666667  0.0000000000  0.1013486728  0.0245488223  0.0000000005  0.0000000000 -0.0000000000 -0.0001375075  0.0859360715  0.0000000005 -0.0000000000  0.0000000000 -0.0000305118  0.0000000021 -0.0000000000 -0.0000000000 -0.0000000000  0.0000000006 -0.0000000000 -0.0000000000  0.0000000006 -0.0000000000  0.0332235937
  0.2000000000  0.0000000000  0.0000000000  0.3333333333  0.6666666667  0.3333333333  0.1014049095  0.0245328222  0.0000000005  0.0000000000 -0.0000000000 -0.0001648752  0.0858342873  0.0000000005 -0.0000000000 -0.0000000000 -0.0000204772  0.0000000021 -0.0000000000 -0.0000000000 -0.0000000000  0.0000000006 -0.0000000000 -0.0000000000  0.0000000006 -0.0000000000  0.0331671695
  0.2000000000  0.0000000000  0.0000000000  0.3333333333  0.6666666667  0.6666666667  0.1013629192  0.0245320233  0.0000000005  0.0000000000 -0.0000000000 -0.0001309880  0.0859242425  0.0000000005 -0.0000000000 -0.0000000000 -0.0000245310  0.0000000021 -0.0000000000 -0.0000000000 -0.0000000000  0.0000000006 -0.0000000000 -0.0000000000  0.0000000006 -0.0000000000  0.0331852488
  0.2000000000  0.0000000000  0.0000000000  0.3333333333  0.6666666667  1.0000000000  0.0844610495  0.0000000005  0.0230708739  0.0000000000 -0.0000000000  0.0000000000  0.0000000021  0.0000000005 -0.0000000000  0.0000000000 -0.0000000000  0.1037149765 -0.0000000000 -0.0000000000  0.0000000000  0.0000000006  0.0000000000 -0.0000000000  0.0336737841 -0.0000000000  0.0000000006
  0.2000000000  0.0000000000  0.0000000000  0.3333333333  1.0000000000  0.0000000000  0.1010793857  0.0245859619  0.0000000005  0.0000000000 -0.0000000000 -0.0000132056  0.0862149894  0.0000000005 -0.0000000000 -0.0000000000  0.0000066822  0.0000000021 -0.0000000000 -0.0000000000 -0.0000000000  0.0000000006 -0.0000000000 -0.0000000000  0.0000000006 -0.0000000000  0.0333596641
  0.2000000000  0.0000000000  0.0000000000  0.3333333333  1.0000000000  0.3333333333  0.1012400119  0.0245783244  0.0000000005 -0.0000000000 -0.0000000000  0.0000073755  0.0861648888  0.0000000005 -0.0000000000 -0.0000000000  0.0000056618  0.0000000021 -0.0000000000 -0.0000000000  0.0000000000  0.0000000006 -0.0000000000 -0.0000000000  0.0000000006 -0.0000000000  0.0332980188
  0.2000000000  0.0000000000  0.0000000000  0.3333333333  1.0000000000  0.6666666667  0.1012777356  0.0245778048  0.0000000005  0.0000000000 -0.0000000000 -0.0000013006  0.0861361070  0.0000000005 -0.0000000000  0.0000000000  0.0000027556  0.0000000021 -0.0000000000 -0.0000000000  0.0000000000  0.0000000006 -0.0000000000 -0.0000000000  0.0000000006 -0.0000000000  0.0332731266
  0.2000000000  0.0000000000  0.0000000000  0.3333333333  1.0000000000  1.0000000000  0.1009448477  0.0244676913  0.0000000005  0.0000000000 -0.0000000000 -0.0000381227  0.0859697858  0.0000000005 -0.0000000000 -0.0000000000  0.0000341345  0.0000000021 -0.0000000000 -0.0000000000 -0.0000000000  0.0000000006 -0.0000000000 -0.0000000000  0.0000000006 -0.0000000000  0.0331842047
  0.2000000000  0.0000000000  0.0000000000  0.6666666667  0.0000000000  0.0000000000  0.1005744914  0.0240166247  0.0000000005 -0.0000000000 -0.0000000000 -0.0019443091  0.0818155968  0.0000000005 -0.0000000000 -0.0000000000 -0.0012077833  0.0000000021 -0.0000000000 -0.0000000000 -0.0000000000  0.0000000006 -0.0000000000 -0.0000000000  0.0000000006 -0.0000000000  0.0326746606
  0.2000000000  0.0000000000  0.0000000000  0.6666666667  0.0000000000  0.3333333333  0.0869021256  0.0000000005  0.0230157648 -0.0000000000 -0.0000000000  0.0000000000  0.0000000021  0.0000000005 -0.0000000000 -0.0000000000 -0.0000000000  0.1035339630 -0.0000000000 -0.0000000000  0.0000000000  0.0000000006 -0.0000000000 -0.0000000000  0.0340113116 -0.0000000000  0.0000000006
  0.2000000000  0.0000000000  0.0000000000  0.6666666667  0.0000000000  0.6666666667  0.0846809396  0.0000000005  0.0239529002  0.0000000000 -0.0000000000  0.0000000000  0.0000000021  0.0000000005 -0.0000000000 -0.0000000000 -0.0000000000  0.1030502671 -0.0000000000 -0.0000000000  0.0000000000  0.0000000006  0.0000000000 -0.0000000000  0.0336374990 -0.0000000000  0.0000000006
  0.2000000000  0.0000000000  0.0000000000  0.6666666667  0.0000000000  1.0000000000  0.0835954589  0.0000000005  0.0235803021 -0.0000000000 -0.0000000000  0.0000000000  0.0000000021  0.0000000005 -0.0000000000 -0.0000000000 -0.0000000000  0.1040848562 -0.0000000000 -0.0000000000  0.0000000000  0.0000000006  0.0000000000 -0.0000000000  0.0337173178 -0.0000000000  0.0000000006
  0.2000000000  0.0000000000  0.0000000000  0.6666666667  0.3333333333  0.0000000000  0.1010936080  0.0244618192  0.0000000005  0.0000000000 -0.0000000000 -0.0010205366  0.0843623651  0.0000000005 -0.0000000000 -0.0000000000 -0.0004130366  0.0000000021 -0.0000000000 -0.0000000000 -0.0000000000  0.0000000006 -0.0000000000 -0.0000000000  0.0000000006 -0.0000000000  0.0331352253
  0.2000000000  0.0000000000  0.0000000000  0.6666666667  0.3333333333  0.3333333333  0.1011177899  0.0245550275  0.0000000005 -0.0000000000 -0.0000000000 -0.0005867928  0.0852095022  0.0000000005 -0.0000000000  0.0000000000 -0.0002847359  0.0000000021 -0.0000000000 -0.0000000000 -0.0000000000  0.0000000006 -0.0000000000 -0.0000000000  0.0000000006 -0.0000000000  0.0332717788
  0.2000000000  0.0000000000  0.0000000000  0.6666666667  0.3333333333  0.6666666667  0.1011271975  0.0245358796  0.0000000005 -0.0000000000 -0.0000000000 -0.0006853546  0.0850523542  0.0000000005 -0.0000000000  0.0000000000 -0.0003080484  0.0000000021 -0.0000000000 -0.0000000000 -0.0000000000  0.0000000006 -0.0000000000 -0.0000000000  0.0000000006 -0.0000000000  0.0332267802
  0.2000000000  0.0000000000  0.0000000000  0.6666666667  0.3333333333  1.0000000000  0.0835995394  0.0000000005  0.0236730603  0.0000000000 -0.0000000000  0.0000000000  0.0000000021  0.0000000005 -0.0000000000  0.0000000000 -0.0000000000  0.1040499982 -0.0000000000 -0.0000000000  0.0000000000  0.0000000006  0.0000000000 -0.0000000000  0.0336977666 -0.0000000000  0.0000000006
  0.2000000000  0.0000000000  0.0000000000  0.6666666667  0.6666666667  0.0000000000  0.1011606232  0.0245752434  0.0000000005  0.0000000000 -0.0000000000 -0.0002032702  0.0858494419  0.0000000005 -0.0000000000  0.0000000000 -0.0000642031  0.0000000021 -0.0000000000 -0.0000000000 -0.0000000000  0.0000000006 -0.0000000000 -0.0000000000  0.0000000006 -0.0000000000  0.0333531951
  0.2000000000  0.0000000000  0.0000000000  0.6666666667  0.6666666667  0.3333333333  0.1011324855  0.0245761314  0.0000000005  0.0000000000 -0.0000000000 -0.0001670491  0.0858944110  0.0000000005 -0.0000000000 -0.0000000000 -0.0000515000  0.0000000021 -0.0000000000 -0.0000000000 -0.0000000000  0.0000000006  0.0000000000 -0.0000000000  0.0000000006 -0.0000000000  0.0333664480
  0.2000000000  0.0000000000  0.0000000000  0.6666666667  0.6666666667  0.6666666667  0.1011259183  0.0245930940  0.0000000005 -0.0000000000 -0.0000000000 -0.0000402316  0.0860855623  0.0000000005 -0.0000000000 -0.0000000000 -0.0000184683  0.0000000021 -0.0000000000 -0.0000000000 -0.0000000000  0.0000000006 -0.0000000000 -0.0000000000  0.0000000006 -0.0000000000  0.0333840479
  0.2000000000  0.0000000000  0.0000000000  0.6666666667  0.6666666667  1.0000000000  0.1010648555  0.0245749458  0.0000000005 -0.0000000000 -0.0000000000 -0.0000466656  0.0860941373  0.0000000005 -0.0000000000 -0.0000000000 -0.0000188135  0.0000000021 -0.0000000000 -0.0000000000 -0.0000000000  0.0000000006  0.0000000000 -0.0000000000  0.0000000006 -0.0000000000  0.0333887802
  0.2000000000  0.0000000000  0.0000000000  0.6666666667  1.0000000000  0.0000000000  0.1011472920  0.0245925241  0.0000000005 -0.0000000000 -0.0000000000 -0.0000059077  0.0861320231  0.0000000005 -0.0000000000  0.0000000000  0.0000104855  0.0000000021 -0.0000000000 -0.0000000000 -0.0000000000  0.0000000006 -0.0000000000 -0.0000000000  0.0000000006 -0.0000000000  0.0333871961
  0.2000000000  0.0000000000  0.0000000000  0.6666666667  1.0000000000  0.3333333333  0.1011524564  0.0245945795  0.0000000005  0.0000000000 -0.0000000000 -0.0000081340  0.0861274807  0.0000000005 -0.0000000000  0.0000000000  0.0000117457  0.0000000021 -0.0000000000 -0.0000000000  0.0000000000  0.0000000006 -0.0000000000 -0.0000000000  0.0000000006 -0.0000000000  0.0333793978
  0.2000000000  0.0000000000  0.0000000000  0.6666666667  1.0000000000  0.6666666667  0.1011314721  0.0245914372  0.0000000005  0.0000000000 -0.0000000000 -0.0000164134  0.0861274708  0.0000000005 -0.0000000000  0.0000000000  0.0000139932  0.0000000021 -0.0000000000 -0.0000000000 -0.0000000000  0.0000000006 -0.0000000000 -0.0000000000  0.0000000006 -0.0000000000  0.0333850852
  0.2000000000  0.0000000000  0.0000000000  0.6666666667  1.0000000000  1.0000000000  0.1011311640  0.0245938033  0.0000000005  0.0000000000 -0.0000000000 -0.0000227005  0.0860869696  0.0000000005 -0.0000000000 -0.0000000000  0.0000105081  0.0000000021 -0.0000000000 -0.0000000000  0.0000000000  0.0000000006 -0.0000000000 -0.0000000000  0.0000000006 -0.0000000000  0.0333696820
  0.2000000000  0.0000000000  0.0000000000  1.0000000000  0.0000000000  0.0000000000  0.0245757217  0.0245707934  0.0000000005  0.0000000000 -0.0000000000 -0.0245698740  0.0245751475  0.0000000006 -0.0000000000  0.0000000000 -0.0245695837  0.0000000033 -0.0000000000 -0.0000000000 -0.0000000002  0.0000000010  0.0000000000 -0.0000000000  0.0000000010 -0.0000000000  0.0245719662
  0.2000000000  0.0000000000  0.0000000000  1.0000000000  0.0000000000  0.3333333333  0.0241088473  0.0241046348  0.0000000004  0.0000000000 -0.0000000000 -0.0241037174  0.0241092456  0.0000000005 -0.0000000000 -0.0000000000 -0.0241039063  0.0000000036 -0.0000000000 -0.0000000000 -0.0000000000  0.0000000011  0.0000000000 -0.0000000000  0.0000000011 -0.0000000000  0.0241061308
  0.2000000000  0.0000000000  0.0000000000  1.0000000000  0.0000000000  0.6666666667  0.0176994632  0.0176989195  0.0019668953  0.0000000000 -0.0000000000 -0.0176988727  0.0176994018  0.0019669045 -0.0000000000  0.0000000000 -0.0176988423  0.0470336887 -0.0000000000 -0.0000000000 -0.0019668564  0.0013925783 -0.0013924343 -0.0000000000  0.0013926354 -0.0000000000  0.0176990879
  0.2000000000  0.0000000000  0.0000000000  1.0000000000  0.0000000000  1.0000000000  0.0000000047  0.0000000005  0.0000000011  0.0000000000 -0.0000000000  0.0000000000  0.0000000032  0.0000000008 -0.0000000000  0.0000000000 -0.0000000000  0.1162129022 -0.0000000000 -0.0000000000 -0.0000000000  0.0000000010 -0.0000000000 -0.0000000000  0.0000000015 -0.0000000000  0.0000000008
  0.2000000000  0.0000000000  0.0000000000  1.0000000000  0.3333333333  0.0000000000  0.1006534854  0.0246034046  0.0000000005 -0.0000000000 -0.0000000000 -0.0003878865  0.0853500174  0.0000000005 -0.0000000000 -0.0000000000 -0.0003782716  0.0000000021 -0.0000000000 -0.0000000000 -0.0000000000  0.0000000006  0.0000000000 -0.0000000000  0.0000000006 -0.0000000000  0.0334283169
  0.2000000000  0.0000000000  0.0000000000  1.0000000000  0.3333333333  0.3333333333  0.1007041465  0.0246079757  0.0000000005 -0.0000000000 -0.0000000000 -0.0003781040  0.0853751306  0.0000000005 -0.0000000000 -0.0000000000 -0.0003629310  0.0000000021 -0.0000000000 -0.0000000000  0.0000000000  0.0000000006  0.0000000000 -0.0000000000  0.0000000006 -0.0000000000  0.0334285216
  0.2000000000  0.0000000000  0.0000000000  1.0000000000  0.3333333333  0.6666666667  0.1007589127  0.0246086490  0.0000000005  0.0000000000 -0.0000000000 -0.0003450408  0.0854397796  0.0000000005 -0.0000000000 -0.0000000000 -0.0003344624  0.0000000021 -0.0000000000 -0.0000000000  0.0000000000  0.0000000006  0.0000000000 -0.0000000000  0.0000000006 -0.0000000000  0.0334272872
  0.2000000000  0.0000000000  0.0000000000  1.0000000000  0.3333333333  1.0000000000  0.1007855159  0.0246033134  0.0000000005  0.0000000000 -0.0000000000 -0.0003123803  0.0854872505  0.0000000005 -0.0000000000 -0.0000000000 -0.0003094362  0.0000000021 -0.0000000000 -0.0000000000  0.0000000000  0.0000000006 -0.0000000000 -0.0000000000  0.0000000006 -0.0000000000  0.0334379308
  0.2000000000  0.0000000000  0.0000000000  1.0000000000  0.6666666667  0.0000000000  0.1010343093  0.0245698996  0.0000000005  0.0000000000 -0.0000000000 -0.0000261671  0.0860408886  0.0000000005 -0.0000000000  0.0000000000 -0.0000226400  0.0000000021 -0.0000000000 -0.0000000000 -0.0000000000  0.0000000006 -0.0000000000 -0.0000000000  0.0000000006 -0.0000000000  0.0334417019
  0.2000000000  0.0000000000  0.0000000000  1.0000000000  0.6666666667  0.3333333333  0.1010372166  0.0245700437  0.0000000005  0.0000000000 -0.0000000000 -0.0000222885  0.0860455762  0.0000000005 -0.0000000000 -0.0000000000 -0.0000181471  0.0000000021 -0.0000000000 -0.0000000000 -0.0000000000  0.0000000006 -0.0000000000 -0.0000000000  0.0000000006 -0.0000000000  0.0334415765
  0.2000000000  0.0000000000  0.0000000000  1.0000000000  0.6666666667  0.6666666667  0.1010392650  0.0245681441  0.0000000005 -0.0000000000 -0.0000000000 -0.0000172842  0.0860497305  0.0000000005 -0.0000000000  0.0000000000 -0.0000144181  0.0000000021 -0.0000000000 -0.0000000000 -0.0000000000  0.0000000006 -0.0000000000 -0.0000000000  0.0000000006 -0.0000000000  0.0334401016
  0.2000000000  0.0000000000  0.0000000000  1.0000000000  0.6666666667  1.0000000000  0.1010193929  0.0245727498  0.0000000005  0.0000000000 -0.0000000000 -0.0000284270  0.0860159943  0.0000000005 -0.0000000000  0.0000000000 -0.0000563572  0.0000000021 -0.0000000000 -0.0000000000 -0.0000000000  0.0000000006  0.0000000000 -0.0000000000  0.0000000006 -0.0000000000  0.0334289764
  0.2000000000  0.0000000000  0.0000000000  1.0000000000  1.0000000000  0.0000000000  0.1010243621  0.0245665734  0.0000000005  0.0000000000 -0.0000000000 -0.0000000000  0.0860390374  0.0000000005 -0.0000000000 -0.0000000000 -0.0000000000  0.0000000021 -0.0000000000 -0.0000000000  0.0000000000  0.0000000006 -0.0000000000 -0.0000000000  0.0000000006 -0.0000000000  0.0334428541
  0.2000000000  0.0000000000  0.0000000000  1.0000000000  1.0000000000  0.3333333333  0.1010232112  0.0245662494  0.0000000005 -0.0000000000 -0.0000000000 -0.0000000000  0.0860356271  0.0000000005 -0.0000000000 -0.0000000000 -0.0000000000  0.0000000021 -0.0000000000 -0.0000000000 -0.0000000000  0.0000000006 -0.0000000000 -0.0000000000  0.0000000006 -0.0000000000  0.0334438936
  0.2000000000  0.0000000000  0.0000000000  1.0000000000  1.0000000000  0.6666666667  0.1010193268  0.0245657993  0.0000000005 -0.0000000000 -0.0000000000 -0.0000000000  0.0860346730  0.0000000005 -0.0000000000 -0.0000000000 -0.0000000000  0.0000000021 -0.0000000000 -0.0000000000  0.0000000000  0.0000000006 -0.0000000000 -0.0000000000  0.0000000006 -0.0000000000  0.0334431671
  0.2000000000  0.0000000000  0.0000000000  1.0000000000  1.0000000000  1.0000000000  0.1010102972  0.0245602722  0.0000000005 -0.0000000000 -0.0000000000 -0.0000000000  0.0860118652  0.0000000005 -0.0000000000  0.0000000000 -0.0000000000  0.0000000021 -0.0000000000 -0.0000000000 -0.0000000000  0.0000000006 -0.0000000000 -0.0000000000  0.0000000006 -0.0000000000  0.0334413746
  0.2000000000  0.0000000000  0.3333333333  0.0000000000  0.0000000000  0.0000000000  0.1161401643  0.0000000012  0.0000000009 -0.0000000000  0.0000000000 -0.0000000000  0.0000000051  0.0000000006 -0.0000000000  0.0000000000 -0.0000000000  0.0000000035 -0.0000000000  0.0000000001  0.0000000000  0.0000000009 -0.0000000000  0.0000000000  0.0000000011 -0.0000000000  0.0000000017
  0.2000000000  0.0000000000  0.3333333333  0.0000000000  0.0000000000  0.3333333333  0.0863753702  0.0000000005  0.0245329357 -0.0000000000  0.0000123645 -0.0000000000  0.0000000021  0.0000000005 -0.0000000000  0.0000000000 -0.0000000000  0.1007920939 -0.0000000000  0.0000030681  0.0000000000  0.0000000006 -0.0000000000 -0.0000000000  0.0332884386 -0.0000000000  0.0000000006
  0.2000000000  0.0000000000  0.3333333333  0.0000000000  0.0000000000  0.6666666667  0.0862672860  0.0000000005  0.0245754569  0.0000000000  0.0000165561 -0.0000000000  0.0000000021  0.0000000005 -0.0000000000 -0.0000000000 -0.0000000000  0.1009768575 -0.0000000000 -0.0000020938  0.0000000000  0.0000000006 -0.0000000000 -0.0000000000  0.0333530202 -0.0000000000  0.0000000006
  0.2000000000  0.0000000000  0.3333333333  0.0000000000  0.0000000000  1.0000000000  0.0862121555  0.0000000005  0.0245829017  0.0000000000  0.0000060262 -0.0000000000  0.0000000021  0.0000000005 -0.0000000000 -0.0000000000 -0.0000000000  0.1010560126 -0.0000000000 -0.0000114121  0.0000000000  0.0000000006 -0.0000000000 -0.0000000000  0.0333534922 -0.0000000000  0.0000000006
  0.2000000000  0.0000000000  0.3333333333  0.0000000000  0.3333333333  0.0000000000  0.1029731655  0.0230565391  0.0000000005  0.0000000000 -0.0000000000 -0.0000000000  0.0838883067  0.0000000005 -0.0000000000 -0.0000000000 -0.0000000000  0.0000000021 -0.0000000000 -0.0000000000 -0.0000000000  0.0000000006 -0.0000000000  0.0000000000  0.0000000006 -0.0000000000  0.0329172417
  0.2000000000  0.0000000000  0.3333333333  0.0000000000  0.3333333333  0.3333333333  0.0863454007  0.0000000005  0.0245297688  0.0000000000  0.0000309301 -0.0000000000  0.0000000021  0.0000000005 -0.0000000000  0.0000000000 -0.0000000000  0.1008338208 -0.0000000000  0.0000140297 -0.0000000000  0.0000000006 -0.0000000000 -0.0000000000  0.0332943327 -0.0000000000  0.0000000006
  0.2000000000  0.0000000000  0.3333333333  0.0000000000  0.3333333333  0.6666666667  0.0862583610  0.0000000005  0.0245734668  0.0000000000  0.0000095083 -0.0000000000  0.0000000021  0.0000000005 -0.0000000000 -0.0000000000 -0.0000000000  0.1010082397 -0.0000000000 -0.0000106737 -0.0000000000  0.0000000006 -0.0000000000 -0.0000000000  0.0333503529 -0.0000000000  0.0000000006
  0.2000000000  0.0000000000  0.3333333333  0.0000000000  0.3333333333  1.0000000000  0.0861648719  0.0000000005  0.0245802535  0.0000000000  0.0000050589 -0.0000000000  0.0000000021  0.0000000005 -0.0000000000  0.0000000000 -0.0000000000  0.1012492921 -0.0000000000  0.0000077616  0.0000000000  0.0000000006 -0.0000000000 -0.0000000000  0.0332954078 -0.0000000000  0.0000000006
  0.2000000000  0.0000000000  0.3333333333  0.0000000000  0.6666666667  0.0000000000  0.1017088859  0.0225760749  0.0000000005 -0.0000000000  0.0000000000 -0.0000000000  0.0870008443  0.0000000005 -0.0000000000  0.0000000000 -0.0000000000  0.0000000021 -0.0000000000 -0.0000000000  0.0000000000  0.0000000006 -0.0000000000 -0.0000000000  0.0000000006 -0.0000000000  0.0338375362
  0.2000000000  0.0000000000  0.3333333333  0.0000000000  0.6666666667  0.3333333333  0.1015127463  0.0244026053  0.0000000005 -0.0000000000 -0.0000000000 -0.0000000000  0.0859235789  0.0000000005 -0.0000000000 -0.0000000000 -0.0000000000  0.0000000021 -0.0000000000 -0.0000000000 -0.0000000000  0.0000000006 -0.0000000000 -0.0000000000  0.0000000006 -0.0000000000  0.0332595431
  0.2000000000  0.0000000000  0.3333333333  0.0000000000  0.6666666667  0.6666666667  0.0862371443  0.0000000005  0.0245651273  0.0000000000  0.0000036105 -0.0000000000  0.0000000021  0.0000000005 -0.0000000000 -0.0000000000 -0.0000000000  0.1010205363 -0.0000000000 -0.0000192718  0.0000000000  0.0000000006 -0.0000000000 -0.0000000000  0.0333457769 -0.0000000000  0.0000000006
  0.2000000000  0.0000000000  0.3333333333  0.0000000000  0.6666666667  1.0000000000  0.0861589251  0.0000000005  0.0245758134 -0.0000000000  0.0000022220 -0.0000000000  0.0000000021  0.0000000005 -0.0000000000  0.0000000000 -0.0000000000  0.1012328316 -0.0000000000  0.0000041052  0.0000000000  0.0000000006 -0.0000000000 -0.0000000000  0.0333080394 -0.0000000000  0.0000000006
  0.2000000000  0.0000000000  0.3333333333  0.0000000000  1.0000000000  0.0000000000  0.1004711825  0.0226191002  0.0000000005  0.0000000000  0.0000000000 -0.0000000000  0.0883081144  0.0000000005 -0.0000000000  0.0000000000 -0.0000000000  0.0000000021 -0.0000000000 -0.0000000000 -0.0000000000  0.0000000006 -0.0000000000 -0.0000000000  0.0000000006 -0.0000000000  0.0339968296
  0.2000000000  0.0000000000  0.3333333333  0.0000000000  1.0000000000  0.3333333333  0.1012409270  0.0242961136  0.0000000005 -0.0000000000 -0.0000000000 -0.0000000000  0.0861870630  0.0000000005 -0.0000000000 -0.0000000000 -0.0000000000  0.0000000021 -0.0000000000 -0.0000000000  0.0000000000  0.0000000006 -0.0000000000 -0.0000000000  0.0000000006 -0.0000000000  0.0333147281
  0.2000000000  0.0000000000  0.3333333333  0.0000000000  1.0000000000  0.6666666667  0.0861023624  0.0000000005  0.0244714769 -0.0000000000  0.0000146211 -0.0000000000  0.0000000021  0.0000000005 -0.0000000000 -0.0000000000 -0.0000000000  0.1008980671 -0.0000000000 -0.0000314782  0.0000000000  0.0000000006 -0.0000000000 -0.0000000000  0.0331895497 -0.0000000000  0.0000000006
  0.2000000000  0.0000000000  0.3333333333  0.0000000000  1.0000000000  1.0000000000  0.0861699004  0.0000000005  0.0245790561 -0.0000000000  0.0000038210 -0.0000000000  0.0000000021  0.0000000005 -0.0000000000  0.0000000000 -0.0000000000  0.1012466476 -0.0000000000  0.0000056018 -0.0000000000  0.0000000006 -0.0000000000 -0.0000000000  0.0332997584 -0.0000000000  0.0000000006
  0.2000000000  0.0000000000  0.3333333333  0.3333333333  0.0000000000  0.0000000000  0.1161973985  0.0000000009  0.0000000008  0.0000000000 -0.0000000000 -0.0000000001  0.0000000039  0.0000000005  0.0000000001 -0.0000000000 -0.0000000000  0.0000000032  0.0000000000 -0.0000000000 -0.0000000000  0.0000000008 -0.0000000000  0.0000000000  0.0000000010  0.0000000000  0.0000000012
  0.2000000000  0.0000000000  0.3333333333  0.3333333333  0.0000000000  0.3333333333  0.0873654405  0.0000000004  0.0228778571 -0.0000000000  0.0004761937  0.0000000000  0.0000000021  0.0000000005 -0.0000000000  0.0000000000 -0.0000000000  0.1019612334 -0.0000000000  0.0005734219  0.0000000000  0.0000000006 -0.0000000000 -0.0000000000  0.0338933216 -0.0000000000  0.0000000006
  0.2000000000  0.0000000000  0.3333333333  0.3333333333  0.0000000000  0.6666666667  0.0864984460  0.0000000005  0.0233035151 -0.0000000000  0.0000583471 -0.0000000000  0.0000000021  0.0000000005 -0.0000000000 -0.0000000000 -0.0000000000  0.1034396655 -0.0000000000  0.0000290427 -0.0000000000  0.0000000006  0.0000000000 -0.0000000000  0.0344906717 -0.0000000000  0.0000000006
  0.2000000000  0.0000000000  0.3333333333  0.3333333333  0.0000000000  1.0000000000  0.0865353669  0.0000000005  0.0232915775 -0.0000000000  0.0000707331 -0.0000000000  0.0000000021  0.0000000005 -0.0000000000 -0.0000000000 -0.0000000000  0.1035452008 -0.0000000000  0.0000496335 -0.0000000000  0.0000000006  0.0000000000 -0.0000000000  0.0345239089 -0.0000000000  0.0000000006
  0.2000000000  0.0000000000  0.3333333333  0.3333333333  0.3333333333  0.0000000000  0.1041947041  0.0232229685  0.0000000005  0.0000000000  0.0000000000 -0.0007046616  0.0833596411  0.0000000004  0.0000000000  0.0000000000 -0.0005671008  0.0000000021 -0.0000000000 -0.0000000000 -0.0000000000  0.0000000006 -0.0000000000  0.0000000000  0.0000000006  0.0000000000  0.0337154279
  0.2000000000  0.0000000000  0.3333333333  0.3333333333  0.3333333333  0.3333333333  0.0937482354  0.0215698547  0.0000000004 -0.0000000000 -0.0000000000 -0.0028228960  0.0807501821  0.0000000004  0.0000000000 -0.0000000000 -0.0020901535  0.0000000021 -0.0000000000 -0.0000000000 -0.0000000000  0.0000000006 -0.0000000000  0.0000000000  0.0000000006  0.0000000000  0.0304725818
  0.2000000000  0.0000000000  0.3333333333  0.3333333333  0.3333333333  0.6666666667  0.0851312605  0.0000000005  0.0237665844 -0.0000000000 -0.0000476769 -0.0000000000  0.0000000021  0.0000000005 -0.0000000000 -0.0000000000 -0.0000000000  0.1026694005 -0.0000000000 -0.0001038494 -0.0000000000  0.0000000006 -0.0000000000 -0.0000000000  0.0336157319 -0.0000000000  0.0000000006
  0.2000000000  0.0000000000  0.3333333333  0.3333333333  0.3333333333  1.0000000000  0.0873514795  0.0000000005  0.0230256479  0.0000000000 -0.0004138817 -0.0000000000  0.0000000022  0.0000000005  0.0000000000 -0.0000000000 -0.0000000001  0.1011989280 -0.0000000000 -0.0003866941 -0.0000000000  0.0000000006 -0.0000000000 -0.0000000000  0.0339292957  0.0000000000  0.0000000006
  0.2000000000  0.0000000000  0.3333333333  0.3333333333  0.6666666667  0.0000000000  0.1020792248  0.0224972549  0.0000000005 -0.0000000000  0.0000000000 -0.0005531355  0.0868880140  0.0000000005 -0.0000000000  0.0000000000 -0.0004735160  0.0000000021 -0.0000000000  0.0000000000 -0.0000000000  0.0000000006  0.0000000000 -0.0000000000  0.0000000006  0.0000000000  0.0339702260
  0.2000000000  0.0000000000  0.3333333333  0.3333333333  0.6666666667  0.3333333333  0.1034750599  0.0237280150  0.0000000005  0.0000000000  0.0000000000 -0.0003457140  0.0842248636  0.0000000005  0.0000000000  0.0000000000 -0.0002713715  0.0000000021 -0.0000000000 -0.0000000000 -0.0000000000  0.0000000006 -0.0000000000  0.0000000000  0.0000000006  0.0000000000  0.0337442998
  0.2000000000  0.0000000000  0.3333333333  0.3333333333  0.6666666667  0.6666666667  0.0869051009  0.0000000005  0.0230163760 -0.0000000000  0.0000309530  0.0000000000  0.0000000021  0.0000000005 -0.0000000000  0.0000000000 -0.0000000000  0.1035356882 -0.0000000000  0.0000355649  0.0000000000  0.0000000006 -0.0000000000 -0.0000000000  0.0340126413 -0.0000000000  0.0000000006
  0.2000000000  0.0000000000  0.3333333333  0.3333333333  0.6666666667  1.0000000000  0.0864521226  0.0000000005  0.0232858536 -0.0000000000  0.0000395309 -0.0000000000  0.0000000021  0.0000000005 -0.0000000000 -0.0000000000 -0.0000000000  0.1035426296 -0.0000000000  0.0000114245 -0.0000000000  0.0000000006  0.0000000000 -0.0000000000  0.0344968869 -0.0000000000  0.0000000006
  0.2000000000  0.0000000000  0.3333333333  0.3333333333  1.0000000000  0.0000000000  0.1035290799  0.0233161264  0.0000000005 -0.0000000000  0.0000000000 -0.0000425113  0.0864506003  0.0000000005 -0.0000000000  0.0000000000 -0.0000599947  0.0000000021 -0.0000000000 -0.0000000000  0.0000000000  0.0000000006 -0.0000000000  0.0000000000  0.0000000006  0.0000000000  0.0345267699
  0.2000000000  0.0000000000  0.3333333333  0.3333333333  1.0000000000  0.3333333333  0.1032042203  0.0238892257  0.0000000005  0.0000000000 -0.0000000000 -0.0001160855  0.0845743648  0.0000000005  0.0000000000 -0.0000000000 -0.0000859458  0.0000000021 -0.0000000000 -0.0000000000 -0.0000000000  0.0000000006 -0.0000000000 -0.0000000000  0.0000000006  0.0000000000  0.0337073029
  0.2000000000  0.0000000000  0.3333333333  0.3333333333  1.0000000000  0.6666666667  0.1035178901  0.0230236517  0.0000000005 -0.0000000000 -0.0000000000 -0.0000093205  0.0868430789  0.0000000005 -0.0000000000 -0.0000000000 -0.0000052493  0.0000000021 -0.0000000000 -0.0000000000 -0.0000000000  0.0000000006 -0.0000000000 -0.0000000000  0.0000000006  0.0000000000  0.0339962083
  0.2000000000  0.0000000000  0.3333333333  0.3333333333  1.0000000000  1.0000000000  0.0849743778  0.0000000005  0.0236661677  0.0000000000 -0.0002780026  0.0000000000  0.0000000021  0.0000000005 -0.0000000000 -0.0000000000 -0.0000000000  0.1030584079  0.0000000000 -0.0003295216  0.0000000000  0.0000000006  0.0000000000 -0.0000000000  0.0337477511  0.0000000000  0.0000000006
  0.2000000000  0.0000000000  0.3333333333  0.6666666667  0.0000000000  0.0000000000  0.1030429108  0.0232825778  0.0000000005 -0.0000000000 -0.0000000000 -0.0015398086  0.0831838162  0.0000000004 -0.0000000000 -0.0000000000 -0.0012440098  0.0000000021 -0.0000000000 -0.0000000000 -0.0000000000  0.0000000006 -0.0000000000 -0.0000000000  0.0000000006 -0.0000000000  0.0339903754
  0.2000000000  0.0000000000  0.3333333333  0.6666666667  0.0000000000  0.3333333333  0.0868862242  0.0000000005  0.0230206384 -0.0000000000  0.0000348155  0.0000000000  0.0000000021  0.0000000005 -0.0000000000  0.0000000000 -0.0000000000  0.1035169211 -0.0000000000  0.0000386876  0.0000000000  0.0000000006 -0.0000000000 -0.0000000000  0.0340056878 -0.0000000000  0.0000000006
  0.2000000000  0.0000000000  0.3333333333  0.6666666667  0.0000000000  0.6666666667  0.0865243936  0.0000000005  0.0232925565 -0.0000000000  0.0000555706 -0.0000000000  0.0000000021  0.0000000005 -0.0000000000 -0.0000000000 -0.0000000000  0.1035479097 -0.0000000000  0.0000339160 -0.0000000000  0.0000000006  0.0000000000 -0.0000000000  0.0345281043 -0.0000000000  0.0000000006
  0.2000000000  0.0000000000  0.3333333333  0.6666666667  0.0000000000  1.0000000000  0.0857767257  0.0000000005  0.0226940396 -0.0000000000 -0.0001278896 -0.0000000000  0.0000000021  0.0000000005 -0.0000000000 -0.0000000000 -0.0000000000  0.1038744166 -0.0000000000  0.0000100220 -0.0000000000  0.0000000006 -0.0000000000 -0.0000000000  0.0340331561  0.0000000000  0.0000000006
  0.2000000000  0.0000000000  0.3333333333  0.6666666667  0.3333333333  0.0000000000  0.1033168224  0.0234816712  0.0000000005 -0.0000000000  0.0000000000 -0.0008430341  0.0847892329  0.0000000004 -0.0000000000  0.0000000000 -0.0006277667  0.0000000021 -0.0000000000 -0.0000000000 -0.0000000000  0.0000000006 -0.0000000000 -0.0000000000  0.0000000006  0.0000000000  0.0346953675
  0.2000000000  0.0000000000  0.3333333333  0.6666666667  0.3333333333  0.3333333333  0.1036303283  0.0233351982  0.0000000005 -0.0000000000 -0.0000000000 -0.0008171838  0.0849473247  0.0000000004 -0.0000000000 -0.0000000000 -0.0007470498  0.0000000021 -0.0000000000 -0.0000000000 -0.0000000000  0.0000000006 -0.0000000000 -0.0000000000  0.0000000006 -0.0000000000  0.0345888323
  0.2000000000  0.0000000000  0.3333333333  0.6666666667  0.3333333333  0.6666666667  0.1026946836  0.0234871655  0.0000000005  0.0000000000  0.0000000000 -0.0012250812  0.0843931209  0.0000000005  0.0000000000  0.0000000000 -0.0009526187  0.0000000021 -0.0000000000 -0.0000000000 -0.0000000000  0.0000000006 -0.0000000000  0.0000000000  0.0000000006  0.0000000000  0.0337099476
  0.2000000000  0.0000000000  0.3333333333  0.6666666667  0.3333333333  1.0000000000  0.0856768452  0.0000000004  0.0230516840  0.0000000000 -0.0006279669  0.0000000000  0.0000000021  0.0000000005 -0.0000000000 -0.0000000000 -0.0000000000  0.1037473522  0.0000000000 -0.0007298598  0.0000000000  0.0000000006  0.0000000000 -0.0000000000  0.0340062361  0.0000000000  0.0000000006
  0.2000000000  0.0000000000  0.3333333333  0.6666666667  0.6666666667  0.0000000000  0.1015832408  0.0230481081  0.0000000005 -0.0000000000  0.0000000000 -0.0009037126  0.0866619346  0.0000000005 -0.0000000000  0.0000000000 -0.0005434344  0.0000000021 -0.0000000000 -0.0000000000 -0.0000000000  0.0000000006 -0.0000000000 -0.0000000000  0.0000000006 -0.0000000000  0.0343568983
  0.2000000000  0.0000000000  0.3333333333  0.6666666667  0.6666666667  0.3333333333  0.1031557171  0.0235116925  0.0000000005 -0.0000000000  0.0000000000 -0.0000607520  0.0855845497  0.0000000005 -0.0000000000  0.0000000000  0.0001727729  0.0000000021 -0.0000000000 -0.0000000000  0.0000000000  0.0000000006 -0.0000000000 -0.0000000000  0.0000000006 -0.0000000000  0.0349997781
  0.2000000000  0.0000000000  0.3333333333  0.6666666667  0.6666666667  0.6666666667  0.0997846066  0.0229855005  0.0000000005 -0.0000000000  0.0000000000 -0.0001372781  0.0886574049  0.0000000005 -0.0000000000  0.0000000000  0.0000459054  0.0000000021  0.0000000000 -0.0000000000  0.0000000000  0.0000000006 -0.0000000000  0.0000000000  0.0000000006 -0.0000000000  0.0345511827
  0.2000000000  0.0000000000  0.3333333333  0.6666666667  0.6666666667  1.0000000000  0.0839458808  0.0000000005  0.0235886344  0.0000000000 -0.0002136512  0.0000000000  0.0000000021  0.0000000005 -0.0000000000 -0.0000000000 -0.0000000000  0.1038418170  0.0000000000 -0.0002836960  0.0000000000  0.0000000006  0.0000000000 -0.0000000000  0.0337388317  0.0000000000  0.0000000006
  0.2000000000  0.0000000000  0.3333333333  0.6666666667  1.0000000000  0.0000000000  0.1027131632  0.0241127895  0.0000000005  0.0000000000 -0.0000000000 -0.0000739195  0.0848290499  0.0000000005  0.0000000000 -0.0000000000 -0.0000353725  0.0000000021 -0.0000000000 -0.0000000000 -0.0000000000  0.0000000006 -0.0000000000 -0.0000000000  0.0000000006  0.0000000000  0.0337771313
  0.2000000000  0.0000000000  0.3333333333  0.6666666667  1.0000000000  0.3333333333  0.1031638283  0.0235147049  0.0000000005 -0.0000000000  0.0000000000 -0.0000544908  0.0855965831  0.0000000005 -0.0000000000  0.0000000000  0.0001762531  0.0000000021 -0.0000000000 -0.0000000000  0.0000000000  0.0000000006 -0.0000000000 -0.0000000000  0.0000000006 -0.0000000000  0.0350023721
  0.2000000000  0.0000000000  0.3333333333  0.6666666667  1.0000000000  0.6666666667  0.1031628824  0.0235131653  0.0000000005 -0.0000000000  0.0000000000 -0.0000485639  0.0855934596  0.0000000005 -0.0000000000  0.0000000000  0.0001815196  0.0000000021 -0.0000000000 -0.0000000000  0.0000000000  0.0000000006 -0.0000000000 -0.0000000000  0.0000000006 -0.0000000000  0.0350010119
  0.2000000000  0.0000000000  0.3333333333  0.6666666667  1.0000000000  1.0000000000  0.1021511847  0.0240698128  0.0000000005 -0.0000000000 -0.0000000000 -0.0001877431  0.0854102859  0.0000000005 -0.0000000000 -0.0000000000 -0.0001469824  0.0000000021 -0.0000000000 -0.0000000000 -0.0000000000  0.0000000006 -0.0000000000  0.0000000000  0.0000000006 -0.0000000000  0.0337642488
  0.2000000000  0.0000000000  0.3333333333  1.0000000000  0.0000000000  0.0000000000  0.0245938047  0.0245888600  0.0000000005  0.0000000000  0.0000000000 -0.0245879322  0.0245932330  0.0000000006  0.0000000000  0.0000000000 -0.0245876430  0.0000000033  0.0000000000  0.0000000000 -0.0000000002  0.0000000010  0.0000000000  0.0000000000  0.0000000010  0.0000000000  0.0245900295
  0.2000000000  0.0000000000  0.3333333333  1.0000000000  0.0000000000  0.3333333333  0.0241097571  0.0241055299  0.0000000004 -0.0000000000 -0.0000000000 -0.0241046088  0.0241101595  0.0000000005 -0.0000000000 -0.0000000000 -0.0241047988  0.0000000034 -0.0000000000 -0.0000000000 -0.0000000000  0.0000000010  0.0000000000 -0.0000000000  0.0000000010 -0.0000000000  0.0241070317
  0.2000000000  0.0000000000  0.3333333333  1.0000000000  0.0000000000  0.6666666667  0.0176634286  0.0176628847  0.0019738385 -0.0000133561  0.0000133561 -0.0176628400  0.0176633626  0.0019738497 -0.0000133561  0.0000133561 -0.0176628073  0.0472218848 -0.0000263665  0.0000263676 -0.0019738009  0.0014146237 -0.0014144803  0.0000133560  0.0014146810 -0.0000133560  0.0176630534
  0.2000000000  0.0000000000  0.3333333333  1.0000000000  0.0000000000  1.0000000000  0.0832575782  0.0000000004  0.0229586763  0.0000000000 -0.0010030155  0.0000000000  0.0000000021  0.0000000005 -0.0000000000 -0.0000000000 -0.0000000000  0.1040801831  0.0000000000 -0.0011571870  0.0000000000  0.0000000006  0.0000000000 -0.0000000000  0.0340131193  0.0000000000  0.0000000006
  0.2000000000  0.0000000000  0.3333333333  1.0000000000  0.3333333333  0.0000000000  0.1018482139  0.0235080769  0.0000000005 -0.0000000000  0.0000000000 -0.0009692646  0.0854733857  0.0000000004 -0.0000000000  0.0000000000 -0.0006660671  0.0000000021 -0.0000000000 -0.0000000000 -0.0000000000  0.0000000006 -0.0000000000 -0.0000000000  0.0000000006  0.0000000000  0.0347389342
  0.2000000000  0.0000000000  0.3333333333  1.0000000000  0.3333333333  0.3333333333  0.1019038521  0.0235119074  0.0000000005 -0.0000000000  0.0000000000 -0.0009487654  0.0854770205  0.0000000004 -0.0000000000  0.0000000000 -0.0006501656  0.0000000021 -0.0000000000 -0.0000000000 -0.0000000000  0.0000000006 -0.0000000000 -0.0000000000  0.0000000006  0.0000000000  0.0347506439
  0.2000000000  0.0000000000  0.3333333333  1.0000000000  0.3333333333  0.6666666667  0.1023822513  0.0232724030  0.0000000005  0.0000000000  0.0000000000 -0.0009451178  0.0859024838  0.0000000005  0.0000000000  0.0000000000 -0.0009034337  0.0000000021 -0.0000000000 -0.0000000000 -0.0000000000  0.0000000006 -0.0000000000  0.0000000000  0.0000000006  0.0000000000  0.0345042849
  0.2000000000  0.0000000000  0.3333333333  1.0000000000  0.3333333333  1.0000000000  0.1020470399  0.0235112638  0.0000000005  0.0000000000  0.0000000000 -0.0007254549  0.0850554589  0.0000000004  0.0000000000  0.0000000000 -0.0008019854  0.0000000021 -0.0000000000 -0.0000000000 -0.0000000000  0.0000000006 -0.0000000000  0.0000000000  0.0000000006  0.0000000000  0.0347601057
  0.2000000000  0.0000000000  0.3333333333  1.0000000000  0.6666666667  0.0000000000  0.1021467152  0.0241381282  0.0000000005  0.0000000000  0.0000000000 -0.0002742677  0.0850986835  0.0000000005  0.0000000000  0.0000000000 -0.0002540580  0.0000000021 -0.0000000000 -0.0000000000 -0.0000000000  0.0000000006 -0.0000000000 -0.0000000000  0.0000000006  0.0000000000  0.0337900484
  0.2000000000  0.0000000000  0.3333333333  1.0000000000  0.6666666667  0.3333333333  0.1016107871  0.0240753684  0.0000000005 -0.0000000000 -0.0000000000 -0.0003426799  0.0856779221  0.0000000005 -0.0000000000 -0.0000000000 -0.0003410578  0.0000000021 -0.0000000000 -0.0000000000  0.0000000000  0.0000000006 -0.0000000000 -0.0000000000  0.0000000006 -0.0000000000  0.0337762616
  0.2000000000  0.0000000000  0.3333333333  1.0000000000  0.6666666667  0.6666666667  0.0999848112  0.0229810356  0.0000000005 -0.0000000000  0.0000000000 -0.0003151314  0.0884406907  0.0000000005 -0.0000000000  0.0000000000 -0.0000963822  0.0000000021 -0.0000000000  0.0000000000 -0.0000000000  0.0000000006 -0.0000000000 -0.0000000000  0.0000000006 -0.0000000000  0.0345050818
  0.2000000000  0.0000000000  0.3333333333  1.0000000000  0.6666666667  1.0000000000  0.1014478642  0.0240534890  0.0000000005 -0.0000000000 -0.0000000000 -0.0003522052  0.0858375312  0.0000000005 -0.0000000000 -0.0000000000 -0.0003568499  0.0000000021 -0.0000000000 -0.0000000000  0.0000000000  0.0000000006 -0.0000000000 -0.0000000000  0.0000000006 -0.0000000000  0.0337823348
  0.2000000000  0.0000000000  0.3333333333  1.0000000000  1.0000000000  0.0000000000  0.1004344515  0.0243306932  0.0000000005 -0.0000000000  0.0000000000 -0.0000127190  0.0865088773  0.0000000005 -0.0000000000  0.0000000000 -0.0000109234  0.0000000021 -0.0000000000 -0.0000000000 -0.0000000000  0.0000000006 -0.0000000000 -0.0000000000  0.0000000006 -0.0000000000  0.0336035425
  0.2000000000  0.0000000000  0.3333333333  1.0000000000  1.0000000000  0.3333333333  0.1003102748  0.0242586871  0.0000000005 -0.0000000000  0.0000000000 -0.0000275988  0.0866072458  0.0000000005 -0.0000000000  0.0000000000 -0.0000213980  0.0000000021 -0.0000000000 -0.0000000000  0.0000000000  0.0000000006  0.0000000000 -0.0000000000  0.0000000006 -0.0000000000  0.0336351934
  0.2000000000  0.0000000000  0.3333333333  1.0000000000  1.0000000000  0.6666666667  0.1003792922  0.0241489062  0.0000000005 -0.0000000000  0.0000000000 -0.0000102539  0.0866411941  0.0000000005 -0.0000000000  0.0000000000  0.0000153942  0.0000000021 -0.0000000000 -0.0000000000  0.0000000000  0.0000000006 -0.0000000000 -0.0000000000  0.0000000006 -0.0000000000  0.0336912483
  0.2000000000  0.0000000000  0.3333333333  1.0000000000  1.0000000000  1.0000000000  0.1018562636  0.0238208940  0.0000000005 -0.0000000000  0.0000000000  0.0000865544  0.0851670503  0.0000000005 -0.0000000000  0.0000000000  0.0001703915  0.0000000021 -0.0000000000 -0.0000000000  0.0000000000  0.0000000006 -0.0000000000 -0.0000000000  0.0000000006 -0.0000000000  0.0339788012
  0.2000000000  0.0000000000  0.6666666667  0.0000000000  0.0000000000  0.0000000000  0.0851203239  0.0000000005  0.0231265659 -0.0000000000  0.0027706102 -0.0000000000  0.0000000021  0.0000000005 -0.0000000000  0.0000000000 -0.0000000000  0.0922717022 -0.0000000000  0.0026253841 -0.0000000000  0.0000000006 -0.0000000000 -0.0000000000  0.0316094037 -0.0000000000  0.0000000006
  0.2000000000  0.0000000000  0.6666666667  0.0000000000  0.0000000000  0.3333333333  0.0861331276  0.0000000005  0.0245691212 -0.0000000000  0.0000873990 -0.0000000000  0.0000000021  0.0000000005 -0.0000000000  0.0000000000 -0.0000000000  0.1009574453 -0.0000000000  0.0000437129  0.0000000000  0.0000000006 -0.0000000000 -0.0000000000  0.0334065642 -0.0000000000  0.0000000006
  0.2000000000  0.0000000000  0.6666666667  0.0000000000  0.0000000000  0.6666666667  0.0861254426  0.0000000005  0.0245943574 -0.0000000000  0.0000433961 -0.0000000000  0.0000000021  0.0000000005 -0.0000000000  0.0000000000 -0.0000000000  0.1011362417 -0.0000000000  0.0000169143 -0.0000000000  0.0000000006 -0.0000000000 -0.0000000000  0.0333747523 -0.0000000000  0.0000000006
  0.2000000000  0.0000000000  0.6666666667  0.0000000000  0.0000000000  1.0000000000  0.0861320231  0.0000000005  0.0245925241 -0.0000000000  0.0000104855 -0.0000000000  0.0000000021  0.0000000005 -0.0000000000 -0.0000000000 -0.0000000000  0.1011472920 -0.0000000000 -0.0000059077  0.0000000000  0.0000000006 -0.0000000000 -0.0000000000  0.0333871961 -0.0000000000  0.0000000006
  0.2000000000  0.0000000000  0.6666666667  0.0000000000  0.3333333333  0.0000000000  0.0245830786  0.0000000006  0.0245787069  0.0000000000  0.0245774922 -0.0000000000  0.0000000033  0.0000000005 -0.0000000000  0.0000000002 -0.0000000000  0.0245836546 -0.0000000000  0.0245777835 -0.0000000000  0.0000000010 -0.0000000000 -0.0000000000  0.0245798842 -0.0000000000  0.0000000010
  0.2000000000  0.0000000000  0.6666666667  0.0000000000  0.3333333333  0.3333333333  0.0860903072  0.0000000005  0.0245909191 -0.0000000000  0.0000810152 -0.0000000000  0.0000000021  0.0000000005 -0.0000000000  0.0000000000 -0.0000000000  0.1010910176 -0.0000000000  0.0000528794  0.0000000000  0.0000000006 -0.0000000000 -0.0000000000  0.0333901822 -0.0000000000  0.0000000006
  0.2000000000  0.0000000000  0.6666666667  0.0000000000  0.3333333333  0.6666666667  0.0861345949  0.0000000005  0.0245883879  0.0000000000  0.0000405226 -0.0000000000  0.0000000021  0.0000000005 -0.0000000000  0.0000000000 -0.0000000000  0.1011032717 -0.0000000000  0.0000104188  0.0000000000  0.0000000006 -0.0000000000 -0.0000000000  0.0333865628 -0.0000000000  0.0000000006
  0.2000000000  0.0000000000  0.6666666667  0.0000000000  0.3333333333  1.0000000000  0.0861279140  0.0000000005  0.0245937669  0.0000000000  0.0000117268 -0.0000000000  0.0000000021  0.0000000005 -0.0000000000 -0.0000000000 -0.0000000000  0.1011439388 -0.0000000000 -0.0000101497 -0.0000000000  0.0000000006 -0.0000000000 -0.0000000000  0.0333847244 -0.0000000000  0.0000000006
  0.2000000000  0.0000000000  0.6666666667  0.0000000000  0.6666666667  0.0000000000  0.1019827999  0.0225464445  0.0000000005 -0.0000000000 -0.0000000000 -0.0000000000  0.0866223832  0.0000000005 -0.0000000000 -0.0000000000 -0.0000000000  0.0000000021 -0.0000000000 -0.0000000000  0.0000000000  0.0000000006 -0.0000000000  0.0000000000  0.0000000006 -0.0000000000  0.0337939806
  0.2000000000  0.0000000000  0.6666666667  0.0000000000  0.6666666667  0.3333333333  0.0860978937  0.0000000005  0.0245905605 -0.0000000000  0.0000771354 -0.0000000000  0.0000000021  0.0000000005 -0.0000000000  0.0000000000 -0.0000000000  0.1010937380 -0.0000000000  0.0000488616  0.0000000000  0.0000000006 -0.0000000000 -0.0000000000  0.0333890711 -0.0000000000  0.0000000006
  0.2000000000  0.0000000000  0.6666666667  0.0000000000  0.6666666667  0.6666666667  0.0861256377  0.0000000005  0.0245947846  0.0000000000  0.0000402960 -0.0000000000  0.0000000021  0.0000000005 -0.0000000000  0.0000000000 -0.0000000000  0.1011361008 -0.0000000000  0.0000126734 -0.0000000000  0.0000000006 -0.0000000000 -0.0000000000  0.0333783913 -0.0000000000  0.0000000006
  0.2000000000  0.0000000000  0.6666666667  0.0000000000  0.6666666667  1.0000000000  0.0861280690  0.0000000005  0.0245937850  0.0000000000  0.0000117280 -0.0000000000  0.0000000021  0.0000000005 -0.0000000000 -0.0000000000 -0.0000000000  0.1011435238 -0.0000000000 -0.0000100703  0.0000000000  0.0000000006 -0.0000000000 -0.0000000000  0.0333851772 -0.0000000000  0.0000000006
  0.2000000000  0.0000000000  0.6666666667  0.0000000000  1.0000000000  0.0000000000  0.1010491392  0.0243769811  0.0000000005 -0.0000000000 -0.0000000000 -0.0000000000  0.0863384608  0.0000000005 -0.0000000000 -0.0000000000 -0.0000000000  0.0000000021 -0.0000000000 -0.0000000000  0.0000000000  0.0000000006 -0.0000000000  0.0000000000  0.0000000006 -0.0000000000  0.0333357146
  0.2000000000  0.0000000000  0.6666666667  0.0000000000  1.0000000000  0.3333333333  0.0861148357  0.0000000005  0.0245799173  0.0000000000  0.0000800982 -0.0000000000  0.0000000021  0.0000000005 -0.0000000000  0.0000000000 -0.0000000000  0.1009941552 -0.0000000000  0.0000259392  0.0000000000  0.0000000006 -0.0000000000 -0.0000000000  0.0334028199 -0.0000000000  0.0000000006
  0.2000000000  0.0000000000  0.6666666667  0.0000000000  1.0000000000  0.6666666667  0.0861258702  0.0000000005  0.0245953131  0.0000000000  0.0000377291 -0.0000000000  0.0000000021  0.0000000005 -0.0000000000  0.0000000000 -0.0000000000  0.1011380538 -0.0000000000  0.0000101893 -0.0000000000  0.0000000006 -0.0000000000 -0.0000000000  0.0333769214 -0.0000000000  0.0000000006
  0.2000000000  0.0000000000  0.6666666667  0.0000000000  1.0000000000  1.0000000000  0.0861278543  0.0000000005  0.0245944957 -0.0000000000  0.0000116795 -0.0000000000  0.0000000021  0.0000000005 -0.0000000000  0.0000000000 -0.0000000000  0.1011529428 -0.0000000000 -0.0000079779  0.0000000000  0.0000000006 -0.0000000000 -0.0000000000  0.0333789252 -0.0000000000  0.0000000006
  0.2000000000  0.0000000000  0.6666666667  0.3333333333  0.0000000000  0.0000000000  0.0869863624  0.0000000005  0.0226406266 -0.0000000000  0.0016554314  0.0000000000  0.0000000021  0.0000000005 -0.0000000000  0.0000000000 -0.0000000000  0.0986551986 -0.0000000000  0.0016659641  0.0000000000  0.0000000006  0.0000000000 -0.0000000000  0.0338906140 -0.0000000000  0.0000000006
  0.2000000000  0.0000000000  0.6666666667  0.3333333333  0.0000000000  0.3333333333  0.0859650148  0.0000000005  0.0242008279 -0.0000000000  0.0003004852 -0.0000000000  0.0000000021  0.0000000005 -0.0000000000 -0.0000000000 -0.0000000000  0.1011021774 -0.0000000000  0.0002787512 -0.0000000000  0.0000000006  0.0000000000 -0.0000000000  0.0336212215  0.0000000000  0.0000000006
  0.2000000000  0.0000000000  0.6666666667  0.3333333333  0.0000000000  0.6666666667  0.0865213556  0.0000000005  0.0232965240 -0.0000000000  0.0001083910 -0.0000000000  0.0000000021  0.0000000005 -0.0000000000  0.0000000000 -0.0000000000  0.1035339993 -0.0000000000  0.0000904941 -0.0000000000  0.0000000006  0.0000000000 -0.0000000000  0.0345226847 -0.0000000000  0.0000000006
  0.2000000000  0.0000000000  0.6666666667  0.3333333333  0.0000000000  1.0000000000  0.0849209916  0.0000000005  0.0240644906 -0.0000000000 -0.0001659078 -0.0000000000  0.0000000021  0.0000000005 -0.0000000000 -0.0000000000 -0.0000000000  0.1026393096 -0.0000000000 -0.0002116247 -0.0000000000  0.0000000006 -0.0000000000 -0.0000000000  0.0337758636 -0.0000000000  0.0000000006
  0.2000000000  0.0000000000  0.6666666667  0.3333333333  0.3333333333  0.0000000000  0.1039890926  0.0232703582  0.0000000005  0.0000000000  0.0000000000 -0.0008408344  0.0834800699  0.0000000004  0.0000000000  0.0000000000 -0.0006571783  0.0000000021 -0.0000000000 -0.0000000000 -0.0000000000  0.0000000006 -0.0000000000  0.0000000000  0.0000000006  0.0000000000  0.0337512644
  0.2000000000  0.0000000000  0.6666666667  0.3333333333  0.3333333333  0.3333333333  0.0870947809  0.0000000004  0.0230826119 -0.0000000000  0.0008587507  0.0000000000  0.0000000021  0.0000000005 -0.0000000000  0.0000000000 -0.0000000000  0.1012545119 -0.0000000000  0.0009064220  0.0000000000  0.0000000006  0.0000000000 -0.0000000000  0.0344707182 -0.0000000000  0.0000000006
  0.2000000000  0.0000000000  0.6666666667  0.3333333333  0.3333333333  0.6666666667  0.0851837194  0.0000000005  0.0241480961 -0.0000000000  0.0001534983  0.0000000000  0.0000000021  0.0000000005 -0.0000000000  0.0000000000 -0.0000000000  0.1023055498 -0.0000000000  0.0001295036  0.0000000000  0.0000000006  0.0000000000 -0.0000000000  0.0337547691 -0.0000000000  0.0000000006
  0.2000000000  0.0000000000  0.6666666667  0.3333333333  0.3333333333  1.0000000000  0.0848766120  0.0000000005  0.0241297715 -0.0000000000 -0.0000938657  0.0000000000  0.0000000021  0.0000000005 -0.0000000000 -0.0000000000 -0.0000000000  0.1026437273  0.0000000000 -0.0001431989  0.0000000000  0.0000000006  0.0000000000 -0.0000000000  0.0337678299 -0.0000000000  0.0000000006
  0.2000000000  0.0000000000  0.6666666667  0.3333333333  0.6666666667  0.0000000000  0.1038575244  0.0227164786  0.0000000005 -0.0000000000  0.0000000000 -0.0001155123  0.0857673274  0.0000000005 -0.0000000000  0.0000000000  0.0000444303  0.0000000021 -0.0000000000 -0.0000000000  0.0000000000  0.0000000006 -0.0000000000 -0.0000000000  0.0000000006 -0.0000000000  0.0340376060
  0.2000000000  0.0000000000  0.6666666667  0.3333333333  0.6666666667  0.3333333333  0.0871136225  0.0000000004  0.0230710238 -0.0000000000  0.0008626525  0.0000000000  0.0000000021  0.0000000005 -0.0000000000  0.0000000000 -0.0000000000  0.1012151850 -0.0000000000  0.0009103076  0.0000000000  0.0000000006  0.0000000000 -0.0000000000  0.0344695925 -0.0000000000  0.0000000006
  0.2000000000  0.0000000000  0.6666666667  0.3333333333  0.6666666667  0.6666666667  0.0856201088  0.0000000005  0.0234715823 -0.0000000000 -0.0001463601 -0.0000000000  0.0000000021  0.0000000005 -0.0000000000 -0.0000000000 -0.0000000000  0.1028201913 -0.0000000000 -0.0000331189 -0.0000000000  0.0000000006 -0.0000000000 -0.0000000000  0.0346642377 -0.0000000000  0.0000000006
  0.2000000000  0.0000000000  0.6666666667  0.3333333333  0.6666666667  1.0000000000  0.0848235849  0.0000000005  0.0241067404 -0.0000000000 -0.0000928564  0.0000000000  0.0000000021  0.0000000005 -0.0000000000 -0.0000000000 -0.0000000000  0.1027080335  0.0000000000 -0.0001506467  0.0000000000  0.0000000006  0.0000000000 -0.0000000000  0.0337707293 -0.0000000000  0.0000000006
  0.2000000000  0.0000000000  0.6666666667  0.3333333333  1.0000000000  0.0000000000  0.1011444256  0.0230390549  0.0000000005 -0.0000000000  0.0000000000 -0.0003182054  0.0873876293  0.0000000005 -0.0000000000  0.0000000000 -0.0000945838  0.0000000021 -0.0000000000 -0.0000000000 -0.0000000000  0.0000000006 -0.0000000000 -0.0000000000  0.0000000006 -0.0000000000  0.0343571618
  0.2000000000  0.0000000000  0.6666666667  0.3333333333  1.0000000000  0.3333333333  0.0873621383  0.0000000005  0.0233180631 -0.0000000000  0.0005335189 -0.0000000000  0.0000000021  0.0000000005 -0.0000000000 -0.0000000000  0.0000000000  0.1011061744 -0.0000000000  0.0006669357 -0.0000000000  0.0000000006  0.0000000000 -0.0000000000  0.0342986596 -0.0000000000  0.0000000006
  0.2000000000  0.0000000000  0.6666666667  0.3333333333  1.0000000000  0.6666666667  0.0849707917  0.0000000005  0.0241075040 -0.0000000000  0.0000528471  0.0000000000  0.0000000021  0.0000000005 -0.0000000000 -0.0000000000 -0.0000000000  0.1025638619 -0.0000000000 -0.0000017872  0.0000000000  0.0000000006  0.0000000000 -0.0000000000  0.0337668294 -0.0000000000  0.0000000006
  0.2000000000  0.0000000000  0.6666666667  0.3333333333  1.0000000000  1.0000000000  0.0853848261  0.0000000005  0.0234181508 -0.0000000000 -0.0003620579 -0.0000000000  0.0000000021  0.0000000005 -0.0000000000 -0.0000000000 -0.0000000000  0.1035398183 -0.0000000000 -0.0003720709 -0.0000000000  0.0000000006 -0.0000000000 -0.0000000000  0.0345954672 -0.0000000000  0.0000000006
  0.2000000000  0.0000000000  0.6666666667  0.6666666667  0.0000000000  0.0000000000  0.0097019969  0.0097019914  0.0097018645 -0.0097018208  0.0097018211 -0.0097019912  0.0097019973  0.0097018641 -0.0097018203  0.0097018209 -0.0097019914  0.0097021564 -0.0097018243  0.0097018253 -0.0097018632  0.0097019209 -0.0097019180  0.0097018208  0.0097019212 -0.0097018206  0.0097019932
  0.2000000000  0.0000000000  0.6666666667  0.6666666667  0.0000000000  0.3333333333  0.0864260333  0.0000000005  0.0233139182 -0.0000000000  0.0000691586 -0.0000000000  0.0000000021  0.0000000005 -0.0000000000 -0.0000000000 -0.0000000000  0.1035162169 -0.0000000000  0.0000416813 -0.0000000000  0.0000000006  0.0000000000 -0.0000000000  0.0345092057 -0.0000000000  0.0000000006
  0.2000000000  0.0000000000  0.6666666667  0.6666666667  0.0000000000  0.6666666667  0.0850422969  0.0000000005  0.0234502425 -0.0000000000 -0.0004338633 -0.0000000000  0.0000000021  0.0000000005 -0.0000000000 -0.0000000000 -0.0000000000  0.1034076975 -0.0000000000 -0.0003526755 -0.0000000000  0.0000000006 -0.0000000000 -0.0000000000  0.0347588974 -0.0000000000  0.0000000006
  0.2000000000  0.0000000000  0.6666666667  0.6666666667  0.0000000000  1.0000000000  0.0853407575  0.0000000004  0.0233933722 -0.0000000000 -0.0006453133 -0.0000000000  0.0000000021  0.0000000005 -0.0000000000 -0.0000000000 -0.0000000000  0.1034865080 -0.0000000000 -0.0007612832 -0.0000000000  0.0000000006 -0.0000000000 -0.0000000000  0.0345289268 -0.0000000000  0.0000000006
  0.2000000000  0.0000000000  0.6666666667  0.6666666667  0.3333333333  0.0000000000  0.1033927336  0.0233155193  0.0000000005 -0.0000000000 -0.0000000000 -0.0008597910  0.0852061981  0.0000000004 -0.0000000000 -0.0000000000 -0.0007937115  0.0000000021 -0.0000000000 -0.0000000000 -0.0000000000  0.0000000006 -0.0000000000 -0.0000000000  0.0000000006 -0.0000000000  0.0345858463
  0.2000000000  0.0000000000  0.6666666667  0.6666666667  0.3333333333  0.3333333333  0.0865150864  0.0000000005  0.0232915344 -0.0000000000  0.0000594157 -0.0000000000  0.0000000021  0.0000000005 -0.0000000000 -0.0000000000  0.0000000000  0.1035300807 -0.0000000000  0.0000400617 -0.0000000000  0.0000000006  0.0000000000 -0.0000000000  0.0345400671 -0.0000000000  0.0000000006
  0.2000000000  0.0000000000  0.6666666667  0.6666666667  0.3333333333  0.6666666667  0.0865373328  0.0000000005  0.0232890393 -0.0000000000  0.0000561116 -0.0000000000  0.0000000021  0.0000000005 -0.0000000000 -0.0000000000 -0.0000000000  0.1035482541 -0.0000000000  0.0000334801 -0.0000000000  0.0000000006  0.0000000000 -0.0000000000  0.0345184434 -0.0000000000  0.0000000006
  0.2000000000  0.0000000000  0.6666666667  0.6666666667  0.3333333333  1.0000000000  0.0853849155  0.0000000004  0.0234045641 -0.0000000000 -0.0006222541 -0.0000000000  0.0000000021  0.0000000005 -0.0000000000 -0.0000000000 -0.0000000000  0.1034484018 -0.0000000000 -0.0007455479 -0.0000000000  0.0000000006 -0.0000000000 -0.0000000000  0.0345135117 -0.0000000000  0.0000000006
  0.2000000000  0.0000000000  0.6666666667  0.6666666667  0.6666666667  0.0000000000  0.1031465618  0.0235127220  0.0000000005 -0.0000000000  0.0000000000 -0.0002777152  0.0853155888  0.0000000005 -0.0000000000  0.0000000000 -0.0000421856  0.0000000021 -0.0000000000 -0.0000000000 -0.0000000000  0.0000000006 -0.0000000000 -0.0000000000  0.0000000006 -0.0000000000  0.0348985469
  0.2000000000  0.0000000000  0.6666666667  0.6666666667  0.6666666667  0.3333333333  0.1021687590  0.0230036712  0.0000000005 -0.0000000000 -0.0000000000 -0.0010156987  0.0857330564  0.0000000005 -0.0000000000 -0.0000000000 -0.0009118418  0.0000000021 -0.0000000000 -0.0000000000 -0.0000000000  0.0000000006 -0.0000000000 -0.0000000000  0.0000000006 -0.0000000000  0.0340823899
  0.2000000000  0.0000000000  0.6666666667  0.6666666667  0.6666666667  0.6666666667  0.0851255847  0.0000000004  0.0234020776 -0.0000000000 -0.0005481720 -0.0000000000  0.0000000021  0.0000000005 -0.0000000000 -0.0000000000 -0.0000000000  0.1035446929 -0.0000000000 -0.0005419860 -0.0000000000  0.0000000006 -0.0000000000 -0.0000000000  0.0346789981 -0.0000000000  0.0000000006
  0.2000000000  0.0000000000  0.6666666667  0.6666666667  0.6666666667  1.0000000000  0.0843169745  0.0000000005  0.0236147901 -0.0000000000 -0.0005671800 -0.0000000000  0.0000000021  0.0000000005 -0.0000000000 -0.0000000000 -0.0000000000  0.1031125294 -0.0000000000 -0.0007340654 -0.0000000000  0.0000000006 -0.0000000000 -0.0000000000  0.0338586383 -0.0000000000  0.0000000006
  0.2000000000  0.0000000000  0.6666666667  0.6666666667  1.0000000000  0.0000000000  0.1011399916  0.0232346651  0.0000000005 -0.0000000000  0.0000000000 -0.0003725533  0.0868540942  0.0000000004 -0.0000000000  0.0000000000 -0.0000743209  0.0000000021 -0.0000000000 -0.0000000000  0.0000000000  0.0000000006 -0.0000000000 -0.0000000000  0.0000000006 -0.0000000000  0.0347141820
  0.2000000000  0.0000000000  0.6666666667  0.6666666667  1.0000000000  0.3333333333  0.1001134262  0.0230099835  0.0000000005 -0.0000000000  0.0000000000 -0.0002000881  0.0882419284  0.0000000005 -0.0000000000  0.0000000000  0.0000029673  0.0000000021  0.0000000000 -0.0000000000  0.0000000000  0.0000000006 -0.0000000000 -0.0000000000  0.0000000006 -0.0000000000  0.0345216439
  0.2000000000  0.0000000000  0.6666666667  0.6666666667  1.0000000000  0.6666666667  0.0848675455  0.0000000005  0.0238404859  0.0000000000 -0.0002482252  0.0000000000  0.0000000021  0.0000000005 -0.0000000000 -0.0000000000 -0.0000000000  0.1027952784  0.0000000000 -0.0002810869  0.0000000000  0.0000000006  0.0000000000 -0.0000000000  0.0338410539  0.0000000000  0.0000000006
  0.2000000000  0.0000000000  0.6666666667  0.6666666667  1.0000000000  1.0000000000  0.0853210635  0.0000000005  0.0233915330 -0.0000000000 -0.0005364881 -0.0000000000  0.0000000021  0.0000000005 -0.0000000000 -0.0000000000 -0.0000000000  0.1034568306 -0.0000000000 -0.0006506502 -0.0000000000  0.0000000006 -0.0000000000 -0.0000000000  0.0344490908 -0.0000000000  0.0000000006
  0.2000000000  0.0000000000  0.6666666667  1.0000000000  0.0000000000  0.0000000000  0.0097009941  0.0097009889  0.0097008619 -0.0097008174  0.0097008173 -0.0097009889  0.0097009941  0.0097008620 -0.0097008174  0.0097008175 -0.0097009889  0.0097011546 -0.0097008219  0.0097008218 -0.0097008611  0.0097009168 -0.0097009142  0.0097008173  0.0097009169 -0.0097008174  0.0097009906
  0.2000000000  0.0000000000  0.6666666667  1.0000000000  0.0000000000  0.3333333333  0.0096997318  0.0096997260  0.0096995987 -0.0096995545  0.0096995542 -0.0096997259  0.0096997317  0.0096995990 -0.0096995546  0.0096995545 -0.0096997258  0.0096998912 -0.0096995588  0.0096995583 -0.0096995978  0.0096996540 -0.0096996508  0.0096995543  0.0096996539 -0.0096995544  0.0096997278
  0.2000000000  0.0000000000  0.6666666667  1.0000000000  0.0000000000  0.6666666667  0.0847569976  0.0000000004  0.0232863660  0.0000000000 -0.0008039331  0.0000000000  0.0000000021  0.0000000005 -0.0000000000 -0.0000000000 -0.0000000000  0.1037026643  0.0000000000 -0.0008452967  0.0000000000  0.0000000006  0.0000000000 -0.0000000000  0.0346153054  0.0000000000  0.0000000006
  0.2000000000  0.0000000000  0.6666666667  1.0000000000  0.0000000000  1.0000000000  0.0844664628  0.0000000004  0.0232879881 -0.0000000000 -0.0008773229 -0.0000000000  0.0000000021  0.0000000005 -0.0000000000 -0.0000000000 -0.0000000000  0.1035973470 -0.0000000000 -0.0009543694 -0.0000000000  0.0000000006 -0.0000000000 -0.0000000000  0.0345385839 -0.0000000000  0.0000000006
  0.2000000000  0.0000000000  0.6666666667  1.0000000000  0.3333333333  0.0000000000  0.1015334366  0.0232406936  0.0000000005  0.0000000000  0.0000000000 -0.0010995202  0.0860296001  0.0000000005  0.0000000000  0.0000000000 -0.0010568452  0.0000000021 -0.0000000000 -0.0000000000 -0.0000000000  0.0000000006 -0.0000000000  0.0000000000  0.0000000006  0.0000000000  0.0344709890
  0.2000000000  0.0000000000  0.6666666667  1.0000000000  0.3333333333  0.3333333333  0.1018505495  0.0232534215  0.0000000005  0.0000000000  0.0000000000 -0.0010528429  0.0859077621  0.0000000005  0.0000000000  0.0000000000 -0.0010086803  0.0000000021 -0.0000000000 -0.0000000000 -0.0000000000  0.0000000006 -0.0000000000  0.0000000000  0.0000000006  0.0000000000  0.0344795369
  0.2000000000  0.0000000000  0.6666666667  1.0000000000  0.3333333333  0.6666666667  0.0849946216  0.0000000004  0.0233402225  0.0000000000 -0.0007339670  0.0000000000  0.0000000021  0.0000000005 -0.0000000000 -0.0000000000 -0.0000000000  0.1036160515  0.0000000000 -0.0008204967  0.0000000000  0.0000000006  0.0000000000 -0.0000000000  0.0345621268  0.0000000000  0.0000000006
  0.2000000000  0.0000000000  0.6666666667  1.0000000000  0.3333333333  1.0000000000  0.0848460975  0.0000000004  0.0233110844  0.0000000000 -0.0007760354  0.0000000000  0.0000000021  0.0000000005 -0.0000000000 -0.0000000000 -0.0000000000  0.1036670300  0.0000000000 -0.0008374216  0.0000000000  0.0000000006  0.0000000000 -0.0000000000  0.0345922878  0.0000000000  0.0000000006
  0.2000000000  0.0000000000  0.6666666667  1.0000000000  0.6666666667  0.0000000000  0.1012991325  0.0233014766  0.0000000005 -0.0000000000  0.0000000000 -0.0006578971  0.0863755638  0.0000000005 -0.0000000000  0.0000000000 -0.0002973160  0.0000000021 -0.0000000000 -0.0000000000 -0.0000000000  0.0000000006 -0.0000000000 -0.0000000000  0.0000000006 -0.0000000000  0.0346866343
  0.2000000000  0.0000000000  0.6666666667  1.0000000000  0.6666666667  0.3333333333  0.1031098659  0.0235028736  0.0000000005 -0.0000000000  0.0000000000 -0.0001029142  0.0855643463  0.0000000005 -0.0000000000  0.0000000000  0.0001436278  0.0000000021 -0.0000000000 -0.0000000000 -0.0000000000  0.0000000006 -0.0000000000 -0.0000000000  0.0000000006 -0.0000000000  0.0349905638
  0.2000000000  0.0000000000  0.6666666667  1.0000000000  0.6666666667  0.6666666667  0.1026212877  0.0233472579  0.0000000005  0.0000000000  0.0000000000 -0.0006834385  0.0857424984  0.0000000005  0.0000000000  0.0000000000 -0.0006962199  0.0000000021 -0.0000000000 -0.0000000000 -0.0000000000  0.0000000006 -0.0000000000  0.0000000000  0.0000000006  0.0000000000  0.0346323137
  0.2000000000  0.0000000000  0.6666666667  1.0000000000  0.6666666667  1.0000000000  0.0849745310  0.0000000004  0.0233338224  0.0000000000 -0.0007419834  0.0000000000  0.0000000021  0.0000000005 -0.0000000000 -0.0000000000 -0.0000000000  0.1036319193  0.0000000000 -0.0008194787  0.0000000000  0.0000000006  0.0000000000 -0.0000000000  0.0345763064  0.0000000000  0.0000000006
  0.2000000000  0.0000000000  0.6666666667  1.0000000000  1.0000000000  0.0000000000  0.1031392625  0.0235087721  0.0000000005 -0.0000000000  0.0000000000 -0.0000696511  0.0855638030  0.0000000005 -0.0000000000  0.0000000000  0.0001691729  0.0000000021 -0.0000000000 -0.0000000000 -0.0000000000  0.0000000006 -0.0000000000 -0.0000000000  0.0000000006 -0.0000000000  0.0349978892
  0.2000000000  0.0000000000  0.6666666667  1.0000000000  1.0000000000  0.3333333333  0.1031483107  0.0235127140  0.0000000005 -0.0000000000  0.0000000000 -0.0000715901  0.0855750612  0.0000000005 -0.0000000000  0.0000000000  0.0001652092  0.0000000021 -0.0000000000 -0.0000000000 -0.0000000000  0.0000000006 -0.0000000000 -0.0000000000  0.0000000006 -0.0000000000  0.0350008127
  0.2000000000  0.0000000000  0.6666666667  1.0000000000  1.0000000000  0.6666666667  0.1020116273  0.0241901396  0.0000000005  0.0000000000  0.0000000000 -0.0002609159  0.0854069168  0.0000000005  0.0000000000  0.0000000000 -0.0002572686  0.0000000021 -0.0000000000 -0.0000000000  0.0000000000  0.0000000006 -0.0000000000  0.0000000000  0.0000000006  0.0000000000  0.0336922538
  0.2000000000  0.0000000000  0.6666666667  1.0000000000  1.0000000000  1.0000000000  0.0840576379  0.0000000005  0.0236112280  0.0000000000 -0.0006395748  0.0000000000  0.0000000021  0.0000000005 -0.0000000000 -0.0000000000 -0.0000000000  0.1032045697  0.0000000000 -0.0008205682  0.0000000000  0.0000000006  0.0000000000 -0.0000000000  0.0338416859  0.0000000000  0.0000000006
  0.2000000000  0.0000000000  1.0000000000  0.0000000000  0.0000000000  0.0000000000  0.0245751475  0.0000000006  0.0245707934 -0.0000000000  0.0245695837 -0.0000000000  0.0000000033  0.0000000005 -0.0000000000  0.0000000002 -0.0000000000  0.0245757217 -0.0000000000  0.0245698740  0.0000000000  0.0000000010 -0.0000000000 -0.0000000000  0.0245719662 -0.0000000000  0.0000000010
  0.2000000000  0.0000000000  1.0000000000  0.0000000000  0.0000000000  0.3333333333  0.0853500174  0.0000000005  0.0246034046  0.0000000000  0.0003782716 -0.0000000000  0.0000000021  0.0000000005 -0.0000000000  0.0000000000 -0.0000000000  0.1006534854 -0.0000000000  0.0003878865 -0.0000000000  0.0000000006 -0.0000000000 -0.0000000000  0.0334283169 -0.0000000000  0.0000000006
  0.2000000000  0.0000000000  1.0000000000  0.0000000000  0.0000000000  0.6666666667  0.0860408886  0.0000000005  0.0245698996  0.0000000000  0.0000226400 -0.0000000000  0.0000000021  0.0000000005 -0.0000000000  0.0000000000 -0.0000000000  0.1010343093 -0.0000000000  0.0000261671  0.0000000000  0.0000000006 -0.0000000000 -0.0000000000  0.0334417019 -0.0000000000  0.0000000006
  0.2000000000  0.0000000000  1.0000000000  0.0000000000  0.0000000000  1.0000000000  0.0860390374  0.0000000005  0.0245665734 -0.0000000000 -0.0000000000 -0.0000000000  0.0000000021  0.0000000005 -0.0000000000 -0.0000000000 -0.0000000000  0.1010243621 -0.0000000000 -0.0000000000 -0.0000000000  0.0000000006 -0.0000000000 -0.0000000000  0.0334428541 -0.0000000000  0.0000000006
  0.2000000000  0.0000000000  1.0000000000  0.0000000000  0.3333333333  0.0000000000  0.0245776874  0.0000000006  0.0245733000  0.0000000000  0.0245720829 -0.0000000000  0.0000000033  0.0000000005 -0.0000000000  0.0000000002 -0.0000000000  0.0245782617 -0.0000000000  0.0245723735 -0.0000000000  0.0000000010 -0.0000000000 -0.0000000000  0.0245744823 -0.0000000000  0.0000000010
  0.2000000000  0.0000000000  1.0000000000  0.0000000000  0.3333333333  0.3333333333  0.0855746652  0.0000000005  0.0245975914  0.0000000000  0.0002802571 -0.0000000000  0.0000000021  0.0000000005 -0.0000000000  0.0000000000 -0.0000000000  0.1008025897 -0.0000000000  0.0002660476 -0.0000000000  0.0000000006 -0.0000000000 -0.0000000000  0.0334355195 -0.0000000000  0.0000000006
  0.2000000000  0.0000000000  1.0000000000  0.0000000000  0.3333333333  0.6666666667  0.0860406517  0.0000000005  0.0245700848 -0.0000000000  0.0000200392 -0.0000000000  0.0000000021  0.0000000005 -0.0000000000  0.0000000000 -0.0000000000  0.1010375498 -0.0000000000  0.0000227422  0.0000000000  0.0000000006 -0.0000000000 -0.0000000000  0.0334420127 -0.0000000000  0.0000000006
  0.2000000000  0.0000000000  1.0000000000  0.0000000000  0.3333333333  1.0000000000  0.0860380658  0.0000000005  0.0245668921 -0.0000000000 -0.0000000000 -0.0000000000  0.0000000021  0.0000000005 -0.0000000000  0.0000000000 -0.0000000000  0.1010256292 -0.0000000000 -0.0000000000 -0.0000000000  0.0000000006 -0.0000000000 -0.0000000000  0.0334426978 -0.0000000000  0.0000000006
  0.2000000000  0.0000000000  1.0000000000  0.0000000000  0.6666666667  0.0000000000  0.0245762415  0.0000000006  0.0245718864  0.0000000000  0.0245706765 -0.0000000000  0.0000000033  0.0000000005 -0.0000000000  0.0000000002 -0.0000000000  0.0245768153 -0.0000000000  0.0245709666  0.0000000000  0.0000000010 -0.0000000000 -0.0000000000  0.0245730592 -0.0000000000  0.0000000010
  0.2000000000  0.0000000000  1.0000000000  0.0000000000  0.6666666667  0.3333333333  0.0856549911  0.0000000005  0.0245953649 -0.0000000000  0.0002431268 -0.0000000000  0.0000000021  0.0000000005 -0.0000000000  0.0000000000 -0.0000000000  0.1008560127 -0.0000000000  0.0002222128 -0.0000000000  0.0000000006 -0.0000000000 -0.0000000000  0.0334372123 -0.0000000000  0.0000000006
  0.2000000000  0.0000000000  1.0000000000  0.0000000000  0.6666666667  0.6666666667  0.0860396326  0.0000000005  0.0245700481 -0.0000000000  0.0000187149 -0.0000000000  0.0000000021  0.0000000005 -0.0000000000  0.0000000000 -0.0000000000  0.1010390086 -0.0000000000  0.0000208655 -0.0000000000  0.0000000006 -0.0000000000 -0.0000000000  0.0334423770 -0.0000000000  0.0000000006
  0.2000000000  0.0000000000  1.0000000000  0.0000000000  0.6666666667  1.0000000000  0.0860368917  0.0000000005  0.0245669876 -0.0000000000 -0.0000000000 -0.0000000000  0.0000000021  0.0000000005 -0.0000000000  0.0000000000 -0.0000000000  0.1010262611 -0.0000000000 -0.0000000000 -0.0000000000  0.0000000006 -0.0000000000 -0.0000000000  0.0334426806 -0.0000000000  0.0000000006
  0.2000000000  0.0000000000  1.0000000000  0.0000000000  1.0000000000  0.0000000000  0.0245784866  0.0000000006  0.0245740972 -0.0000000000  0.0245728797 -0.0000000000  0.0000000033  0.0000000005 -0.0000000000  0.0000000002 -0.0000000000  0.0245790609 -0.0000000000  0.0245731702  0.0000000000  0.0000000010 -0.0000000000 -0.0000000000  0.0245752801 -0.0000000000  0.0000000010
  0.2000000000  0.0000000000  1.0000000000  0.0000000000  1.0000000000  0.3333333333  0.0857016235  0.0000000005  0.0245940713 -0.0000000000  0.0002199384 -0.0000000000  0.0000000021  0.0000000005 -0.0000000000  0.0000000000 -0.0000000000  0.1008878709 -0.0000000000  0.0001969945 -0.0000000000  0.0000000006 -0.0000000000 -0.0000000000  0.0334373565 -0.0000000000  0.0000000006
  0.2000000000  0.0000000000  1.0000000000  0.0000000000  1.0000000000  0.6666666667  0.0860437271  0.0000000005  0.0245714222  0.0000000000  0.0000175165 -0.0000000000  0.0000000021  0.0000000005 -0.0000000000  0.0000000000 -0.0000000000  0.1010455164 -0.0000000000  0.0000196476  0.0000000000  0.0000000006 -0.0000000000 -0.0000000000  0.0334427612 -0.0000000000  0.0000000006
  0.2000000000  0.0000000000  1.0000000000  0.0000000000  1.0000000000  1.0000000000  0.0860343498  0.0000000005  0.0245664752 -0.0000000000 -0.0000000000 -0.0000000000  0.0000000021  0.0000000005 -0.0000000000 -0.0000000000 -0.0000000000  0.1010256357 -0.0000000000 -0.0000000000 -0.0000000000  0.0000000006 -0.0000000000 -0.0000000000  0.0334427879 -0.0000000000  0.0000000006
  0.2000000000  0.0000000000  1.0000000000  0.3333333333  0.0000000000  0.0000000000  0.0246077988  0.0000000006  0.0246033429 -0.0000000000  0.0246021053  0.0000000000  0.0000000032  0.0000000005 -0.0000000000  0.0000000002  0.0000000000  0.0246083670 -0.0000000000  0.0246023935  0.0000000000  0.0000000010 -0.0000000000 -0.0000000000  0.0246045286  0.0000000000  0.0000000010
  0.2000000000  0.0000000000  1.0000000000  0.3333333333  0.0000000000  0.3333333333  0.0852617948  0.0000000004  0.0235142846 -0.0000000000  0.0006548211 -0.0000000000  0.0000000021  0.0000000005 -0.0000000000  0.0000000000 -0.0000000000  0.1023681417 -0.0000000000  0.0008971227 -0.0000000000  0.0000000006  0.0000000000 -0.0000000000  0.0347379738  0.0000000000  0.0000000006
  0.2000000000  0.0000000000  1.0000000000  0.3333333333  0.0000000000  0.6666666667  0.0848430987  0.0000000005  0.0241460172  0.0000000000  0.0000645870  0.0000000000  0.0000000021  0.0000000005 -0.0000000000  0.0000000000 -0.0000000000  0.1025938610  0.0000000000  0.0000706749  0.0000000000  0.0000000006  0.0000000000 -0.0000000000  0.0337926891 -0.0000000000  0.0000000006
  0.2000000000  0.0000000000  1.0000000000  0.3333333333  0.0000000000  1.0000000000  0.0849513732  0.0000000005  0.0241593825  0.0000000000 -0.0001183673  0.0000000000  0.0000000021  0.0000000005 -0.0000000000 -0.0000000000 -0.0000000000  0.1024719783  0.0000000000 -0.0001274977  0.0000000000  0.0000000006  0.0000000000 -0.0000000000  0.0337860140 -0.0000000000  0.0000000006
  0.2000000000  0.0000000000  1.0000000000  0.3333333333  0.3333333333  0.0000000000  0.0245956207  0.0000000006  0.0245912425 -0.0000000000  0.0245900242  0.0000000000  0.0000000033  0.0000000005 -0.0000000000  0.0000000002  0.0000000000  0.0245961923 -0.0000000000  0.0245903134  0.0000000000  0.0000000010  0.0000000000 -0.0000000000  0.0245924131 -0.0000000000  0.0000000010
  0.2000000000  0.0000000000  1.0000000000  0.3333333333  0.3333333333  0.3333333333  0.0853650311  0.0000000004  0.0235195195 -0.0000000000  0.0006266229 -0.0000000000  0.0000000021  0.0000000005 -0.0000000000  0.0000000000 -0.0000000000  0.1023983841 -0.0000000000  0.0008676170 -0.0000000000  0.0000000006  0.0000000000 -0.0000000000  0.0347455569  0.0000000000  0.0000000006
  0.2000000000  0.0000000000  1.0000000000  0.3333333333  0.3333333333  0.6666666667  0.0848535902  0.0000000005  0.0241488216  0.0000000000  0.0000463698  0.0000000000  0.0000000021  0.0000000005 -0.0000000000  0.0000000000 -0.0000000000  0.1025810866  0.0000000000  0.0000503467  0.0000000000  0.0000000006  0.0000000000 -0.0000000000  0.0337924985 -0.0000000000  0.0000000006
  0.2000000000  0.0000000000  1.0000000000  0.3333333333  0.3333333333  1.0000000000  0.0850437086  0.0000000005  0.0240594080  0.0000000000 -0.0001753921  0.0000000000  0.0000000021  0.0000000005 -0.0000000000 -0.0000000000 -0.0000000000  0.1024488708  0.0000000000 -0.0001651974  0.0000000000  0.0000000006  0.0000000000 -0.0000000000  0.0338278079  0.0000000000  0.0000000006
  0.2000000000  0.0000000000  1.0000000000  0.3333333333  0.6666666667  0.0000000000  0.0246006481  0.0000000006  0.0245960975 -0.0000000000  0.0245948355  0.0000000000  0.0000000032  0.0000000005 -0.0000000000  0.0000000002 -0.0000000000  0.0246012288 -0.0000000000  0.0245951304  0.0000000000  0.0000000010 -0.0000000000 -0.0000000000  0.0245973132  0.0000000000  0.0000000010
  0.2000000000  0.0000000000  1.0000000000  0.3333333333  0.6666666667  0.3333333333  0.0844644121  0.0000000005  0.0238904950 -0.0000000000  0.0005482682  0.0000000000  0.0000000021  0.0000000005 -0.0000000000  0.0000000000 -0.0000000000  0.1021987085 -0.0000000000  0.0006167625  0.0000000000  0.0000000006  0.0000000000 -0.0000000000  0.0339801821 -0.0000000000  0.0000000006
  0.2000000000  0.0000000000  1.0000000000  0.3333333333  0.6666666667  0.6666666667  0.0848563215  0.0000000005  0.0241488768  0.0000000000  0.0000365583  0.0000000000  0.0000000021  0.0000000005 -0.0000000000 -0.0000000000 -0.0000000000  0.1025782738  0.0000000000  0.0000396015  0.0000000000  0.0000000006  0.0000000000 -0.0000000000  0.0337928913 -0.0000000000  0.0000000006
  0.2000000000  0.0000000000  1.0000000000  0.3333333333  0.6666666667  1.0000000000  0.0850278987  0.0000000005  0.0240659296  0.0000000000 -0.0001692950  0.0000000000  0.0000000021  0.0000000005 -0.0000000000 -0.0000000000 -0.0000000000  0.1024606725  0.0000000000 -0.0001582868  0.0000000000  0.0000000006  0.0000000000 -0.0000000000  0.0338248780  0.0000000000  0.0000000006
  0.2000000000  0.0000000000  1.0000000000  0.3333333333  1.0000000000  0.0000000000  0.0246079754  0.0000000006  0.0246035543  0.0000000000  0.0246023250 -0.0000000000  0.0000000032  0.0000000005  0.0000000000  0.0000000002 -0.0000000000  0.0246085410  0.0000000000  0.0246026118 -0.0000000000  0.0000000010  0.0000000000 -0.0000000000  0.0246047295 -0.0000000000  0.0000000010
  0.2000000000  0.0000000000  1.0000000000  0.3333333333  1.0000000000  0.3333333333  0.0848684662  0.0000000005  0.0239709534 -0.0000000000  0.0003911664  0.0000000000  0.0000000021  0.0000000005 -0.0000000000  0.0000000000 -0.0000000000  0.1024551105 -0.0000000000  0.0004378587  0.0000000000  0.0000000006  0.0000000000 -0.0000000000  0.0338109197 -0.0000000000  0.0000000006
  0.2000000000  0.0000000000  1.0000000000  0.3333333333  1.0000000000  0.6666666667  0.0848634250  0.0000000005  0.0241492459  0.0000000000  0.0000256941  0.0000000000  0.0000000021  0.0000000005 -0.0000000000 -0.0000000000 -0.0000000000  0.1025721906  0.0000000000  0.0000258029  0.0000000000  0.0000000006  0.0000000000 -0.0000000000  0.0337938075 -0.0000000000  0.0000000006
  0.2000000000  0.0000000000  1.0000000000  0.3333333333  1.0000000000  1.0000000000  0.0850304028  0.0000000005  0.0240644649  0.0000000000 -0.0001704014  0.0000000000  0.0000000021  0.0000000005 -0.0000000000 -0.0000000000 -0.0000000000  0.1024583237  0.0000000000 -0.0001593096  0.0000000000  0.0000000006  0.0000000000 -0.0000000000  0.0338258933  0.0000000000  0.0000000006
  0.2000000000  0.0000000000  1.0000000000  0.6666666667  0.0000000000  0.0000000000  0.0097063989  0.0097062665  0.0097063941 -0.0097062243  0.0097063941 -0.0097062242  0.0097065567  0.0097062664 -0.0097062276  0.0097062657 -0.0097062276  0.0097063989 -0.0097062242  0.0097063941 -0.0097062243  0.0097063243 -0.0097062242  0.0097063219  0.0097063956 -0.0097062242  0.0097063243
  0.2000000000  0.0000000000  1.0000000000  0.6666666667  0.0000000000  0.3333333333  0.0855228910  0.0000000005  0.0235392992 -0.0000000000  0.0001236538 -0.0000000000  0.0000000021  0.0000000005 -0.0000000000  0.0000000000 -0.0000000000  0.1026795852 -0.0000000000  0.0003544723 -0.0000000000  0.0000000006 -0.0000000000 -0.0000000000  0.0348995596  0.0000000000  0.0000000006
  0.2000000000  0.0000000000  1.0000000000  0.6666666667  0.0000000000  0.6666666667  0.0855850114  0.0000000005  0.0235108038 -0.0000000000 -0.0001970209 -0.0000000000  0.0000000021  0.0000000005 -0.0000000000 -0.0000000000 -0.0000000000  0.1031602555 -0.0000000000  0.0000310919 -0.0000000000  0.0000000006 -0.0000000000 -0.0000000000  0.0349990948  0.0000000000  0.0000000006
  0.2000000000  0.0000000000  1.0000000000  0.6666666667  0.0000000000  1.0000000000  0.0852646260  0.0000000005  0.0234498278 -0.0000000000 -0.0004807445 -0.0000000000  0.0000000021  0.0000000005 -0.0000000000 -0.0000000000 -0.0000000000  0.1031444104 -0.0000000000 -0.0003963555 -0.0000000000  0.0000000006 -0.0000000000 -0.0000000000  0.0347812767 -0.0000000000  0.0000000006
  0.2000000000  0.0000000000  1.0000000000  0.6666666667  0.3333333333  0.0000000000  0.0097001127  0.0096999802  0.0097001073 -0.0096999358  0.0097001072 -0.0096999357  0.0097002729  0.0096999802 -0.0096999401  0.0096999792 -0.0096999400  0.0097001126 -0.0096999357  0.0097001072 -0.0096999358  0.0097000354 -0.0096999357  0.0097000325  0.0097001090 -0.0096999357  0.0097000354
  0.2000000000  0.0000000000  1.0000000000  0.6666666667  0.3333333333  0.3333333333  0.0856212598  0.0000000005  0.0235238077 -0.0000000000 -0.0001337255 -0.0000000000  0.0000000021  0.0000000005 -0.0000000000  0.0000000000 -0.0000000000  0.1030649425 -0.0000000000  0.0001047819 -0.0000000000  0.0000000006 -0.0000000000 -0.0000000000  0.0350057617  0.0000000000  0.0000000006
  0.2000000000  0.0000000000  1.0000000000  0.6666666667  0.3333333333  0.6666666667  0.0855888901  0.0000000005  0.0235110366 -0.0000000000 -0.0001953851 -0.0000000000  0.0000000021  0.0000000005 -0.0000000000 -0.0000000000 -0.0000000000  0.1031624901 -0.0000000000  0.0000324446 -0.0000000000  0.0000000006 -0.0000000000 -0.0000000000  0.0349992793  0.0000000000  0.0000000006
  0.2000000000  0.0000000000  1.0000000000  0.6666666667  0.3333333333  1.0000000000  0.0850576605  0.0000000005  0.0238105887 -0.0000000000 -0.0006127696 -0.0000000000  0.0000000021  0.0000000005 -0.0000000000 -0.0000000000 -0.0000000000  0.1019417173 -0.0000000000 -0.0006740120 -0.0000000000  0.0000000006 -0.0000000000 -0.0000000000  0.0338995053 -0.0000000000  0.0000000006
  0.2000000000  0.0000000000  1.0000000000  0.6666666667  0.6666666667  0.0000000000  0.0096997634  0.0096996304  0.0096997579 -0.0096995858  0.0096997578 -0.0096995857  0.0096999241  0.0096996303 -0.0096995901  0.0096996293 -0.0096995900  0.0096997634 -0.0096995857  0.0096997578 -0.0096995858  0.0096996857 -0.0096995856  0.0096996828  0.0096997597 -0.0096995856  0.0096996857
  0.2000000000  0.0000000000  1.0000000000  0.6666666667  0.6666666667  0.3333333333  0.0853997266  0.0000000005  0.0235309043 -0.0000000000  0.0001959875 -0.0000000000  0.0000000021  0.0000000005 -0.0000000000  0.0000000000 -0.0000000000  0.1028616338 -0.0000000000  0.0003901428 -0.0000000000  0.0000000006 -0.0000000000 -0.0000000000  0.0348121924  0.0000000000  0.0000000006
  0.2000000000  0.0000000000  1.0000000000  0.6666666667  0.6666666667  0.6666666667  0.0855919956  0.0000000005  0.0235117377 -0.0000000000 -0.0001920144 -0.0000000000  0.0000000021  0.0000000005 -0.0000000000 -0.0000000000 -0.0000000000  0.1031637775 -0.0000000000  0.0000360584 -0.0000000000  0.0000000006 -0.0000000000 -0.0000000000  0.0349998715  0.0000000000  0.0000000006
  0.2000000000  0.0000000000  1.0000000000  0.6666666667  0.6666666667  1.0000000000  0.0854780149  0.0000000005  0.0237267329  0.0000000000 -0.0005899232  0.0000000000  0.0000000021  0.0000000005 -0.0000000000 -0.0000000000 -0.0000000000  0.1016691466  0.0000000000 -0.0006346338  0.0000000000  0.0000000006  0.0000000000 -0.0000000000  0.0339088313  0.0000000000  0.0000000006
  0.2000000000  0.0000000000  1.0000000000  0.6666666667  1.0000000000  0.0000000000  0.0097054878  0.0097053483  0.0097054833 -0.0097053017  0.0097054833 -0.0097053015  0.0097056588  0.0097053483 -0.0097053066  0.0097053476 -0.0097053065  0.0097054878 -0.0097053015  0.0097054832 -0.0097053016  0.0097054074 -0.0097053016  0.0097054052  0.0097054847 -0.0097053015  0.0097054074
  0.2000000000  0.0000000000  1.0000000000  0.6666666667  1.0000000000  0.3333333333  0.0871282474  0.0000000005  0.0233360033 -0.0000000000  0.0005763056 -0.0000000000  0.0000000021  0.0000000005 -0.0000000000  0.0000000000 -0.0000000000  0.1010509918 -0.0000000000  0.0007370725 -0.0000000000  0.0000000006 -0.0000000000 -0.0000000000  0.0342807320 -0.0000000000  0.0000000006
  0.2000000000  0.0000000000  1.0000000000  0.6666666667  1.0000000000  0.6666666667  0.0855958716  0.0000000005  0.0235122229 -0.0000000000 -0.0001898725 -0.0000000000  0.0000000021  0.0000000005 -0.0000000000 -0.0000000000 -0.0000000000  0.1031657710 -0.0000000000  0.0000380739 -0.0000000000  0.0000000006 -0.0000000000 -0.0000000000  0.0350002946  0.0000000000  0.0000000006
  0.2000000000  0.0000000000  1.0000000000  0.6666666667  1.0000000000  1.0000000000  0.0855844417  0.0000000005  0.0235925315  0.0000000000 -0.0006738060  0.0000000000  0.0000000021  0.0000000005 -0.0000000000 -0.0000000000 -0.0000000000  0.1015293658  0.0000000000 -0.0007218898  0.0000000000  0.0000000006  0.0000000000 -0.0000000000  0.0339581834  0.0000000000  0.0000000006
  0.2000000000  0.0000000000  1.0000000000  1.0000000000  0.0000000000  0.0000000000  0.0097078508  0.0097075606  0.0097075603 -0.0097075594  0.0097075212 -0.0097075221  0.0097076932  0.0097076879 -0.0097076877  0.0097075183 -0.0097075186  0.0097076935 -0.0097076879  0.0097075179 -0.0097075184  0.0097076896 -0.0097075183  0.0097075181  0.0097076186 -0.0097076158  0.0097076189
  0.2000000000  0.0000000000  1.0000000000  1.0000000000  0.0000000000  0.3333333333  0.0097152237  0.0097152193  0.0097150917 -0.0097150493  0.0097150492 -0.0097152192  0.0097152237  0.0097150917 -0.0097150492  0.0097150493 -0.0097152192  0.0097153820 -0.0097150528  0.0097150528 -0.0097150910  0.0097151490 -0.0097151469  0.0097150492  0.0097151490 -0.0097150492  0.0097152206
  0.2000000000  0.0000000000  1.0000000000  1.0000000000  0.0000000000  0.6666666667  0.0856365207  0.0000000004  0.0232858499  0.0000000000 -0.0008516905  0.0000000000  0.0000000021  0.0000000005 -0.0000000000 -0.0000000000 -0.0000000000  0.1028718547  0.0000000000 -0.0009043958  0.0000000000  0.0000000006  0.0000000000 -0.0000000000  0.0345566936  0.0000000000  0.0000000006
  0.2000000000  0.0000000000  1.0000000000  1.0000000000  0.0000000000  1.0000000000  0.0845767756  0.0000000004  0.0234971433 -0.0000000000 -0.0011314089 -0.0000000000  0.0000000021  0.0000000005 -0.0000000000 -0.0000000000 -0.0000000000  0.1016276434 -0.0000000000 -0.0011348308 -0.0000000000  0.0000000006 -0.0000000000 -0.0000000000  0.0346381953 -0.0000000000  0.0000000006
  0.2000000000  0.0000000000  1.0000000000  1.0000000000  0.3333333333  0.0000000000  0.0097027023  0.0097025703  0.0097026976 -0.0097025268  0.0097026976 -0.0097025266  0.0097028624  0.0097025702 -0.0097025308  0.0097025695 -0.0097025308  0.0097027022 -0.0097025266  0.0097026976 -0.0097025267  0.0097026266 -0.0097025267  0.0097026242  0.0097026991 -0.0097025266  0.0097026265
  0.2000000000  0.0000000000  1.0000000000  1.0000000000  0.3333333333  0.3333333333  0.0097013942  0.0097012618  0.0097013885 -0.0097012178  0.0097013884 -0.0097012177  0.0097015539  0.0097012618 -0.0097012221  0.0097012607 -0.0097012220  0.0097013942 -0.0097012177  0.0097013884 -0.0097012178  0.0097013176 -0.0097012176  0.0097013145  0.0097013903 -0.0097012176  0.0097013176
  0.2000000000  0.0000000000  1.0000000000  1.0000000000  0.3333333333  0.6666666667  0.0858952902  0.0000000004  0.0233056013 -0.0000000000 -0.0007631281 -0.0000000000  0.0000000021  0.0000000005 -0.0000000000 -0.0000000000 -0.0000000000  0.1027342351 -0.0000000000 -0.0007853303 -0.0000000000  0.0000000006 -0.0000000000 -0.0000000000  0.0346095015 -0.0000000000  0.0000000006
  0.2000000000  0.0000000000  1.0000000000  1.0000000000  0.3333333333  1.0000000000  0.0857091566  0.0000000004  0.0232749977  0.0000000000 -0.0008827430  0.0000000000  0.0000000021  0.0000000005 -0.0000000000 -0.0000000000 -0.0000000000  0.1027541622  0.0000000000 -0.0009412524  0.0000000000  0.0000000006  0.0000000000 -0.0000000000  0.0345339321  0.0000000000  0.0000000006
  0.2000000000  0.0000000000  1.0000000000  1.0000000000  0.6666666667  0.0000000000  0.0096995030  0.0096993702  0.0096994980 -0.0096993258  0.0096994980 -0.0096993256  0.0096996635  0.0096993702 -0.0096993298  0.0096993694 -0.0096993298  0.0096995029 -0.0096993256  0.0096994979 -0.0096993257  0.0096994253 -0.0096993256  0.0096994227  0.0096994996 -0.0096993256  0.0096994252
  0.2000000000  0.0000000000  1.0000000000  1.0000000000  0.6666666667  0.3333333333  0.0097004928  0.0097003595  0.0097004871 -0.0097003149  0.0097004869 -0.0097003148  0.0097006537  0.0097003595 -0.0097003193  0.0097003584 -0.0097003192  0.0097004927 -0.0097003148  0.0097004869 -0.0097003149  0.0097004152 -0.0097003148  0.0097004120  0.0097004889 -0.0097003147  0.0097004151
  0.2000000000  0.0000000000  1.0000000000  1.0000000000  0.6666666667  0.6666666667  0.0869478474  0.0000000004  0.0230438443  0.0000000000 -0.0009319184  0.0000000000  0.0000000021  0.0000000005 -0.0000000000 -0.0000000000 -0.0000000000  0.1011689225  0.0000000000 -0.0009854140  0.0000000000  0.0000000006  0.0000000000 -0.0000000000  0.0344234702  0.0000000000  0.0000000006
  0.2000000000  0.0000000000  1.0000000000  1.0000000000  0.6666666667  1.0000000000  0.0858083727  0.0000000004  0.0232672282  0.0000000000 -0.0008746038  0.0000000000  0.0000000021  0.0000000005 -0.0000000000 -0.0000000000 -0.0000000000  0.1026193901  0.0000000000 -0.0009248594  0.0000000000  0.0000000006  0.0000000000 -0.0000000000  0.0345216640  0.0000000000  0.0000000006
  0.2000000000  0.0000000000  1.0000000000  1.0000000000  1.0000000000  0.0000000000  0.0000000021  0.0000000005  0.0000000004 -0.0000000000 -0.0000000000 -0.0000000000  0.1036586907  0.0233192694 -0.0007991091 -0.0000000000 -0.0000000000  0.0848652013 -0.0007706074 -0.0000000000 -0.0000000000  0.0346512214 -0.0000000000 -0.0000000000  0.0000000006 -0.0000000000  0.0000000006
  0.2000000000  0.0000000000  1.0000000000  1.0000000000  1.0000000000  0.3333333333  0.0852170879  0.0000000005  0.0240390987  0.0000000000 -0.0001039154  0.0000000000  0.0000000021  0.0000000005 -0.0000000000  0.0000000000 -0.0000000000  0.1021896515  0.0000000000 -0.0000973467  0.0000000000  0.0000000006  0.0000000000 -0.0000000000  0.0338417183 -0.0000000000  0.0000000006
  0.2000000000  0.0000000000  1.0000000000  1.0000000000  1.0000000000  0.6666666667  0.0852431950  0.0000000005  0.0239845518  0.0000000000 -0.0003681675  0.0000000000  0.0000000021  0.0000000005 -0.0000000000 -0.0000000000 -0.0000000000  0.1021877599  0.0000000000 -0.0003918173  0.0000000000  0.0000000006  0.0000000000 -0.0000000000  0.0338145580  0.0000000000  0.0000000006
  0.2000000000  0.0000000000  1.0000000000  1.0000000000  1.0000000000  1.0000000000  0.0867619978  0.0000000004  0.0230560631  0.0000000000 -0.0009498445  0.0000000000  0.0000000021  0.0000000005 -0.0000000000 -0.0000000000 -0.0000000000  0.1012955608  0.0000000000 -0.0010047245  0.0000000000  0.0000000006  0.0000000000 -0.0000000000  0.0344088593  0.0000000000  0.0000000006
