  0.8000000000  0.0000000000  0.0000000000  0.0000000000  0.0000000000  0.0000000000  0.7804200149  0.2369168379  0.1602626490 -0.0000000000 -0.0000000000 -0.0000000000  0.6980255909  0.1408230118 -0.0000000000  0.0000000000 -0.0000000000  0.4477762862 -0.0000000000 -0.0000000000  0.0000000000  0.1243017514 -0.0000000000 -0.0000000000  0.1580023388 -0.0000000000  0.2385848750
  0.8000000000  0.0000000000  0.0000000000  0.0000000000  0.0000000000  0.3333333333  0.8041640836  0.1780816639  0.2510395411 -0.0000000000 -0.0000000000 -0.0000000000  0.4628482245  0.1558357297 -0.0000000000 -0.0000000000 -0.0000000000  0.7287547346 -0.0000000000 -0.0000000000 -0.0000000000  0.1276966699 -0.0000000000 -0.0000000000  0.2418153624 -0.0000000000  0.1673300850
  0.8000000000  0.0000000000  0.0000000000  0.0000000000  0.0000000000  0.6666666667  0.8041484239  0.1780683051  0.2510402672 -0.0000000000 -0.0000000000 -0.0000000000  0.4628312410  0.1558366083 -0.0000000000 -0.0000000000 -0.0000000000  0.7287581244 -0.0000000000 -0.0000000000 -0.0000000000  0.1276975811 -0.0000000000 -0.0000000000  0.2418162026 -0.0000000000  0.1673106457
  0.8000000000  0.0000000000  0.0000000000  0.0000000000  0.0000000000  1.0000000000  0.8040967999  0.1780313186  0.2510448788 -0.0000000000 -0.0000000000 -0.0000000000  0.4628096137  0.1558453579 -0.0000000000 -0.0000000000 -0.0000000000  0.7287702677 -0.0000000000 -0.0000000000  0.0000000000  0.1277031955 -0.0000000000 -0.0000000000  0.2418190028 -0.0000000000  0.1672579294
  0.8000000000  0.0000000000  0.0000000000  0.0000000000  0.3333333333  0.0000000000  0.7797386003  0.2372784377  0.1585490315  0.0000000000 -0.0000000000 -0.0000000000  0.6988786959  0.1371566708 -0.0000000000  0.0000000000 -0.0000000000  0.4339758803 -0.0000000000 -0.0000000000 -0.0000000000  0.1205715375 -0.0000000000 -0.0000000000  0.1531976917 -0.0000000000  0.2392791724
  0.8000000000  0.0000000000  0.0000000000  0.0000000000  0.3333333333  0.3333333333  0.7521354185  0.2248517074  0.1871988887  0.0000000000 -0.0000000000 -0.0000000000  0.6407891307  0.1538205245 -0.0000000000  0.0000000000 -0.0000000000  0.5460378044 -0.0000000000 -0.0000000000 -0.0000000000  0.1135701909 -0.0000000000 -0.0000000000  0.1776138306 -0.0000000000  0.2179588069
  0.8000000000  0.0000000000  0.0000000000  0.0000000000  0.3333333333  0.6666666667  0.6583087236  0.2583094603  0.2627251387 -0.0000000000 -0.0000000000 -0.0000000000  0.6374068515  0.2575292452 -0.0000000000  0.0000000000 -0.0000000000  0.6522802938 -0.0000000000 -0.0000000000 -0.0000000000  0.1868769490 -0.0000000000 -0.0000000000  0.1928906264 -0.0000000000  0.1884586351
  0.8000000000  0.0000000000  0.0000000000  0.0000000000  0.3333333333  1.0000000000  0.6733939447  0.2188337586  0.2574352089 -0.0000000000 -0.0000000000 -0.0000000000  0.5429301907  0.2200844248 -0.0000000000  0.0000000000 -0.0000000000  0.6932642300 -0.0000000000 -0.0000000000  0.0000000000  0.1567436117 -0.0000000000 -0.0000000000  0.2099561692 -0.0000000000  0.1585594040
  0.8000000000  0.0000000000  0.0000000000  0.0000000000  0.6666666667  0.0000000000  0.7875772827  0.2446153090  0.1588580821  0.0000000000 -0.0000000000 -0.0000000000  0.7255961030  0.1409401876 -0.0000000000 -0.0000000000 -0.0000000000  0.4192948804 -0.0000000000 -0.0000000000  0.0000000000  0.1213424215 -0.0000000000 -0.0000000000  0.1401146042 -0.0000000000  0.2411304450
  0.8000000000  0.0000000000  0.0000000000  0.0000000000  0.6666666667  0.3333333333  0.6685123234  0.2605324208  0.2508138539 -0.0000000000 -0.0000000000 -0.0000000000  0.6527441483  0.2482869482 -0.0000000000  0.0000000000 -0.0000000000  0.6177408153 -0.0000000000 -0.0000000000 -0.0000000000  0.1798859127 -0.0000000000 -0.0000000000  0.1809837694 -0.0000000000  0.1965244129
  0.8000000000  0.0000000000  0.0000000000  0.0000000000  0.6666666667  0.6666666667  0.6524084395  0.2629431363  0.2631581347 -0.0000000000 -0.0000000000 -0.0000000000  0.6486409104  0.2622723742 -0.0000000000  0.0000000000 -0.0000000000  0.6485584575 -0.0000000000 -0.0000000000  0.0000000000  0.1905563295 -0.0000000000 -0.0000000000  0.1912068393 -0.0000000000  0.1914968782
  0.8000000000  0.0000000000  0.0000000000  0.0000000000  0.6666666667  1.0000000000  0.6513152105  0.2619310114  0.2630149094 -0.0000000000 -0.0000000000 -0.0000000000  0.6469645898  0.2621597563 -0.0000000000 -0.0000000000 -0.0000000000  0.6517756710 -0.0000000000 -0.0000000000 -0.0000000000  0.1901254948 -0.0000000000 -0.0000000000  0.1914875505 -0.0000000000  0.1902260166
  0.8000000000  0.0000000000  0.0000000000  0.0000000000  1.0000000000  0.0000000000  0.7287702674  0.2510448785  0.1558453572 -0.0000000000 -0.0000000000 -0.0000000000  0.8040967990  0.1780313177 -0.0000000000 -0.0000000000 -0.0000000000  0.4628096114 -0.0000000000 -0.0000000000  0.0000000000  0.1672579286 -0.0000000000 -0.0000000000  0.1277031950 -0.0000000000  0.2418190027
  0.8000000000  0.0000000000  0.0000000000  0.0000000000  1.0000000000  0.3333333333  0.6932643051  0.2574352457  0.2200844750  0.0000000000 -0.0000000000 -0.0000000000  0.6733940222  0.2188338087 -0.0000000000 -0.0000000000 -0.0000000000  0.5429303141 -0.0000000000 -0.0000000000  0.0000000000  0.1585594406 -0.0000000000 -0.0000000000  0.1567436480 -0.0000000000  0.2099561888
  0.8000000000  0.0000000000  0.0000000000  0.0000000000  1.0000000000  0.6666666667  0.6517756702  0.2630149091  0.2621597560  0.0000000000 -0.0000000000 -0.0000000000  0.6513152098  0.2619310111 -0.0000000000  0.0000000000 -0.0000000000  0.6469645890 -0.0000000000 -0.0000000000 -0.0000000000  0.1902260164 -0.0000000000 -0.0000000000  0.1901254946 -0.0000000000  0.1914875503
  0.8000000000  0.0000000000  0.0000000000  0.0000000000  1.0000000000  1.0000000000  0.6497781084  0.2626069619  0.2626069619  0.0000000000 -0.0000000000 -0.0000000000  0.6497781084  0.2626069619 -0.0000000000 -0.0000000000 -0.0000000000  0.6497781084 -0.0000000000 -0.0000000000 -0.0000000000  0.1907491338 -0.0000000000 -0.0000000000  0.1907491338 -0.0000000000  0.1907491338
  0.8000000000  0.0000000000  0.0000000000  0.3333333333  0.0000000000  0.0000000000  0.7790597922  0.2377766643  0.1611899787 -0.0000000000 -0.0000000000 -0.0019179325  0.6985634905  0.1394058362 -0.0000000000 -0.0000000000 -0.0005980374  0.4437045846 -0.0000000000 -0.0000000000 -0.0011136605  0.1228508995 -0.0017755163 -0.0000000000  0.1556202810 -0.0000000000  0.2393707802
  0.8000000000  0.0000000000  0.0000000000  0.3333333333  0.0000000000  0.3333333333  0.6939591319  0.2175618275  0.2056609090  0.0000000000 -0.0000000000 -0.0192101523  0.5966155235  0.1826073855 -0.0000000000 -0.0000000000 -0.0196211608  0.6542831518 -0.0000000000 -0.0000000000 -0.0115064828  0.1491129363 -0.0146873800 -0.0000000000  0.1920452782 -0.0000000000  0.2099140540
  0.8000000000  0.0000000000  0.0000000000  0.3333333333  0.0000000000  0.6666666667  0.6967675703  0.1204732438  0.2297106525  0.0000000000 -0.0000000000 -0.0434570102  0.3579627911  0.1272511546 -0.0000000000 -0.0000000000 -0.0512788954  0.7614243064 -0.0000000000 -0.0000000000 -0.0230408566  0.1318116785 -0.0157266158 -0.0000000000  0.2396217365 -0.0000000000  0.1215760504
  0.8000000000  0.0000000000  0.0000000000  0.3333333333  0.0000000000  1.0000000000  0.6967264886  0.1328183626  0.2335715849 -0.0000000000 -0.0000000000 -0.0335369801  0.4095799614  0.1451607467 -0.0000000000  0.0000000000 -0.0406482555  0.7710360291 -0.0000000000 -0.0000000000 -0.0181642462  0.1472464710 -0.0124304309 -0.0000000000  0.2388407181 -0.0000000000  0.1258400569
  0.8000000000  0.0000000000  0.0000000000  0.3333333333  0.3333333333  0.0000000000  0.7791875064  0.2378403651  0.1595804109 -0.0000000000 -0.0000000000 -0.0018251346  0.6994025791  0.1380396673 -0.0000000000  0.0000000000 -0.0006371565  0.4367610540 -0.0000000000 -0.0000000000 -0.0011751701  0.1220433238 -0.0019107948 -0.0000000000  0.1537375973 -0.0000000000  0.2397708898
  0.8000000000  0.0000000000  0.0000000000  0.3333333333  0.3333333333  0.3333333333  0.6671632819  0.2579107623  0.2539001776  0.0000000000 -0.0000000000 -0.0053224859  0.6410382430  0.2482584743 -0.0000000000  0.0000000000 -0.0022535076  0.6299331706 -0.0000000000 -0.0000000000 -0.0022976888  0.1802249748 -0.0019489812 -0.0000000000  0.1855674988 -0.0000000000  0.1942412731
  0.8000000000  0.0000000000  0.0000000000  0.3333333333  0.3333333333  0.6666666667  0.6542114751  0.2578684373  0.2621207335  0.0000000000 -0.0000000000 -0.0083969697  0.6320067368  0.2563360707 -0.0000000000  0.0000000000 -0.0031496011  0.6552063270 -0.0000000000 -0.0000000000 -0.0034141191  0.1864772070 -0.0030067198 -0.0000000000  0.1935129228 -0.0000000000  0.1892082256
  0.8000000000  0.0000000000  0.0000000000  0.3333333333  0.3333333333  1.0000000000  0.6514040289  0.2458638135  0.2552363282 -0.0000000000 -0.0000000000 -0.0199965283  0.6121240604  0.2444874252 -0.0000000000  0.0000000000 -0.0037075151  0.6802592070 -0.0000000000 -0.0000000000 -0.0064311510  0.1857559033 -0.0063742514 -0.0000000000  0.1983416647 -0.0000000000  0.1901708906
  0.8000000000  0.0000000000  0.0000000000  0.3333333333  0.6666666667  0.0000000000  0.7779199006  0.2375424728  0.1561205972  0.0000000000 -0.0000000000 -0.0021047682  0.7005091986  0.1355865200 -0.0000000000  0.0000000000 -0.0008023438  0.4258889441 -0.0000000000 -0.0000000000 -0.0013303799  0.1204501728 -0.0024078883 -0.0000000000  0.1495967842 -0.0000000000  0.2403279609
  0.8000000000  0.0000000000  0.0000000000  0.3333333333  0.6666666667  0.3333333333  0.6672830877  0.2609665656  0.2512208684  0.0000000000 -0.0000000000 -0.0013561556  0.6530689718  0.2491904482 -0.0000000000 -0.0000000000 -0.0005735009  0.6187209513 -0.0000000000 -0.0000000000 -0.0006114035  0.1804595876 -0.0003893359 -0.0000000000  0.1811738033 -0.0000000000  0.1968019007
  0.8000000000  0.0000000000  0.0000000000  0.3333333333  0.6666666667  0.6666666667  0.6527547919  0.2626663295  0.2627376119  0.0000000000 -0.0000000000 -0.0017392222  0.6482052460  0.2617127553 -0.0000000000 -0.0000000000 -0.0007261612  0.6486050742 -0.0000000000 -0.0000000000 -0.0007430681  0.1899076893 -0.0004398510 -0.0000000000  0.1909044356 -0.0000000000  0.1915534458
  0.8000000000  0.0000000000  0.0000000000  0.3333333333  0.6666666667  1.0000000000  0.6511381287  0.2619820089  0.2630259720  0.0000000000 -0.0000000000 -0.0021648282  0.6462978709  0.2619693669 -0.0000000000 -0.0000000000 -0.0007804242  0.6517635452 -0.0000000000 -0.0000000000 -0.0008613237  0.1901479883 -0.0005664279 -0.0000000000  0.1916427413 -0.0000000000  0.1907420838
  0.8000000000  0.0000000000  0.0000000000  0.3333333333  1.0000000000  0.0000000000  0.7288900701  0.2511261762  0.1556882384  0.0000000000 -0.0000000000 -0.0000074602  0.8040089969  0.1779083586 -0.0000000000  0.0000000000 -0.0000065743  0.4622162382 -0.0000000000 -0.0000000000 -0.0000163952  0.1670980174 -0.0000316005 -0.0000000000  0.1275188051 -0.0000000000  0.2418801961
  0.8000000000  0.0000000000  0.0000000000  0.3333333333  1.0000000000  0.3333333333  0.6930678939  0.2576937964  0.2200969795 -0.0000000000 -0.0000000000 -0.0002592547  0.6736436042  0.2190809537 -0.0000000000  0.0000000000  0.0005553642  0.5436907574 -0.0000000000 -0.0000000000  0.0001296273  0.1585004024  0.0004118461 -0.0000000000  0.1571586219 -0.0000000000  0.2104974810
  0.8000000000  0.0000000000  0.0000000000  0.3333333333  1.0000000000  0.6666666667  0.6519524316  0.2632916500  0.2621008213 -0.0000000000 -0.0000000000 -0.0004213963  0.6515254957  0.2619255775 -0.0000000000  0.0000000000  0.0002055481  0.6465450453 -0.0000000000 -0.0000000000 -0.0000816418  0.1901772292  0.0000844852 -0.0000000000  0.1900881026 -0.0000000000  0.1921631477
  0.8000000000  0.0000000000  0.0000000000  0.3333333333  1.0000000000  1.0000000000  0.6497827997  0.2631218151  0.2629983453 -0.0000000000 -0.0000000000 -0.0005568551  0.6497062963  0.2630069184 -0.0000000000 -0.0000000000  0.0000251564  0.6497351273 -0.0000000000 -0.0000000000 -0.0001524751  0.1912278049 -0.0000285575 -0.0000000000  0.1912935838 -0.0000000000  0.1915957030
  0.8000000000  0.0000000000  0.0000000000  0.6666666667  0.0000000000  0.0000000000  0.7485036675  0.2403377503  0.1568359550  0.0000000000 -0.0000000000 -0.0124967357  0.7027841986  0.1445213068 -0.0000000000  0.0000000000 -0.0088397081  0.4586783823 -0.0000000000 -0.0000000000 -0.0064735257  0.1277728931 -0.0131016502 -0.0000000000  0.1438330381 -0.0000000000  0.2410748505
  0.8000000000  0.0000000000  0.0000000000  0.6666666667  0.0000000000  0.3333333333  0.6763551498  0.2188104672  0.1927916138 -0.0000000000 -0.0000000000 -0.0342817245  0.5871168858  0.1710605020 -0.0000000000 -0.0000000000 -0.0227324730  0.6173109150 -0.0000000000 -0.0000000000 -0.0167960338  0.1359476640 -0.0286347749 -0.0000000000  0.1774537354 -0.0000000000  0.2126331044
  0.8000000000  0.0000000000  0.0000000000  0.6666666667  0.0000000000  0.6666666667  0.6258613655  0.1996411283  0.1999030326 -0.0000000000 -0.0000000000 -0.0423557318  0.5193547957  0.1734033042 -0.0000000000 -0.0000000000 -0.0367567278  0.6784938803 -0.0000000000 -0.0000000000 -0.0227958739  0.1562990821 -0.0279021755 -0.0000000000  0.1888457890 -0.0000000000  0.1974907111
  0.8000000000  0.0000000000  0.0000000000  0.6666666667  0.0000000000  1.0000000000  0.5989554993  0.1806302520  0.2018299682  0.0000000000 -0.0000000000 -0.0420424091  0.5255737125  0.1835007810 -0.0000000000  0.0000000000 -0.0439568969  0.7292269718 -0.0000000000 -0.0000000000 -0.0238131569  0.1727567072 -0.0213962569 -0.0000000000  0.1986314730 -0.0000000000  0.1809776603
  0.8000000000  0.0000000000  0.0000000000  0.6666666667  0.3333333333  0.0000000000  0.7955915323  0.2495842829  0.1692812507  0.0000000000 -0.0000000000 -0.0015921662  0.7154578374  0.1546249355 -0.0000000000 -0.0000000000 -0.0005947811  0.4536945652 -0.0000000000 -0.0000000000 -0.0009593957  0.1255153673 -0.0020851571 -0.0000000000  0.1524114292 -0.0000000000  0.2448325200
  0.8000000000  0.0000000000  0.0000000000  0.6666666667  0.3333333333  0.3333333333  0.6542410826  0.2608453133  0.2589214157 -0.0000000000 -0.0000000000 -0.0079044152  0.6417917266  0.2562688528 -0.0000000000  0.0000000000 -0.0048541320  0.6444766377 -0.0000000000 -0.0000000000 -0.0039262764  0.1864437523 -0.0034244020 -0.0000000000  0.1893281650 -0.0000000000  0.1932467822
  0.8000000000  0.0000000000  0.0000000000  0.6666666667  0.3333333333  0.6666666667  0.6491723246  0.2606475282  0.2617630876 -0.0000000000 -0.0000000000 -0.0082379214  0.6384838953  0.2591935194 -0.0000000000  0.0000000000 -0.0047759654  0.6533110023 -0.0000000000 -0.0000000000 -0.0037655564  0.1884290036 -0.0033746476 -0.0000000000  0.1919739377 -0.0000000000  0.1909733323
  0.8000000000  0.0000000000  0.0000000000  0.6666666667  0.3333333333  1.0000000000  0.6784447102  0.2192954801  0.2023617622  0.0000000000 -0.0000000000 -0.0216038157  0.5959286155  0.1829047866 -0.0000000000  0.0000000000 -0.0198305611  0.6531861531 -0.0000000000 -0.0000000000 -0.0119563209  0.1522083672 -0.0149445683 -0.0000000000  0.1874210272 -0.0000000000  0.2122002194
  0.8000000000  0.0000000000  0.0000000000  0.6666666667  0.6666666667  0.0000000000  0.7759228505  0.2378201273  0.1566522207 -0.0000000000 -0.0000000000 -0.0025124717  0.7025730155  0.1378253225 -0.0000000000 -0.0000000000 -0.0013929261  0.4300362751 -0.0000000000 -0.0000000000 -0.0017332150  0.1235483073 -0.0028283148 -0.0000000000  0.1492105761 -0.0000000000  0.2406034379
  0.8000000000  0.0000000000  0.0000000000  0.6666666667  0.6666666667  0.3333333333  0.6565756771  0.2632615191  0.2588438172  0.0000000000 -0.0000000000 -0.0022212603  0.6524038784  0.2583839836 -0.0000000000 -0.0000000000 -0.0014708790  0.6370930839 -0.0000000000 -0.0000000000 -0.0011570510  0.1875676461 -0.0008084643 -0.0000000000  0.1876956235 -0.0000000000  0.1946468943
  0.8000000000  0.0000000000  0.0000000000  0.6666666667  0.6666666667  0.6666666667  0.6511694295  0.2633429094  0.2626006274 -0.0000000000 -0.0000000000 -0.0023611467  0.6495007462  0.2623142270 -0.0000000000  0.0000000000 -0.0014873294  0.6479528404 -0.0000000000 -0.0000000000 -0.0011340913  0.1903335646 -0.0007748120 -0.0000000000  0.1907480569 -0.0000000000  0.1923424700
  0.8000000000  0.0000000000  0.0000000000  0.6666666667  0.6666666667  1.0000000000  0.6497550548  0.2628677542  0.2629123362  0.0000000000 -0.0000000000 -0.0026506295  0.6480076298  0.2627102945 -0.0000000000  0.0000000000 -0.0015633049  0.6506804742 -0.0000000000 -0.0000000000 -0.0012202785  0.1906425343 -0.0008978745 -0.0000000000  0.1912243142 -0.0000000000  0.1917043359
  0.8000000000  0.0000000000  0.0000000000  0.6666666667  1.0000000000  0.0000000000  0.7335271479  0.2512868355  0.1519342329 -0.0000000000 -0.0000000000 -0.0001589569  0.7984321885  0.1700953006 -0.0000000000  0.0000000000 -0.0000071317  0.4405900066 -0.0000000000 -0.0000000000  0.0000306782  0.1580035409  0.0001667525 -0.0000000000  0.1260019965 -0.0000000000  0.2435947822
  0.8000000000  0.0000000000  0.0000000000  0.6666666667  1.0000000000  0.3333333333  0.6568226050  0.2639159901  0.2547639245  0.0000000000 -0.0000000000 -0.0002574827  0.6590606524  0.2551635635 -0.0000000000  0.0000000000  0.0003073842  0.6259030977 -0.0000000000 -0.0000000000  0.0000396206  0.1854786114  0.0001746536 -0.0000000000  0.1855547563 -0.0000000000  0.1964532701
  0.8000000000  0.0000000000  0.0000000000  0.6666666667  1.0000000000  0.6666666667  0.6510185457  0.2637629963  0.2622928614 -0.0000000000 -0.0000000000 -0.0003844319  0.6515762983  0.2625108012 -0.0000000000  0.0000000000  0.0001385919  0.6464448336 -0.0000000000 -0.0000000000 -0.0000756447  0.1904949755  0.0000626324 -0.0000000000  0.1902963797 -0.0000000000  0.1926834279
  0.8000000000  0.0000000000  0.0000000000  0.6666666667  1.0000000000  1.0000000000  0.6497651541  0.2634286623  0.2626604844 -0.0000000000 -0.0000000000 -0.0004487056  0.6504933587  0.2630067877 -0.0000000000  0.0000000000  0.0002265425  0.6489434635 -0.0000000000 -0.0000000000 -0.0000746020  0.1909176577  0.0000790872 -0.0000000000  0.1907854000 -0.0000000000  0.1921257630
  0.8000000000  0.0000000000  0.0000000000  1.0000000000  0.0000000000  0.0000000000  0.7472194599  0.2581330715  0.1701552265  0.0000000000 -0.0000000000 -0.0209996055  0.7286827544  0.1690579731 -0.0000000000 -0.0000000000 -0.0216519773  0.4910234835 -0.0000000000 -0.0000000000 -0.0141812098  0.1466211435 -0.0220737780 -0.0000000000  0.1430613198 -0.0000000000  0.2501951097
  0.8000000000  0.0000000000  0.0000000000  1.0000000000  0.0000000000  0.3333333333  0.6363216717  0.2411904839  0.2072506242 -0.0000000000 -0.0000000000 -0.0603436556  0.6096713998  0.2027855731 -0.0000000000 -0.0000000000 -0.0619301621  0.6807917656 -0.0000000000 -0.0000000000 -0.0350940644  0.1815279152 -0.0432058668 -0.0000000000  0.1806224917 -0.0000000000  0.2296130055
  0.8000000000  0.0000000000  0.0000000000  1.0000000000  0.0000000000  0.6666666667  0.5791608974  0.2234955405  0.2062646377  0.0000000000 -0.0000000000 -0.0722179192  0.5614627050  0.2048509820 -0.0000000000  0.0000000000 -0.0726685177  0.7262293423 -0.0000000000 -0.0000000000 -0.0423908771  0.1853299974 -0.0469873874 -0.0000000000  0.1848437563 -0.0000000000  0.2120381060
  0.8000000000  0.0000000000  0.0000000000  1.0000000000  0.0000000000  1.0000000000  0.5607207626  0.2176048922  0.2065106139  0.0000000000 -0.0000000000 -0.0732148941  0.5567875829  0.2097073591 -0.0000000000  0.0000000000 -0.0738247463  0.7462706130 -0.0000000000 -0.0000000000 -0.0431082835  0.1898563160 -0.0454100441 -0.0000000000  0.1865835545 -0.0000000000  0.2057538685
  0.8000000000  0.0000000000  0.0000000000  1.0000000000  0.3333333333  0.0000000000  0.7460956538  0.2404244258  0.1507332319  0.0000000000 -0.0000000000 -0.0103250172  0.7105900997  0.1411878842 -0.0000000000 -0.0000000000 -0.0086951267  0.4319192622 -0.0000000000 -0.0000000000 -0.0065473917  0.1272974643 -0.0108689594 -0.0000000000  0.1386656172 -0.0000000000  0.2430873110
  0.8000000000  0.0000000000  0.0000000000  1.0000000000  0.3333333333  0.3333333333  0.6389450743  0.2604086194  0.2521992378 -0.0000000000 -0.0000000000 -0.0134951452  0.6368369317  0.2513784803 -0.0000000000  0.0000000000 -0.0128139958  0.6500896317 -0.0000000000 -0.0000000000 -0.0081484530  0.1859572588 -0.0091112259 -0.0000000000  0.1870100075 -0.0000000000  0.1966992916
  0.8000000000  0.0000000000  0.0000000000  1.0000000000  0.3333333333  0.6666666667  0.6556300821  0.2457676628  0.2048315386  0.0000000000 -0.0000000000 -0.0519747454  0.6321173635  0.2017695668 -0.0000000000  0.0000000000 -0.0534201935  0.6523425454 -0.0000000000 -0.0000000000 -0.0313939169  0.1798548539 -0.0387444790 -0.0000000000  0.1778177754 -0.0000000000  0.2331661750
  0.8000000000  0.0000000000  0.0000000000  1.0000000000  0.3333333333  1.0000000000  0.6166808726  0.2430161876  0.2202401309 -0.0000000000 -0.0000000000 -0.0393287049  0.6096758243  0.2220702068 -0.0000000000  0.0000000000 -0.0384163536  0.7134132390 -0.0000000000 -0.0000000000 -0.0231710916  0.1938775997 -0.0260639897 -0.0000000000  0.1881144552 -0.0000000000  0.2207053053
  0.8000000000  0.0000000000  0.0000000000  1.0000000000  0.6666666667  0.0000000000  0.7410920691  0.2397433669  0.1464606211  0.0000000000 -0.0000000000 -0.0005778017  0.7274246144  0.1437370017 -0.0000000000 -0.0000000000 -0.0009749456  0.4162594423 -0.0000000000 -0.0000000000 -0.0012619449  0.1274454827 -0.0019963358 -0.0000000000  0.1264750694 -0.0000000000  0.2415722776
  0.8000000000  0.0000000000  0.0000000000  1.0000000000  0.6666666667  0.3333333333  0.6541289794  0.2637921782  0.2589532065 -0.0000000000 -0.0000000000 -0.0018746658  0.6541077672  0.2593164136 -0.0000000000 -0.0000000000 -0.0018863568  0.6381638461 -0.0000000000 -0.0000000000 -0.0011811524  0.1883871655 -0.0010117187 -0.0000000000  0.1880358150 -0.0000000000  0.1948234109
  0.8000000000  0.0000000000  0.0000000000  1.0000000000  0.6666666667  0.6666666667  0.6499082985  0.2637417591  0.2623202879  0.0000000000 -0.0000000000 -0.0018355102  0.6508111227  0.2626941182 -0.0000000000  0.0000000000 -0.0017886003  0.6476988116 -0.0000000000 -0.0000000000 -0.0010873695  0.1906658019 -0.0008817799 -0.0000000000  0.1904986523 -0.0000000000  0.1927428953
  0.8000000000  0.0000000000  0.0000000000  1.0000000000  0.6666666667  1.0000000000  0.6484838739  0.2633290987  0.2626000759  0.0000000000 -0.0000000000 -0.0021343696  0.6493721514  0.2631123370 -0.0000000000  0.0000000000 -0.0020929033  0.6503636323 -0.0000000000 -0.0000000000 -0.0012448346  0.1910287538 -0.0010817455 -0.0000000000  0.1908167126 -0.0000000000  0.1921866493
  0.8000000000  0.0000000000  0.0000000000  1.0000000000  1.0000000000  0.0000000000  0.7404725446  0.2397159959  0.1443998025 -0.0000000000 -0.0000000000 -0.0000000000  0.7251109989  0.1413601595 -0.0000000000  0.0000000000 -0.0000000000  0.4079932031 -0.0000000000 -0.0000000000  0.0000000000  0.1241964094 -0.0000000000 -0.0000000000  0.1236263594 -0.0000000000  0.2416653762
  0.8000000000  0.0000000000  0.0000000000  1.0000000000  1.0000000000  0.3333333333  0.6559496948  0.2641345468  0.2551841612 -0.0000000000 -0.0000000000 -0.0000000000  0.6588538365  0.2558638933 -0.0000000000 -0.0000000000 -0.0000000000  0.6266876933 -0.0000000000 -0.0000000000 -0.0000000000  0.1859549189 -0.0000000000 -0.0000000000  0.1859131020 -0.0000000000  0.1963712277
  0.8000000000  0.0000000000  0.0000000000  1.0000000000  1.0000000000  0.6666666667  0.6507878958  0.2639320865  0.2617915099 -0.0000000000 -0.0000000000 -0.0000000000  0.6523643545  0.2622939323 -0.0000000000 -0.0000000000 -0.0000000000  0.6453148958 -0.0000000000 -0.0000000000 -0.0000000000  0.1903077838 -0.0000000000 -0.0000000000  0.1899989309 -0.0000000000  0.1931376915
  0.8000000000  0.0000000000  0.0000000000  1.0000000000  1.0000000000  1.0000000000  0.6495464196  0.2637097361  0.2627433346 -0.0000000000 -0.0000000000 -0.0000000000  0.6508895897  0.2632863174 -0.0000000000 -0.0000000000 -0.0000000000  0.6485466975 -0.0000000000 -0.0000000000  0.0000000000  0.1910124760 -0.0000000000 -0.0000000000  0.1907197058 -0.0000000000  0.1923850429
  0.8000000000  0.0000000000  0.3333333333  0.0000000000  0.0000000000  0.0000000000  0.8042199990  0.1781651485  0.2510817973  0.0000000000  0.0000296175 -0.0000000000  0.4630033381  0.1558496464 -0.0000000000  0.0000381882 -0.0000000000  0.7287561936 -0.0000000000  0.0000333216 -0.0000000000  0.1276653864 -0.0000000000  0.0000781270  0.2418213846 -0.0000000000  0.1673992833
  0.8000000000  0.0000000000  0.3333333333  0.0000000000  0.0000000000  0.3333333333  0.8042160706  0.1781578794  0.2511038524  0.0000000000  0.0000149187 -0.0000000000  0.4629273925  0.1558343106 -0.0000000000  0.0000186471 -0.0000000000  0.7287732022 -0.0000000000  0.0000167604 -0.0000000000  0.1276361458 -0.0000000000  0.0000380986  0.2418309683 -0.0000000000  0.1673732711
  0.8000000000  0.0000000000  0.3333333333  0.0000000000  0.0000000000  0.6666666667  0.8041477625  0.1780656757  0.2511124022  0.0000000000  0.0000053565 -0.0000000000  0.4626319366  0.1557718001 -0.0000000000  0.0000037744 -0.0000000000  0.7288177104 -0.0000000000  0.0000061794  0.0000000000  0.1275867788 -0.0000000000  0.0000084192  0.2418509694 -0.0000000000  0.1672696923
  0.8000000000  0.0000000000  0.3333333333  0.0000000000  0.0000000000  1.0000000000  0.8040089949  0.1779083566  0.2511261756 -0.0000000000 -0.0000065743 -0.0000000000  0.4622162330  0.1556882369 -0.0000000000 -0.0000163952 -0.0000000000  0.7288900694 -0.0000000000 -0.0000074602  0.0000000000  0.1275188039 -0.0000000000 -0.0000316005  0.2418801959 -0.0000000000  0.1670980156
  0.8000000000  0.0000000000  0.3333333333  0.0000000000  0.3333333333  0.0000000000  0.7246986911  0.2420573514  0.1308370579  0.0000000000  0.0460644095 -0.0000000000  0.7805994462  0.1415019737 -0.0000000000  0.0291884706 -0.0000000000  0.3632784289 -0.0000000000  0.0550464517 -0.0000000000  0.1389460227 -0.0000000000  0.0180897557  0.1229228898 -0.0000000000  0.2430740040
  0.8000000000  0.0000000000  0.3333333333  0.0000000000  0.3333333333  0.3333333333  0.6621065571  0.2557851278  0.2626414237  0.0000000000  0.0023637815 -0.0000000000  0.6307269468  0.2533648617 -0.0000000000  0.0011285193 -0.0000000000  0.6490094515 -0.0000000000  0.0011670133 -0.0000000000  0.1851602281 -0.0000000000  0.0009468941  0.1946895190 -0.0000000000  0.1874565635
  0.8000000000  0.0000000000  0.3333333333  0.0000000000  0.3333333333  0.6666666667  0.7197350531  0.2190078216  0.2058261137 -0.0000000000  0.0000766192 -0.0000000000  0.6230893173  0.1760639446 -0.0000000000 -0.0001509517 -0.0000000000  0.6143261263 -0.0000000000 -0.0001684855  0.0000000000  0.1440028881 -0.0000000000 -0.0002055023  0.1904205836 -0.0000000000  0.2012796821
  0.8000000000  0.0000000000  0.3333333333  0.0000000000  0.3333333333  1.0000000000  0.6747678268  0.2175494388  0.2576757855  0.0000000000  0.0003140129 -0.0000000000  0.5387956995  0.2185571421 -0.0000000000  0.0000418136 -0.0000000000  0.6937008106 -0.0000000000 -0.0002696334  0.0000000000  0.1558758493 -0.0000000000  0.0002491662  0.2109579501 -0.0000000000  0.1573177941
  0.8000000000  0.0000000000  0.3333333333  0.0000000000  0.6666666667  0.0000000000  0.7257055410  0.2432031547  0.1331473344  0.0000000000  0.0429973989 -0.0000000000  0.7846200804  0.1456103797 -0.0000000000  0.0270505892 -0.0000000000  0.3741134528 -0.0000000000  0.0502515780  0.0000000000  0.1426790911 -0.0000000000  0.0168317553  0.1215092532 -0.0000000000  0.2431633462
  0.8000000000  0.0000000000  0.3333333333  0.0000000000  0.6666666667  0.3333333333  0.6544617594  0.2623164962  0.2623262907  0.0000000000  0.0023757660 -0.0000000000  0.6487218869  0.2601894946 -0.0000000000  0.0010348608 -0.0000000000  0.6451340203 -0.0000000000  0.0010833768 -0.0000000000  0.1892386583 -0.0000000000  0.0010045038  0.1914412613 -0.0000000000  0.1915111769
  0.8000000000  0.0000000000  0.3333333333  0.0000000000  0.6666666667  0.6666666667  0.6531628455  0.2621412254  0.2633862076 -0.0000000000  0.0009596795 -0.0000000000  0.6464709136  0.2616376416 -0.0000000000  0.0003903632 -0.0000000000  0.6501530349 -0.0000000000  0.0003495473  0.0000000000  0.1898471023 -0.0000000000  0.0004446188  0.1921572381 -0.0000000000  0.1905477213
  0.8000000000  0.0000000000  0.3333333333  0.0000000000  0.6666666667  1.0000000000  0.6523495480  0.2609805866  0.2633331303  0.0000000000  0.0001389037 -0.0000000000  0.6436821054  0.2612039307 -0.0000000000 -0.0001044618 -0.0000000000  0.6533925188 -0.0000000000 -0.0004203140 -0.0000000000  0.1892998078 -0.0000000000  0.0000643675  0.1927871461 -0.0000000000  0.1895352371
  0.8000000000  0.0000000000  0.3333333333  0.0000000000  1.0000000000  0.0000000000  0.7258001621  0.2433666705  0.1333690940 -0.0000000000  0.0425087120 -0.0000000000  0.7848860368  0.1460744453 -0.0000000000  0.0267621722 -0.0000000000  0.3751572569 -0.0000000000  0.0496061179  0.0000000000  0.1429408576 -0.0000000000  0.0166669382  0.1212740722 -0.0000000000  0.2431701373
  0.8000000000  0.0000000000  0.3333333333  0.0000000000  1.0000000000  0.3333333333  0.6526638705  0.2629541528  0.2610781633  0.0000000000  0.0034900321 -0.0000000000  0.6532196125  0.2598515057 -0.0000000000  0.0014166801 -0.0000000000  0.6412411135 -0.0000000000  0.0013954524 -0.0000000000  0.1891179291 -0.0000000000  0.0014610205  0.1903741326 -0.0000000000  0.1925085376
  0.8000000000  0.0000000000  0.3333333333  0.0000000000  1.0000000000  0.6666666667  0.6510309123  0.2629769111  0.2629618634  0.0000000000  0.0009545046 -0.0000000000  0.6498845235  0.2623702601 -0.0000000000  0.0003514453 -0.0000000000  0.6485062760 -0.0000000000  0.0002512518 -0.0000000000  0.1905749490 -0.0000000000  0.0004418943  0.1913428254 -0.0000000000  0.1911463830
  0.8000000000  0.0000000000  0.3333333333  0.0000000000  1.0000000000  1.0000000000  0.6506955891  0.2623920971  0.2631321463  0.0000000000  0.0002099195 -0.0000000000  0.6483924525  0.2624754450 -0.0000000000 -0.0001091233 -0.0000000000  0.6509505244 -0.0000000000 -0.0005083443 -0.0000000000  0.1906090901 -0.0000000000  0.0000735784  0.1917215756 -0.0000000000  0.1905921890
  0.8000000000  0.0000000000  0.3333333333  0.3333333333  0.0000000000  0.0000000000  0.7327141234  0.2245050591  0.1472011152 -0.0051882020  0.0374131821 -0.0045631837  0.6836060201  0.1317324323 -0.0103704355  0.0153464900 -0.0031610550  0.4208731186 -0.0071911931  0.0354357153 -0.0022750287  0.1255614908 -0.0048205739  0.0090308358  0.1446382118 -0.0036538989  0.2323777201
  0.8000000000  0.0000000000  0.3333333333  0.3333333333  0.0000000000  0.3333333333  0.6828572836  0.2103874956  0.2071438193 -0.0034494548  0.0027898756 -0.0228279402  0.5678454172  0.1783376710 -0.0067213560  0.0005655823 -0.0184939063  0.6582637850 -0.0078117186  0.0014075887 -0.0119758778  0.1459896287 -0.0166903492  0.0008823678  0.1948648965 -0.0026138431  0.2013027681
  0.8000000000  0.0000000000  0.3333333333  0.3333333333  0.0000000000  0.6666666667  0.6982893402  0.1209307576  0.2306180294 -0.0012523381 -0.0003760433 -0.0424695906  0.3611945162  0.1291058554 -0.0043340962 -0.0004496605 -0.0489031936  0.7610758649 -0.0049094849 -0.0008359320 -0.0223622195  0.1321515492 -0.0152403012 -0.0001131253  0.2402800331 -0.0003453533  0.1197285095
  0.8000000000  0.0000000000  0.3333333333  0.3333333333  0.0000000000  1.0000000000  0.6976026752  0.1317785734  0.2339781825 -0.0005160341 -0.0002067682 -0.0323830380  0.4073659985  0.1454217117 -0.0017096105 -0.0002935278 -0.0382017381  0.7715347746 -0.0030338133 -0.0007000580 -0.0173870227  0.1467425545 -0.0118691036 -0.0001311574  0.2393706638 -0.0001187702  0.1235996621
  0.8000000000  0.0000000000  0.3333333333  0.3333333333  0.3333333333  0.0000000000  0.7241475467  0.2419605066  0.1307727123 -0.0001435418  0.0469824475 -0.0002641680  0.7796864639  0.1410007210 -0.0000462591  0.0297938944 -0.0001797153  0.3631264033 -0.0001055877  0.0568681275 -0.0001842300  0.1393963590 -0.0004168562  0.0186215288  0.1235987513 -0.0000472565  0.2430924322
  0.8000000000  0.0000000000  0.3333333333  0.3333333333  0.3333333333  0.3333333333  0.6580865246  0.2556207319  0.2598963059 -0.0008117437  0.0033891034 -0.0129533857  0.6257337743  0.2502183990 -0.0018630272  0.0012752354 -0.0049760493  0.6511616012 -0.0019765936  0.0014368676 -0.0050959564  0.1838484546 -0.0050079771  0.0015607424  0.1951628487 -0.0010277328  0.1900294860
  0.8000000000  0.0000000000  0.3333333333  0.3333333333  0.3333333333  0.6666666667  0.6524222369  0.2485643163  0.2591924585 -0.0006103138  0.0013423908 -0.0245485240  0.5977452941  0.2435791237 -0.0010179490  0.0004354113 -0.0072099186  0.6693820408 -0.0014951204  0.0005396851 -0.0091816746  0.1798023093 -0.0097062830  0.0008900319  0.1988312337 -0.0006709866  0.1861107338
  0.8000000000  0.0000000000  0.3333333333  0.3333333333  0.3333333333  1.0000000000  0.6540944825  0.2472250919  0.2578179838 -0.0008887211  0.0003784927 -0.0183704782  0.6092871929  0.2454513731 -0.0015456241  0.0002015996 -0.0039022273  0.6759911915 -0.0014935087 -0.0003644221 -0.0061943101  0.1847485987 -0.0062408135  0.0004942754  0.1999722925 -0.0005894971  0.1887979723
  0.8000000000  0.0000000000  0.3333333333  0.3333333333  0.6666666667  0.0000000000  0.7256987207  0.2430853888  0.1322351636 -0.0001882715  0.0435872622 -0.0001279915  0.7841207251  0.1444319262 -0.0001416374  0.0274674166 -0.0001006881  0.3706465506 -0.0001808471  0.0509055594 -0.0001177417  0.1414540564 -0.0002785956  0.0171587417  0.1211870029 -0.0000731662  0.2433776193
  0.8000000000  0.0000000000  0.3333333333  0.3333333333  0.6666666667  0.3333333333  0.6532718240  0.2628764465  0.2619811652 -0.0004082414  0.0031429237 -0.0019634803  0.6502489236  0.2601720768 -0.0006767201  0.0014104851 -0.0010149145  0.6432398366 -0.0007450477  0.0015499518 -0.0008754566  0.1895197145 -0.0005359488  0.0012665594  0.1912945958 -0.0003859428  0.1925867004
  0.8000000000  0.0000000000  0.3333333333  0.3333333333  0.6666666667  0.6666666667  0.6525354848  0.2621092286  0.2632042771 -0.0003170602  0.0012253386 -0.0025143587  0.6461270087  0.2613252466 -0.0003872140  0.0004614023 -0.0009716199  0.6500034518 -0.0007157373  0.0003759143 -0.0010522237  0.1898859567 -0.0006913090  0.0006274794  0.1922291896 -0.0003541560  0.1910156420
  0.8000000000  0.0000000000  0.3333333333  0.3333333333  0.6666666667  1.0000000000  0.6517792624  0.2610307795  0.2632909207 -0.0002514469  0.0004864380 -0.0033890538  0.6429928179  0.2610302260 -0.0002481435  0.0000182322 -0.0011383614  0.6533321922 -0.0006206099 -0.0002299343 -0.0013545916  0.1896315140 -0.0009846111  0.0002965138  0.1928272663 -0.0002995356  0.1901668628
  0.8000000000  0.0000000000  0.3333333333  0.3333333333  1.0000000000  0.0000000000  0.7259118275  0.2434630456  0.1332019187 -0.0001141243  0.0423128713 -0.0000950374  0.7849607903  0.1459840538 -0.0000845663  0.0266426778 -0.0000652901  0.3747629827 -0.0000895665  0.0492249787 -0.0000768651  0.1427337622 -0.0001558767  0.0166321075  0.1209470671 -0.0000438364  0.2432876486
  0.8000000000  0.0000000000  0.3333333333  0.3333333333  1.0000000000  0.3333333333  0.6517481437  0.2630419440  0.2604715774 -0.0002138656  0.0044482343 -0.0006666214  0.6543348200  0.2592729190 -0.0002347705  0.0017363697 -0.0000767497  0.6390560144 -0.0004618086  0.0015577166 -0.0002340390  0.1888156023 -0.0000493051  0.0019156309  0.1902421326 -0.0001977189  0.1931007991
  0.8000000000  0.0000000000  0.3333333333  0.3333333333  1.0000000000  0.6666666667  0.6509620909  0.2633223540  0.2630708497 -0.0001590908  0.0011435977 -0.0009049788  0.6500286234  0.2625239664 -0.0001993086  0.0004724287 -0.0002532901  0.6482495957 -0.0003324398  0.0004578406 -0.0003516679  0.1906458220 -0.0001634292  0.0005153832  0.1913960293 -0.0001689847  0.1916630516
  0.8000000000  0.0000000000  0.3333333333  0.3333333333  1.0000000000  1.0000000000  0.6501017631  0.2630153248  0.2633717250 -0.0001144716  0.0002079234 -0.0009928059  0.6486230880  0.2629539838 -0.0001329337 -0.0000239658 -0.0002808076  0.6501560596 -0.0002301633 -0.0002885769 -0.0003735290  0.1911243323 -0.0002105160  0.0000963381  0.1918045059 -0.0001259688  0.1914114039
  0.8000000000  0.0000000000  0.3333333333  0.6666666667  0.0000000000  0.0000000000  0.7445078303  0.2348302819  0.1519591421 -0.0067568658  0.0191286470 -0.0065850803  0.7016593176  0.1397405695 -0.0121313145  0.0084624483 -0.0050619867  0.4377548405 -0.0121712028  0.0189671585 -0.0043642652  0.1283454185 -0.0086973176  0.0047273104  0.1447473940 -0.0045903187  0.2392166197
  0.8000000000  0.0000000000  0.3333333333  0.6666666667  0.0000000000  0.3333333333  0.6708255319  0.2170439064  0.1959618859 -0.0022764656 -0.0013757579 -0.0337171117  0.5789452769  0.1729098441 -0.0056818147  0.0002252703 -0.0239124484  0.6268450019 -0.0077752722 -0.0027186496 -0.0168534965  0.1399673083 -0.0280328732  0.0003801189  0.1803651068 -0.0012893886  0.2107110671
  0.8000000000  0.0000000000  0.3333333333  0.6666666667  0.0000000000  0.6666666667  0.6339270958  0.1893347176  0.2049980279 -0.0047909469 -0.0041619399 -0.0389828547  0.5086069962  0.1728586299 -0.0112273744 -0.0015918186 -0.0362847488  0.6944430576 -0.0121551880 -0.0054645735 -0.0211429308  0.1563356545 -0.0208530652 -0.0006842124  0.2012652403 -0.0024833560  0.1891406096
  0.8000000000  0.0000000000  0.3333333333  0.6666666667  0.0000000000  1.0000000000  0.6137248039  0.1764985575  0.2044128541 -0.0059356274 -0.0079894501 -0.0418799993  0.4894245913  0.1716188354 -0.0139869095 -0.0030418309 -0.0415806160  0.7170446309 -0.0131058563 -0.0083703501 -0.0231113492  0.1609425873 -0.0205885595 -0.0023672893  0.2046607648 -0.0033991240  0.1790531915
  0.8000000000  0.0000000000  0.3333333333  0.6666666667  0.3333333333  0.0000000000  0.7239441045  0.2418030649  0.1300298150 -0.0001170406  0.0476493752 -0.0001611170  0.7790791384  0.1399387346 -0.0005507360  0.0301915516 -0.0002156212  0.3605069988 -0.0007001521  0.0576738484 -0.0001659511  0.1392513836 -0.0003182324  0.0190137731  0.1234436868 -0.0000123681  0.2431941102
  0.8000000000  0.0000000000  0.3333333333  0.6666666667  0.3333333333  0.3333333333  0.6498152107  0.2575436932  0.2584613851 -0.0010307999  0.0032121042 -0.0150636131  0.6298152925  0.2523083439 -0.0021641948  0.0011896186 -0.0080999826  0.6523753035 -0.0021199195  0.0012208776 -0.0067411436  0.1851887384 -0.0064568671  0.0015121660  0.1932857141 -0.0009721640  0.1916430315
  0.8000000000  0.0000000000  0.3333333333  0.6666666667  0.3333333333  0.6666666667  0.6460600412  0.2546819704  0.2593075371 -0.0006603997  0.0010498805 -0.0200988247  0.6151402375  0.2508036271 -0.0012243668  0.0003265774 -0.0097292570  0.6642904242 -0.0015153144  0.0003572499 -0.0086392790  0.1838785860 -0.0086382136  0.0006636635  0.1952072162 -0.0005756819  0.1890079484
  0.8000000000  0.0000000000  0.3333333333  0.6666666667  0.3333333333  1.0000000000  0.6794863909  0.2216187178  0.1998141496 -0.0021074114 -0.0035820172 -0.0210523885  0.6185479271  0.1861694087 -0.0057485695 -0.0006759596 -0.0164082592  0.6463831890 -0.0074687303 -0.0045982842 -0.0107828530  0.1526464738 -0.0141758315 -0.0003792746  0.1848381767 -0.0012833610  0.2126512915
  0.8000000000  0.0000000000  0.3333333333  0.6666666667  0.6666666667  0.0000000000  0.7254619496  0.2430718130  0.1321337368 -0.0001475592  0.0442425938 -0.0001494585  0.7832809835  0.1440769023 -0.0001047198  0.0280189924 -0.0001059935  0.3697456124 -0.0001598360  0.0522477975 -0.0001096946  0.1411637807 -0.0002652368  0.0175433059  0.1217757539 -0.0000571902  0.2433792369
  0.8000000000  0.0000000000  0.3333333333  0.6666666667  0.6666666667  0.3333333333  0.6515605936  0.2633203782  0.2607987636 -0.0005067449  0.0041386471 -0.0027089369  0.6529256833  0.2597717978 -0.0010367518  0.0017738878 -0.0019180046  0.6403338589 -0.0009131573  0.0017791962 -0.0013601462  0.1893409984 -0.0009080193  0.0016879354  0.1906702556 -0.0004356894  0.1937217103
  0.8000000000  0.0000000000  0.3333333333  0.6666666667  0.6666666667  0.6666666667  0.6506735690  0.2631934599  0.2628890484 -0.0003607741  0.0013377390 -0.0031497471  0.6487828777  0.2621871030 -0.0005958247  0.0004687778 -0.0019742389  0.6489522638 -0.0007754722  0.0003488249 -0.0015712898  0.1905373952 -0.0011015252  0.0006979857  0.1916657564 -0.0003439086  0.1922557708
  0.8000000000  0.0000000000  0.3333333333  0.6666666667  0.6666666667  1.0000000000  0.6496411280  0.2622293749  0.2630414199 -0.0003487478  0.0006274034 -0.0045199368  0.6455323197  0.2620581423 -0.0005353846  0.0000239981 -0.0024993412  0.6526504132 -0.0008993437 -0.0002662257 -0.0021063312  0.1906005893 -0.0016457065  0.0004631753  0.1923068241 -0.0003531433  0.1916963124
  0.8000000000  0.0000000000  0.3333333333  0.6666666667  1.0000000000  0.0000000000  0.7259224470  0.2434506224  0.1325823073 -0.0002230429  0.0427461306 -0.0001414636  0.7852175781  0.1453973708 -0.0001753536  0.0269282056 -0.0001276469  0.3729624127 -0.0002073118  0.0495639517 -0.0001519900  0.1423225541 -0.0003404504  0.0169393293  0.1206811933 -0.0000792830  0.2435011484
  0.8000000000  0.0000000000  0.3333333333  0.6666666667  1.0000000000  0.3333333333  0.6518766081  0.2633920598  0.2582697720 -0.0001940958  0.0067554026 -0.0008382524  0.6583594686  0.2571453315 -0.0003081782  0.0027704007 -0.0003036888  0.6312587979 -0.0003723344  0.0026655252 -0.0003112236  0.1878736675 -0.0001281480  0.0027750015  0.1894937547 -0.0001795681  0.1950749666
  0.8000000000  0.0000000000  0.3333333333  0.6666666667  1.0000000000  0.6666666667  0.6503544194  0.2637245209  0.2627505938 -0.0001420424  0.0013842224 -0.0008917248  0.6511784617  0.2626879022 -0.0001895127  0.0005956064 -0.0003454044  0.6471485102 -0.0002855001  0.0006188491 -0.0003697131  0.1907164737 -0.0001886732  0.0006112740  0.1910521540 -0.0001366886  0.1923777191
  0.8000000000  0.0000000000  0.3333333333  0.6666666667  1.0000000000  1.0000000000  0.6495148011  0.2634101862  0.2632447660 -0.0001145300  0.0003638640 -0.0009686019  0.6494170474  0.2632092713 -0.0001528135  0.0001079478 -0.0003975260  0.6494803452 -0.0002178993 -0.0000866780 -0.0003980500  0.1913201837 -0.0002298642  0.0002089567  0.1916376266 -0.0001091927  0.1919972884
  0.8000000000  0.0000000000  0.3333333333  1.0000000000  0.0000000000  0.0000000000  0.6519749958  0.2449793482  0.2067433834 -0.0008258558 -0.0033309534 -0.0570725420  0.6260580487  0.2025971306 -0.0035749668 -0.0007280807 -0.0584433276  0.6632921806 -0.0033819968 -0.0029222553 -0.0325824132  0.1821269953 -0.0402402707 -0.0003107970  0.1800943555 -0.0003647261  0.2327664952
  0.8000000000  0.0000000000  0.3333333333  1.0000000000  0.0000000000  0.3333333333  0.6385839890  0.2411489462  0.2057851777 -0.0046757966 -0.0176347740 -0.0594088262  0.6122844802  0.2021188593 -0.0172431292 -0.0043206353 -0.0608870948  0.6724141387 -0.0201146781 -0.0200860153 -0.0337926440  0.1822768696 -0.0415568633 -0.0014351229  0.1805771055 -0.0015351675  0.2304332965
  0.8000000000  0.0000000000  0.3333333333  1.0000000000  0.0000000000  0.6666666667  0.5659266949  0.2201957367  0.2052142586 -0.0061235762 -0.0194287932 -0.0759051900  0.5409498515  0.2012918007 -0.0203508782 -0.0053435025 -0.0768239848  0.7214797571 -0.0204275495 -0.0199716661 -0.0430145136  0.1848599167 -0.0472891865 -0.0024216543  0.1852115437 -0.0030528015  0.2105993911
  0.8000000000  0.0000000000  0.3333333333  1.0000000000  0.0000000000  1.0000000000  0.5630133100  0.2186329402  0.2068826695 -0.0060830002 -0.0192029246 -0.0757419489  0.5390706573  0.2037725717 -0.0194457669 -0.0053797497 -0.0765427708  0.7273871210 -0.0198214103 -0.0199378159 -0.0428813869  0.1859822880 -0.0462981234 -0.0026876725  0.1865087657 -0.0030973103  0.2080464633
  0.8000000000  0.0000000000  0.3333333333  1.0000000000  0.3333333333  0.0000000000  0.7251047542  0.2429804809  0.1320334481 -0.0000319469  0.0448812924 -0.0001000905  0.7820632297  0.1435441702 -0.0001467724  0.0285475068 -0.0000793941  0.3685626261 -0.0002181943  0.0537204081 -0.0000578548  0.1409245114 -0.0001238873  0.0179093523  0.1224402589  0.0000008424  0.2433222005
  0.8000000000  0.0000000000  0.3333333333  1.0000000000  0.3333333333  0.3333333333  0.6953543033  0.2401382108  0.1826459930 -0.0019562238  0.0010757609 -0.0098046416  0.6937247361  0.1810833910 -0.0035793645  0.0003847876 -0.0127724025  0.5669230796 -0.0015814325  0.0009585644 -0.0075683896  0.1616414822 -0.0140730504  0.0005742948  0.1627291064 -0.0009432046  0.2326824689
  0.8000000000  0.0000000000  0.3333333333  1.0000000000  0.3333333333  0.6666666667  0.6510716982  0.2438557503  0.2059198220 -0.0027441344 -0.0106062215 -0.0563072677  0.6235045947  0.2015423493 -0.0096755535 -0.0025656856 -0.0578128808  0.6608389868 -0.0116062709 -0.0119675608 -0.0328675121  0.1806586944 -0.0400181178 -0.0009887439  0.1793538059 -0.0009405796  0.2321643456
  0.8000000000  0.0000000000  0.3333333333  1.0000000000  0.3333333333  1.0000000000  0.6425798415  0.2416088675  0.2065308563 -0.0031679752 -0.0134494621 -0.0572667680  0.6164401063  0.2027050565 -0.0117413624 -0.0030942533 -0.0589079954  0.6741516820 -0.0132002750 -0.0143020171 -0.0335657406  0.1811678400 -0.0408532679 -0.0012025082  0.1800192761 -0.0010508199  0.2306187741
  0.8000000000  0.0000000000  0.3333333333  1.0000000000  0.6666666667  0.0000000000  0.7256594576  0.2434092008  0.1325070196 -0.0000292168  0.0434228074 -0.0000472658  0.7843196562  0.1450759626 -0.0000460422  0.0275275382 -0.0000312531  0.3718451299 -0.0000644704  0.0509668099 -0.0000178617  0.1419744292 -0.0000574449  0.0172794569  0.1212790943 -0.0000153045  0.2434356819
  0.8000000000  0.0000000000  0.3333333333  1.0000000000  0.6666666667  0.3333333333  0.6502753185  0.2635716471  0.2592364654 -0.0004111788  0.0049387975 -0.0024507358  0.6558395201  0.2588493518 -0.0011162652  0.0020198288 -0.0024890349  0.6371105548 -0.0008651819  0.0017927213 -0.0014465843  0.1890387621 -0.0011518936  0.0020889693  0.1899133570 -0.0003184671  0.1947154176
  0.8000000000  0.0000000000  0.3333333333  1.0000000000  0.6666666667  0.6666666667  0.6488544854  0.2636373488  0.2626777670 -0.0002777302  0.0009660651 -0.0022005396  0.6502153040  0.2628505185 -0.0006238241  0.0004326520 -0.0021636826  0.6482869724 -0.0005043737  0.0003212758 -0.0012618423  0.1911826486 -0.0009633583  0.0005056315  0.1912774190 -0.0001694309  0.1925936963
  0.8000000000  0.0000000000  0.3333333333  1.0000000000  0.6666666667  1.0000000000  0.6477764580  0.2632096764  0.2627072061 -0.0002387321  0.0001352612 -0.0026777073  0.6487234696  0.2630702232 -0.0005987106  0.0000141604 -0.0026935737  0.6506668022 -0.0006055074 -0.0004968850 -0.0015414667  0.1914588653 -0.0012423848  0.0002148985  0.1914932171 -0.0001274445  0.1923254530
  0.8000000000  0.0000000000  0.3333333333  1.0000000000  1.0000000000  0.0000000000  0.7265398199  0.2442109570  0.1340564281 -0.0000024147  0.0415527306 -0.0000061552  0.7854688535  0.1475432379 -0.0000315240  0.0261703263  0.0000047550  0.3785687309 -0.0000252715  0.0483084754  0.0000100165  0.1438704424  0.0000171978  0.0165264706  0.1213195551 -0.0000116977  0.2435906183
  0.8000000000  0.0000000000  0.3333333333  1.0000000000  1.0000000000  0.3333333333  0.6512839587  0.2634292497  0.2576125802 -0.0000653059  0.0072486152 -0.0003806819  0.6593296722  0.2567285554 -0.0002060858  0.0029418284 -0.0004323758  0.6293388360 -0.0001182573  0.0028081618 -0.0002512079  0.1876457519 -0.0001787391  0.0029961968  0.1890921020 -0.0000729829  0.1954774395
  0.8000000000  0.0000000000  0.3333333333  1.0000000000  1.0000000000  0.6666666667  0.6497329656  0.2638929415  0.2624856737 -0.0000507210  0.0014925534 -0.0003402505  0.6519686249  0.2627444847 -0.0001144302  0.0006147046 -0.0003493452  0.6465370153 -0.0000814436  0.0005659207 -0.0002076157  0.1907578168 -0.0001666582  0.0006879893  0.1908322215 -0.0000350899  0.1926734576
  0.8000000000  0.0000000000  0.3333333333  1.0000000000  1.0000000000  1.0000000000  0.6492641460  0.2636307172  0.2629546893 -0.0000477266  0.0005870209 -0.0003572280  0.6505694729  0.2633461077 -0.0001002274  0.0001855913 -0.0003636647  0.6488292145 -0.0000789361  0.0000329271 -0.0002117972  0.1911510961 -0.0001640443  0.0003083107  0.1911395811 -0.0000305080  0.1921772016
  0.8000000000  0.0000000000  0.6666666667  0.0000000000  0.0000000000  0.0000000000  0.7446739388  0.1686286888  0.2475622026  0.0000000000  0.0180193949 -0.0000000000  0.4701455781  0.1512963646 -0.0000000000  0.0108047918 -0.0000000000  0.7168738310 -0.0000000000  0.0087814398  0.0000000000  0.1091811754 -0.0000000000  0.0179571851  0.2411232252 -0.0000000000  0.1450320557
  0.8000000000  0.0000000000  0.6666666667  0.0000000000  0.0000000000  0.3333333333  0.7569123387  0.1607600671  0.2396104820 -0.0000000000  0.0015050824 -0.0000000000  0.4537239375  0.1499142668 -0.0000000000  0.0011645577 -0.0000000000  0.7210341171 -0.0000000000  0.0005978538  0.0000000000  0.1265021503 -0.0000000000  0.0018843971  0.2407357322 -0.0000000000  0.1537774987
  0.8000000000  0.0000000000  0.6666666667  0.0000000000  0.0000000000  0.6666666667  0.7469486316  0.1522683265  0.2388607149 -0.0000000000  0.0007243531 -0.0000000000  0.4317323379  0.1460418981 -0.0000000000  0.0006584951 -0.0000000000  0.7278027147 -0.0000000000  0.0004592986  0.0000000000  0.1259274695 -0.0000000000  0.0011327567  0.2414479213 -0.0000000000  0.1426953231
  0.8000000000  0.0000000000  0.6666666667  0.0000000000  0.0000000000  1.0000000000  0.7984321916  0.1700953043  0.2512868369 -0.0000000000 -0.0000071317 -0.0000000000  0.4405900165  0.1519342361 -0.0000000000  0.0000306782 -0.0000000000  0.7335271496 -0.0000000000 -0.0001589569  0.0000000000  0.1260019991 -0.0000000000  0.0001667526  0.2435947826 -0.0000000000  0.1580035441
  0.8000000000  0.0000000000  0.6666666667  0.0000000000  0.3333333333  0.0000000000  0.6827723314  0.2364057009  0.2249067331  0.0000000000  0.0476916621 -0.0000000000  0.6404962491  0.2183752304 -0.0000000000  0.0142589325 -0.0000000000  0.5676139278 -0.0000000000  0.0391269076 -0.0000000000  0.1935451078 -0.0000000000  0.0122134089  0.2024846392 -0.0000000000  0.2029216549
  0.8000000000  0.0000000000  0.6666666667  0.0000000000  0.3333333333  0.3333333333  0.7283790208  0.1631792238  0.2406216290  0.0000000000  0.0057417307 -0.0000000000  0.4868082619  0.1574972269 -0.0000000000  0.0039778316 -0.0000000000  0.7208274030 -0.0000000000  0.0043378270  0.0000000000  0.1218937979 -0.0000000000  0.0096372272  0.2377233314 -0.0000000000  0.1457168145
  0.8000000000  0.0000000000  0.6666666667  0.0000000000  0.3333333333  0.6666666667  0.7103699436  0.1556281329  0.2407254757  0.0000000000  0.0062804405 -0.0000000000  0.4868896969  0.1639958549 -0.0000000000  0.0044912941 -0.0000000000  0.7448127046 -0.0000000000  0.0083727693  0.0000000000  0.1487238158 -0.0000000000  0.0100282342  0.2401224494 -0.0000000000  0.1390140763
  0.8000000000  0.0000000000  0.6666666667  0.0000000000  0.3333333333  1.0000000000  0.6827854689  0.2005787001  0.2553499078  0.0000000000 -0.0001188721 -0.0000000000  0.4947737618  0.2014413072 -0.0000000000 -0.0000898748 -0.0000000000  0.6999652018 -0.0000000000 -0.0005328944 -0.0000000000  0.1435663997 -0.0000000000  0.0000774074  0.2162672784 -0.0000000000  0.1446466742
  0.8000000000  0.0000000000  0.6666666667  0.0000000000  0.6666666667  0.0000000000  0.7286069220  0.2309486649  0.2232830021 -0.0000000000  0.0397122268 -0.0000000000  0.6975983980  0.1952175123 -0.0000000000  0.0248742841 -0.0000000000  0.5862595018 -0.0000000000  0.0441215245 -0.0000000000  0.1776405926 -0.0000000000  0.0220453362  0.2038843049 -0.0000000000  0.2074210393
  0.8000000000  0.0000000000  0.6666666667  0.0000000000  0.6666666667  0.3333333333  0.6560307603  0.2586343493  0.2629010091  0.0000000000  0.0041384947 -0.0000000000  0.6399600845  0.2573594858 -0.0000000000  0.0021023905 -0.0000000000  0.6491504536 -0.0000000000  0.0029018458 -0.0000000000  0.1878282791 -0.0000000000  0.0019590778  0.1948075752 -0.0000000000  0.1887190430
  0.8000000000  0.0000000000  0.6666666667  0.0000000000  0.6666666667  0.6666666667  0.6598634140  0.2550568129  0.2637609935  0.0000000000  0.0018285944 -0.0000000000  0.6272534128  0.2544471878 -0.0000000000  0.0009170508 -0.0000000000  0.6558187192 -0.0000000000  0.0011047138 -0.0000000000  0.1854697311 -0.0000000000  0.0009739524  0.1966697804 -0.0000000000  0.1855477002
  0.8000000000  0.0000000000  0.6666666667  0.0000000000  0.6666666667  1.0000000000  0.6746306644  0.2177534298  0.2578587618 -0.0000000000  0.0004145122 -0.0000000000  0.5390755729  0.2185343687 -0.0000000000  0.0000999947 -0.0000000000  0.6932837129 -0.0000000000 -0.0002244442 -0.0000000000  0.1561436835 -0.0000000000  0.0002930441  0.2113098747 -0.0000000000  0.1571838282
  0.8000000000  0.0000000000  0.6666666667  0.0000000000  1.0000000000  0.0000000000  0.6112285686  0.2110314056  0.1449537275  0.0000000000  0.1005379576 -0.0000000000  0.7509319627  0.1455511494 -0.0000000000  0.0570598358 -0.0000000000  0.3675027830 -0.0000000000  0.0974503154  0.0000000000  0.1539310276 -0.0000000000  0.0450476108  0.1562847504 -0.0000000000  0.2147218877
  0.8000000000  0.0000000000  0.6666666667  0.0000000000  1.0000000000  0.3333333333  0.6527159516  0.2613462774  0.2625153288  0.0000000000  0.0048894280 -0.0000000000  0.6484197333  0.2592275665 -0.0000000000  0.0023399162 -0.0000000000  0.6448810964 -0.0000000000  0.0030133347 -0.0000000000  0.1890626817 -0.0000000000  0.0022983461  0.1930780876 -0.0000000000  0.1907516174
  0.8000000000  0.0000000000  0.6666666667  0.0000000000  1.0000000000  0.6666666667  0.6533076566  0.2615871204  0.2639214094 -0.0000000000  0.0015362106 -0.0000000000  0.6442365739  0.2610921559 -0.0000000000  0.0007598662 -0.0000000000  0.6508607183 -0.0000000000  0.0009769000 -0.0000000000  0.1896517931 -0.0000000000  0.0007817342  0.1933875678 -0.0000000000  0.1899827914
  0.8000000000  0.0000000000  0.6666666667  0.0000000000  1.0000000000  1.0000000000  0.6543835789  0.2596909494  0.2638469459  0.0000000000  0.0003365854 -0.0000000000  0.6390762920  0.2596129244 -0.0000000000  0.0000056460 -0.0000000000  0.6543470397 -0.0000000000 -0.0002319441 -0.0000000000  0.1884100655 -0.0000000000  0.0001956000  0.1943495494 -0.0000000000  0.1885743522
  0.8000000000  0.0000000000  0.6666666667  0.3333333333  0.0000000000  0.0000000000  0.6269592210  0.1956270697  0.2140527813 -0.0078523324  0.0418615660 -0.0138671028  0.5930075451  0.1888109850 -0.0099529872  0.0190230183 -0.0146736151  0.6035849085 -0.0137965599  0.0395921899 -0.0020007672  0.1750418283 -0.0032288711  0.0220799401  0.2091584740 -0.0086099394  0.1917809719
  0.8000000000  0.0000000000  0.6666666667  0.3333333333  0.0000000000  0.3333333333  0.6978410513  0.1216364065  0.2306318876 -0.0022553937 -0.0001128313 -0.0418463991  0.3636092594  0.1309775508 -0.0059995514 -0.0000778333 -0.0484573723  0.7588395103 -0.0069560881 -0.0004662017 -0.0220026327  0.1332180514 -0.0146534293  0.0009334433  0.2400670574 -0.0010306626  0.1204071526
  0.8000000000  0.0000000000  0.6666666667  0.3333333333  0.0000000000  0.6666666667  0.6984747182  0.1232412866  0.2313426231 -0.0014989167 -0.0003734099 -0.0406916916  0.3711326932  0.1325170565 -0.0047916491 -0.0004373503 -0.0468326857  0.7625830776 -0.0056913360 -0.0008593269 -0.0214270461  0.1351787174 -0.0145918129 -0.0000573151  0.2401398668 -0.0004755575  0.1204468321
  0.8000000000  0.0000000000  0.6666666667  0.3333333333  0.0000000000  1.0000000000  0.6983636518  0.1281583645  0.2328116066 -0.0016238638 -0.0004421467 -0.0365379464  0.3926984006  0.1399036553 -0.0049967888 -0.0006052414 -0.0421171927  0.7665109355 -0.0062527164 -0.0010910005 -0.0191651867  0.1419225102 -0.0130749754 -0.0003441835  0.2398112274 -0.0005183619  0.1221444075
  0.8000000000  0.0000000000  0.6666666667  0.3333333333  0.3333333333  0.0000000000  0.6545901059  0.2106230281  0.2051273333 -0.0083139559  0.0525234949 -0.0062255607  0.6160102417  0.1992009171 -0.0052625354  0.0156971335 -0.0076698750  0.5370283500 -0.0043401531  0.0424701509  0.0032158266  0.1809877220  0.0006538351  0.0184501544  0.1955715531 -0.0079117595  0.1993548247
  0.8000000000  0.0000000000  0.6666666667  0.3333333333  0.3333333333  0.3333333333  0.6384423517  0.2054287174  0.2164786049 -0.0063562498  0.0288229741 -0.0145491851  0.5825520895  0.1915209702 -0.0141275850  0.0140467870 -0.0046410406  0.6142500529 -0.0206933690  0.0227673026 -0.0044988398  0.1687108449 -0.0077573513  0.0157216302  0.2025490764 -0.0060051880  0.1915203757
  0.8000000000  0.0000000000  0.6666666667  0.3333333333  0.3333333333  0.6666666667  0.6406539017  0.1968313191  0.2212080141 -0.0037855936  0.0136295071 -0.0182526568  0.5516457901  0.1891472975 -0.0063748279  0.0076451773 -0.0115318380  0.6652663239 -0.0152774764  0.0120016442 -0.0072283685  0.1631394880 -0.0089410584  0.0097679595  0.2092708472 -0.0047422655  0.1819486861
  0.8000000000  0.0000000000  0.6666666667  0.3333333333  0.3333333333  1.0000000000  0.6324420541  0.1979287804  0.2196696640 -0.0030071289  0.0047304050 -0.0265655377  0.5255803016  0.1851943658 -0.0040258343  0.0026938908 -0.0157909989  0.6780910859 -0.0097616213  0.0032581181 -0.0117477957  0.1572889499 -0.0148758458  0.0039002381  0.2070501998 -0.0032811875  0.1825032571
  0.8000000000  0.0000000000  0.6666666667  0.3333333333  0.6666666667  0.0000000000  0.6300759643  0.2170968554  0.1520133088 -0.0000222107  0.0933253675 -0.0013640410  0.7493141090  0.1519242328 -0.0008224033  0.0526552699 -0.0018630051  0.3892895360 -0.0010899067  0.0916778395 -0.0008820894  0.1582899320 -0.0009683508  0.0415470880  0.1592491170 -0.0002915037  0.2175811134
  0.8000000000  0.0000000000  0.6666666667  0.3333333333  0.6666666667  0.3333333333  0.6540940299  0.2582465661  0.2620345525 -0.0008145751  0.0046423284 -0.0071723999  0.6366205069  0.2557303521 -0.0009066533  0.0022156461 -0.0031257377  0.6496817193 -0.0021293287  0.0031978274 -0.0027649243  0.1875188248 -0.0025279014  0.0021652517  0.1948062598 -0.0010389048  0.1899013282
  0.8000000000  0.0000000000  0.6666666667  0.3333333333  0.6666666667  0.6666666667  0.6534800850  0.2581099401  0.2630535897 -0.0007393294  0.0015873682 -0.0082061121  0.6309744637  0.2565705276 -0.0008516323  0.0007691527 -0.0029833773  0.6552502028 -0.0017264625  0.0009523543 -0.0031733214  0.1871572924 -0.0030370366  0.0008796231  0.1951381591 -0.0006785305  0.1888688024
  0.8000000000  0.0000000000  0.6666666667  0.3333333333  0.6666666667  1.0000000000  0.6536308235  0.2512553494  0.2612535480 -0.0007349553  0.0007092914 -0.0173922459  0.6068407709  0.2480111915 -0.0008797914  0.0002661865 -0.0049987721  0.6654122624 -0.0018821247  0.0000749298 -0.0064843693  0.1821766277 -0.0068538636  0.0007147277  0.1983740157 -0.0006823492  0.1861578614
  0.8000000000  0.0000000000  0.6666666667  0.3333333333  1.0000000000  0.0000000000  0.6371963389  0.2211048053  0.1580282674  0.0001051203  0.0885785233  0.0003302746  0.7531561779  0.1580651058 -0.0010878174  0.0517219160  0.0008906699  0.4071819750 -0.0013136326  0.0890207884 -0.0001922812  0.1606645765 -0.0004305992  0.0405695650  0.1635866206  0.0004185838  0.2193295821
  0.8000000000  0.0000000000  0.6666666667  0.3333333333  1.0000000000  0.3333333333  0.6515314036  0.2619533250  0.2622874018 -0.0005630082  0.0049827755 -0.0023455305  0.6493437195  0.2597441037 -0.0006025005  0.0024154764 -0.0011843639  0.6443527761 -0.0013031994  0.0031586612 -0.0009686479  0.1896347365 -0.0006783715  0.0022194100  0.1927040194 -0.0006572876  0.1916516651
  0.8000000000  0.0000000000  0.6666666667  0.3333333333  1.0000000000  0.6666666667  0.6523180326  0.2619294261  0.2637509088 -0.0004704816  0.0015540948 -0.0028542387  0.6443367884  0.2612318715 -0.0005484093  0.0007670907 -0.0012076847  0.6507526300 -0.0010466081  0.0009299170 -0.0011567912  0.1898901319 -0.0009176124  0.0007672574  0.1931827206 -0.0004724038  0.1906123050
  0.8000000000  0.0000000000  0.6666666667  0.3333333333  1.0000000000  1.0000000000  0.6528739673  0.2606742163  0.2638201935 -0.0004263835  0.0005687507 -0.0038106842  0.6400277637  0.2602342684 -0.0003801489  0.0001317410 -0.0013305212  0.6532935090 -0.0010705279 -0.0000344326 -0.0015200360  0.1892557980 -0.0012310109  0.0003705328  0.1938481266 -0.0004600224  0.1897863265
  0.8000000000  0.0000000000  0.6666666667  0.6666666667  0.0000000000  0.0000000000  0.6170743337  0.1574600647  0.1647846525 -0.0051707164  0.0408036366 -0.0487493062  0.4436622605  0.1354346349  0.0014455652  0.0108278203 -0.0581570312  0.4786970434  0.0038468014  0.0477082056 -0.0152512604  0.1635876792 -0.0207715083  0.0143745631  0.1874465341 -0.0121592587  0.1870583204
  0.8000000000  0.0000000000  0.6666666667  0.6666666667  0.0000000000  0.3333333333  0.5906526437  0.1703952434  0.1799833334 -0.0140176320  0.0127503652 -0.0057129739  0.5158304140  0.1563351542 -0.0408748787  0.0048870827 -0.0046050555  0.5767905709 -0.0375696854  0.0130294646 -0.0020352273  0.1640652592 -0.0047107011  0.0062776962  0.1779762098 -0.0130319628  0.1848412607
  0.8000000000  0.0000000000  0.6666666667  0.6666666667  0.0000000000  0.6666666667  0.5503602720  0.1687995893  0.1723696968 -0.0042175456 -0.0005540065 -0.0140147414  0.4943446066  0.1554351625 -0.0153243194  0.0010481054 -0.0156890867  0.6465652501 -0.0151727511 -0.0041948409 -0.0086115457  0.1494692261 -0.0125263552  0.0025390279  0.1831924718 -0.0032311079  0.1796088392
  0.8000000000  0.0000000000  0.6666666667  0.6666666667  0.0000000000  1.0000000000  0.5259999402  0.1550309576  0.1737213138 -0.0051045121 -0.0124717126 -0.0192872308  0.4629480424  0.1519388236 -0.0187325867 -0.0032838491 -0.0212751723  0.6551694196 -0.0193968964 -0.0152608637 -0.0092423588  0.1528413173 -0.0104698437 -0.0025997103  0.1901426911 -0.0033102282  0.1721698881
  0.8000000000  0.0000000000  0.6666666667  0.6666666667  0.3333333333  0.0000000000  0.6693027676  0.2327212250  0.2133400018 -0.0068714872  0.0535687953 -0.0118056622  0.6979824131  0.2018263467 -0.0101188762  0.0302490732 -0.0110444685  0.5462444794 -0.0125290583  0.0535057010 -0.0048452266  0.1887266282 -0.0066323025  0.0267842591  0.1975800716 -0.0081711419  0.2125733790
  0.8000000000  0.0000000000  0.6666666667  0.6666666667  0.3333333333  0.3333333333  0.5913701633  0.1837241970  0.1799379013 -0.0051836401  0.0267018876 -0.0005116465  0.5755751292  0.1647812354 -0.0175459723  0.0117924919  0.0025400407  0.5847960980 -0.0177386735  0.0248658715  0.0009749924  0.1659308155  0.0005632864  0.0131759960  0.1714281514 -0.0038943235  0.1948149464
  0.8000000000  0.0000000000  0.6666666667  0.6666666667  0.3333333333  0.6666666667  0.5715781029  0.1798557277  0.1938556538 -0.0041325701  0.0106818869 -0.0017328926  0.5440861750  0.1733086996 -0.0122134280  0.0039989490  0.0018991439  0.6061270356 -0.0105236507  0.0060441173 -0.0003302017  0.1752145187 -0.0017300626  0.0056828497  0.1853248638 -0.0031641798  0.1875884264
  0.8000000000  0.0000000000  0.6666666667  0.6666666667  0.3333333333  1.0000000000  0.5499660632  0.1745500620  0.1860427707 -0.0023237636 -0.0026689022 -0.0073081471  0.5155162520  0.1683673621 -0.0071292349 -0.0007399182 -0.0000342911  0.6231142564 -0.0075867530 -0.0073989636 -0.0031467977  0.1661047959 -0.0044597523 -0.0001793886  0.1814587900 -0.0020984000  0.1799210101
  0.8000000000  0.0000000000  0.6666666667  0.6666666667  0.6666666667  0.0000000000  0.5979594654  0.2002203017  0.1768514949 -0.0007698504  0.0768325819 -0.0089638197  0.6470385701  0.1682478028 -0.0022773405  0.0325818221 -0.0098031088  0.4605073707 -0.0021022815  0.0535309783 -0.0049153212  0.1633751109 -0.0047185553  0.0319665209  0.1637729817 -0.0016625395  0.2008005491
  0.8000000000  0.0000000000  0.6666666667  0.6666666667  0.6666666667  0.3333333333  0.6497248558  0.2621406353  0.2620833293 -0.0010614406  0.0042017031 -0.0043905219  0.6479651979  0.2602782754 -0.0017523442  0.0020223242 -0.0030344655  0.6455337659 -0.0021352715  0.0026358768 -0.0021678805  0.1900056199 -0.0016241725  0.0019586486  0.1922336743 -0.0009434736  0.1920144201
  0.8000000000  0.0000000000  0.6666666667  0.6666666667  0.6666666667  0.6666666667  0.6511405563  0.2602859821  0.2626316511 -0.0011007276  0.0017272246 -0.0084767393  0.6381567678  0.2589000500 -0.0016546317  0.0010086054 -0.0049885375  0.6542623111 -0.0027126563  0.0007092680 -0.0039336442  0.1895790277 -0.0032964085  0.0011853635  0.1941295906 -0.0009044218  0.1914508147
  0.8000000000  0.0000000000  0.6666666667  0.6666666667  0.6666666667  1.0000000000  0.6505153327  0.2590000201  0.2626078858 -0.0010544359  0.0001905447 -0.0102978950  0.6317376118  0.2577394853 -0.0016875787  0.0002122776 -0.0052064027  0.6573350852 -0.0026792767 -0.0006330677 -0.0045254537  0.1885901334 -0.0039804712  0.0005476898  0.1947254858 -0.0007551316  0.1905514834
  0.8000000000  0.0000000000  0.6666666667  0.6666666667  1.0000000000  0.0000000000  0.6390362865  0.2221283561  0.1578239925 -0.0003101186  0.0871206996 -0.0001462475  0.7564860748  0.1608445898 -0.0014983731  0.0511776156  0.0002294219  0.4155578107 -0.0017304584  0.0874360821 -0.0000924749  0.1619976846 -0.0003367971  0.0395334824  0.1608084817 -0.0000098315  0.2200583618
  0.8000000000  0.0000000000  0.6666666667  0.6666666667  1.0000000000  0.3333333333  0.6494599773  0.2630011474  0.2616943913 -0.0006773556  0.0053953232 -0.0021247446  0.6528000648  0.2604653096 -0.0010191427  0.0026107967 -0.0015339136  0.6420081987 -0.0013780104  0.0032172556 -0.0010848094  0.1901346411 -0.0006919613  0.0023467072  0.1916978986 -0.0005729308  0.1927888973
  0.8000000000  0.0000000000  0.6666666667  0.6666666667  1.0000000000  0.6666666667  0.6509484081  0.2630575733  0.2635360366 -0.0006902952  0.0020413414 -0.0027390087  0.6485082170  0.2623160339 -0.0008287649  0.0009752933 -0.0016905073  0.6494020708 -0.0014879963  0.0010531822 -0.0013817564  0.1912031601 -0.0008826601  0.0011024974  0.1927378318 -0.0005956871  0.1920297407
  0.8000000000  0.0000000000  0.6666666667  0.6666666667  1.0000000000  1.0000000000  0.6511512164  0.2624085472  0.2637313037 -0.0008178445  0.0007027129 -0.0034591424  0.6449913848  0.2621769512 -0.0010939150  0.0003658788 -0.0019067492  0.6518423595 -0.0019411885 -0.0002321672 -0.0016307070  0.1911733246 -0.0011521745  0.0006945437  0.1932274659 -0.0005890693  0.1917969509
  0.8000000000  0.0000000000  0.6666666667  1.0000000000  0.0000000000  0.0000000000  0.5867078513  0.2160106813  0.1862826150 -0.0032108697  0.0139194084 -0.0549561235  0.5499792769  0.1820153468 -0.0152399275  0.0024092444 -0.0581254600  0.6084925693 -0.0086943252  0.0060179309 -0.0304078005  0.1780752706 -0.0382663415  0.0048674991  0.1773787112 -0.0047705900  0.2114688199
  0.8000000000  0.0000000000  0.6666666667  1.0000000000  0.0000000000  0.3333333333  0.6181783201  0.2354559910  0.2026340807 -0.0083111892 -0.0310334593 -0.0631031181  0.5949483634  0.1991576687 -0.0314037664 -0.0074968187 -0.0646111507  0.6647179631 -0.0355774476 -0.0343977633 -0.0339341086  0.1842047294 -0.0403100449 -0.0030489210  0.1819119151 -0.0034041479  0.2256219586
  0.8000000000  0.0000000000  0.6666666667  1.0000000000  0.0000000000  0.6666666667  0.5789297137  0.2262345421  0.1999560464 -0.0095591588 -0.0391882286 -0.0726077269  0.5538363626  0.1959155148 -0.0387140283 -0.0084627166 -0.0739958561  0.6713385685 -0.0430709452 -0.0428569590 -0.0372554123  0.1841357897 -0.0425801270 -0.0033784503  0.1825459131 -0.0037693416  0.2179802019
  0.8000000000  0.0000000000  0.6666666667  1.0000000000  0.0000000000  1.0000000000  0.5593027826  0.2201277824  0.2009171484 -0.0099911178 -0.0476172786 -0.0760753615  0.5364743146  0.1970674716 -0.0472061418 -0.0087566835 -0.0774776727  0.6604369085 -0.0514642288 -0.0509058652 -0.0343852963  0.1858769085 -0.0383410396 -0.0039192793  0.1844663651 -0.0043724217  0.2114462406
  0.8000000000  0.0000000000  0.6666666667  1.0000000000  0.3333333333  0.0000000000  0.6299364480  0.2237517641  0.1698364425 -0.0004902211  0.0783663903 -0.0034666788  0.7581336577  0.1776043924 -0.0033723414  0.0456139863 -0.0033388104  0.4545897707 -0.0035793796  0.0792625687 -0.0009762423  0.1749674931 -0.0016559104  0.0367706269  0.1612951556 -0.0005559990  0.2160654946
  0.8000000000  0.0000000000  0.6666666667  1.0000000000  0.3333333333  0.3333333333  0.6457001793  0.2619466322  0.2603096419 -0.0015357532  0.0032079652 -0.0061302724  0.6474837022  0.2597121888 -0.0038107925  0.0017245581 -0.0057033684  0.6453500540 -0.0032708560  0.0014491967 -0.0032126327  0.1904885652 -0.0026057681  0.0017849315  0.1914435362 -0.0010496839  0.1930751164
  0.8000000000  0.0000000000  0.6666666667  1.0000000000  0.3333333333  0.6666666667  0.5804114404  0.1853013417  0.1857195650 -0.0044369799 -0.0056674664 -0.0038888050  0.5683577012  0.1773007212 -0.0098783138 -0.0022028485 -0.0051841576  0.6197635595 -0.0105312986 -0.0079428592 -0.0020631216  0.1781417963 -0.0029734232 -0.0016106936  0.1756654326 -0.0035495877  0.1936458740
  0.8000000000  0.0000000000  0.6666666667  1.0000000000  0.3333333333  1.0000000000  0.5685131476  0.1839435717  0.1834566297 -0.0028760949 -0.0088854322 -0.0066204772  0.5454394261  0.1688713023 -0.0069177143 -0.0030742577 -0.0057973053  0.6305735322 -0.0087539051 -0.0172511706 -0.0039547254  0.1691884490 -0.0039970391 -0.0036629395  0.1793485011 -0.0022567357  0.1893355072
  0.8000000000  0.0000000000  0.6666666667  1.0000000000  0.6666666667  0.0000000000  0.5917928777  0.2141302083  0.1678029172  0.0002166944  0.0906747705 -0.0016831142  0.7588303808  0.1756361334 -0.0014871497  0.0535763242 -0.0009885478  0.4465285865 -0.0016520315  0.0924375716 -0.0000862507  0.1752511348 -0.0006678758  0.0439677936  0.1637070912  0.0001494026  0.2083171763
  0.8000000000  0.0000000000  0.6666666667  1.0000000000  0.6666666667  0.3333333333  0.6480662400  0.2629694833  0.2607312712 -0.0009305609  0.0053126534 -0.0029878312  0.6537808881  0.2600809837 -0.0020975135  0.0025283637 -0.0029732443  0.6412774640 -0.0019163271  0.0026641770 -0.0017009535  0.1902615568 -0.0012047991  0.0024554128  0.1913422044 -0.0006327347  0.1934536680
  0.8000000000  0.0000000000  0.6666666667  1.0000000000  0.6666666667  0.6666666667  0.6476452351  0.2630830055  0.2625431892 -0.0008223724  0.0016715452 -0.0040821402  0.6495728085  0.2623565731 -0.0020986710  0.0010194081 -0.0040674878  0.6503915264 -0.0023044893  0.0003236833 -0.0023062411  0.1920420949 -0.0016325479  0.0011260998  0.1926152974 -0.0003689429  0.1930423483
  0.8000000000  0.0000000000  0.6666666667  1.0000000000  0.6666666667  1.0000000000  0.6466366930  0.2624343777  0.2625977230 -0.0006031083 -0.0003042532 -0.0051052073  0.6455286337  0.2621995915 -0.0020960421  0.0001935601 -0.0048522132  0.6519731096 -0.0026280964 -0.0016121178 -0.0025661606  0.1918629657 -0.0019695849  0.0005387533  0.1927091699 -0.0002519531  0.1926182471
  0.8000000000  0.0000000000  0.6666666667  1.0000000000  1.0000000000  0.0000000000  0.6458059497  0.2251290984  0.1624636169  0.0003255758  0.0821125884  0.0004623109  0.7598839388  0.1683139345 -0.0006804567  0.0484468587  0.0007643843  0.4386386274 -0.0007719095  0.0835073463 -0.0000165593  0.1672069565 -0.0003153750  0.0368521106  0.1613442356  0.0004326838  0.2209999988
  0.8000000000  0.0000000000  0.6666666667  1.0000000000  1.0000000000  0.3333333333  0.6481989941  0.2632054581  0.2605639112 -0.0004378177  0.0067749111 -0.0012345595  0.6558667236  0.2596627691 -0.0009309729  0.0031434775 -0.0013053371  0.6381495125 -0.0008152468  0.0036450601 -0.0007627109  0.1896768685 -0.0005400476  0.0029335642  0.1909691518 -0.0003013955  0.1935763467
  0.8000000000  0.0000000000  0.6666666667  1.0000000000  1.0000000000  0.6666666667  0.6489767595  0.2635082219  0.2631679045 -0.0003539926  0.0016300330 -0.0012262778  0.6501675772  0.2629863103 -0.0007544952  0.0008535058 -0.0011972587  0.6480226073 -0.0006669774  0.0010163012 -0.0006669789  0.1914626843 -0.0004696753  0.0008352435  0.1918594673 -0.0002179229  0.1922171775
  0.8000000000  0.0000000000  0.6666666667  1.0000000000  1.0000000000  1.0000000000  0.6489094824  0.2635618146  0.2633831286 -0.0003857359  0.0010288471 -0.0018410072  0.6497158776  0.2632867723 -0.0009439922  0.0004767107 -0.0018995316  0.6499735875 -0.0011050892 -0.0001330400 -0.0011028101  0.1919096381 -0.0007291210  0.0007911351  0.1923775018 -0.0001175386  0.1925969263
  0.8000000000  0.0000000000  1.0000000000  0.0000000000  0.0000000000  0.0000000000  0.7286827544  0.1690579730  0.2581330715 -0.0000000000  0.0216519773 -0.0000000000  0.4910234834  0.1701552264 -0.0000000000  0.0141812098 -0.0000000000  0.7472194599 -0.0000000000  0.0209996054  0.0000000000  0.1430613197 -0.0000000000  0.0220737780  0.2501951097 -0.0000000000  0.1466211434
  0.8000000000  0.0000000000  1.0000000000  0.0000000000  0.0000000000  0.3333333333  0.7105900997  0.1411878842  0.2404244258 -0.0000000000  0.0086951267 -0.0000000000  0.4319192623  0.1507332319 -0.0000000000  0.0065473917 -0.0000000000  0.7460956539 -0.0000000000  0.0103250172 -0.0000000000  0.1386656173 -0.0000000000  0.0108689594  0.2430873110 -0.0000000000  0.1272974643
  0.8000000000  0.0000000000  1.0000000000  0.0000000000  0.0000000000  0.6666666667  0.7274246077  0.1437369944  0.2397433638 -0.0000000000  0.0009749456 -0.0000000000  0.4162594212  0.1464606137 -0.0000000000  0.0012619448 -0.0000000000  0.7410920622 -0.0000000000  0.0005778017 -0.0000000000  0.1264750623 -0.0000000000  0.0019963358  0.2415722764 -0.0000000000  0.1274454755
  0.8000000000  0.0000000000  1.0000000000  0.0000000000  0.0000000000  1.0000000000  0.7251110006  0.1413601610  0.2397159969  0.0000000000 -0.0000000000 -0.0000000000  0.4079932071  0.1443998041 -0.0000000000  0.0000000000 -0.0000000000  0.7404725467 -0.0000000000 -0.0000000000 -0.0000000000  0.1236263608 -0.0000000000 -0.0000000000  0.2416653767 -0.0000000000  0.1241964106
  0.8000000000  0.0000000000  1.0000000000  0.0000000000  0.3333333333  0.0000000000  0.6258975919  0.2027073194  0.2449256559  0.0000000000  0.0588422098 -0.0000000000  0.6643455303  0.2065706944 -0.0000000000  0.0327262037 -0.0000000000  0.6520487038 -0.0000000000  0.0573938345 -0.0000000000  0.1800965011 -0.0000000000  0.0402774512  0.2328837609 -0.0000000000  0.1823211861
  0.8000000000  0.0000000000  1.0000000000  0.0000000000  0.3333333333  0.3333333333  0.7099609638  0.1562001492  0.2420750881  0.0000000000  0.0079364732 -0.0000000000  0.4866512744  0.1637124340 -0.0000000000  0.0058293098 -0.0000000000  0.7438712869 -0.0000000000  0.0098191318 -0.0000000000  0.1493717656 -0.0000000000  0.0121757390  0.2414482786 -0.0000000000  0.1400296241
  0.8000000000  0.0000000000  1.0000000000  0.0000000000  0.3333333333  0.6666666667  0.7256747291  0.1529714724  0.2415112107  0.0000000000  0.0009054032 -0.0000000000  0.4524644143  0.1568004799 -0.0000000000  0.0010773455 -0.0000000000  0.7430862930 -0.0000000000  0.0007284834 -0.0000000000  0.1358562207 -0.0000000000  0.0019778558  0.2409196615 -0.0000000000  0.1358109033
  0.8000000000  0.0000000000  1.0000000000  0.0000000000  0.3333333333  1.0000000000  0.7178746557  0.1457711475  0.2404703953  0.0000000000 -0.0000000000 -0.0000000000  0.4339044695  0.1536260160 -0.0000000000 -0.0000000000 -0.0000000000  0.7476203554 -0.0000000000 -0.0000000000 -0.0000000000  0.1338859744 -0.0000000000 -0.0000000000  0.2408529312 -0.0000000000  0.1282248192
  0.8000000000  0.0000000000  1.0000000000  0.0000000000  0.6666666667  0.0000000000  0.6255956074  0.2027044260  0.2448766419 -0.0000000000  0.0589346054 -0.0000000000  0.6645109522  0.2065843045 -0.0000000000  0.0327904943 -0.0000000000  0.6517716104 -0.0000000000  0.0574927573  0.0000000000  0.1801059280 -0.0000000000  0.0403376936  0.2328281021 -0.0000000000  0.1823248424
  0.8000000000  0.0000000000  1.0000000000  0.0000000000  0.6666666667  0.3333333333  0.7094097661  0.1575534244  0.2423352080  0.0000000000  0.0078436348 -0.0000000000  0.4933739758  0.1655548439 -0.0000000000  0.0053810171 -0.0000000000  0.7434788479 -0.0000000000  0.0097596429  0.0000000000  0.1510111500 -0.0000000000  0.0118376194  0.2412952956 -0.0000000000  0.1405484878
  0.8000000000  0.0000000000  1.0000000000  0.0000000000  0.6666666667  0.6666666667  0.7112690280  0.1493657004  0.2392136123  0.0000000000  0.0037652078 -0.0000000000  0.4615044344  0.1608684748 -0.0000000000  0.0024933612 -0.0000000000  0.7502304553 -0.0000000000  0.0045141863  0.0000000000  0.1488161533 -0.0000000000  0.0048051428  0.2401623755 -0.0000000000  0.1344497305
  0.8000000000  0.0000000000  1.0000000000  0.0000000000  0.6666666667  1.0000000000  0.7173270620  0.1471898163  0.2406109531 -0.0000000000 -0.0000000000 -0.0000000000  0.4400465311  0.1553759647 -0.0000000000  0.0000000000 -0.0000000000  0.7474634380 -0.0000000000 -0.0000000000 -0.0000000000  0.1358152900 -0.0000000000 -0.0000000000  0.2406188350 -0.0000000000  0.1293065694
  0.8000000000  0.0000000000  1.0000000000  0.0000000000  1.0000000000  0.0000000000  0.6263774177  0.2027184735  0.2449151298  0.0000000000  0.0586701565 -0.0000000000  0.6644221641  0.2065377051 -0.0000000000  0.0325832242 -0.0000000000  0.6524777830 -0.0000000000  0.0572088696 -0.0000000000  0.1801354569 -0.0000000000  0.0401340687  0.2330009350 -0.0000000000  0.1823703066
  0.8000000000  0.0000000000  1.0000000000  0.0000000000  1.0000000000  0.3333333333  0.7105330435  0.1593502235  0.2423728308  0.0000000000  0.0091378516 -0.0000000000  0.4971186096  0.1657026953 -0.0000000000  0.0060190234 -0.0000000000  0.7379644534 -0.0000000000  0.0098519348 -0.0000000000  0.1498374490 -0.0000000000  0.0134851426  0.2410587761 -0.0000000000  0.1415898517
  0.8000000000  0.0000000000  1.0000000000  0.0000000000  1.0000000000  0.6666666667  0.7130002749  0.1537367424  0.2401282851 -0.0000000000  0.0056379974 -0.0000000000  0.4751213875  0.1615241892 -0.0000000000  0.0041064173 -0.0000000000  0.7446231826 -0.0000000000  0.0068972251  0.0000000000  0.1474204432 -0.0000000000  0.0084893581  0.2400619016 -0.0000000000  0.1376563724
  0.8000000000  0.0000000000  1.0000000000  0.0000000000  1.0000000000  1.0000000000  0.7231812793  0.1519365049  0.2395078704 -0.0000000000 -0.0000000000 -0.0000000000  0.4529282653  0.1566376899 -0.0000000000 -0.0000000000 -0.0000000000  0.7424508704 -0.0000000000 -0.0000000000 -0.0000000000  0.1380506458 -0.0000000000 -0.0000000000  0.2399293823 -0.0000000000  0.1372993614
  0.8000000000  0.0000000000  1.0000000000  0.3333333333  0.0000000000  0.0000000000  0.5513005000  0.1798460681  0.2162677091 -0.0014248875  0.0557470730 -0.0153563289  0.6017625119  0.1879452933 -0.0050278503  0.0291980649 -0.0088642749  0.6127746606 -0.0120042103  0.0526629247 -0.0040659278  0.1763387317 -0.0053099962  0.0368358187  0.2132531743 -0.0036804453  0.1755102761
  0.8000000000  0.0000000000  1.0000000000  0.3333333333  0.0000000000  0.3333333333  0.6990137503  0.1258298366  0.2322649469 -0.0025887617 -0.0001771825 -0.0365936818  0.3839404852  0.1379819987 -0.0065882991 -0.0002732061 -0.0415249129  0.7647309348 -0.0077064151 -0.0005854339 -0.0190747167  0.1395051500 -0.0129025297  0.0003499472  0.2401422087 -0.0012064177  0.1203281746
  0.8000000000  0.0000000000  1.0000000000  0.3333333333  0.0000000000  0.6666666667  0.7312935503  0.1707656413  0.2468018815 -0.0146379685  0.0030990974 -0.0226946810  0.4638839094  0.1729366214 -0.0246610143  0.0025530334 -0.0258959846  0.7365085989 -0.0226537606  0.0045269765 -0.0119853328  0.1542704313 -0.0092104062  0.0046409351  0.2355998202 -0.0111395739  0.1594770988
  0.8000000000  0.0000000000  1.0000000000  0.3333333333  0.0000000000  1.0000000000  0.6995396211  0.1285030567  0.2331972545 -0.0024474538 -0.0001735868 -0.0339463768  0.3950067568  0.1418676295 -0.0062794609 -0.0003482994 -0.0380204434  0.7671234136 -0.0070906473 -0.0005615669 -0.0176606407  0.1426581839 -0.0120173430  0.0000518084  0.2401050582 -0.0011232819  0.1212176504
  0.8000000000  0.0000000000  1.0000000000  0.3333333333  0.3333333333  0.0000000000  0.6210953708  0.2024953839  0.2440545369  0.0011413262  0.0600995409 -0.0050693149  0.6672433904  0.2068584925  0.0051048705  0.0336097645 -0.0055050040  0.6475709625  0.0050334390  0.0588102596 -0.0012582608  0.1803058633 -0.0004579406  0.0412390788  0.2320592151  0.0004061599  0.1822974280
  0.8000000000  0.0000000000  1.0000000000  0.3333333333  0.3333333333  0.3333333333  0.6133391245  0.1832448909  0.2237867161 -0.0044579266  0.0278178346 -0.0167003257  0.5435991967  0.1905579199 -0.0071938336  0.0151769958 -0.0104425140  0.6696848413 -0.0176467366  0.0251456599 -0.0050914602  0.1720145757 -0.0061770344  0.0195136060  0.2196910523 -0.0058545827  0.1739646151
  0.8000000000  0.0000000000  1.0000000000  0.3333333333  0.3333333333  0.6666666667  0.6352550919  0.1819462636  0.2228549689 -0.0062378813  0.0152720924 -0.0186478401  0.5162507252  0.1854844043 -0.0084530114  0.0084720637 -0.0144849879  0.6828181090 -0.0162315122  0.0147578469 -0.0069756692  0.1648729866 -0.0073333425  0.0112775115  0.2188200262 -0.0066468816  0.1728439915
  0.8000000000  0.0000000000  1.0000000000  0.3333333333  0.3333333333  1.0000000000  0.6963842457  0.1411995078  0.2360662540  0.0000170009 -0.0000535985 -0.0228415828  0.4484765036  0.1589654602  0.0001503802  0.0000574714 -0.0276295321  0.7802746255 -0.0001196135 -0.0002249488 -0.0124247835  0.1597924776 -0.0084574143  0.0000305907  0.2386209056 -0.0000283738  0.1277622052
  0.8000000000  0.0000000000  1.0000000000  0.3333333333  0.6666666667  0.0000000000  0.6254003258  0.2026511159  0.2448112970 -0.0003769275  0.0589691071  0.0016606537  0.6645881525  0.2065635130 -0.0018093153  0.0328051319  0.0018956020  0.6516080622 -0.0016989708  0.0575384641  0.0004077896  0.1801037210  0.0001427129  0.0403530602  0.2328274585 -0.0001307595  0.1823194020
  0.8000000000  0.0000000000  1.0000000000  0.3333333333  0.6666666667  0.3333333333  0.5114185244  0.1522491749  0.1913825548 -0.0025274160  0.0329016826 -0.0053859461  0.4881025511  0.1608622700 -0.0053776174  0.0145421909 -0.0029472957  0.6176970175 -0.0188713668  0.0313365739 -0.0015176661  0.1622401910 -0.0026883707  0.0207116151  0.2018689498 -0.0046953091  0.1651110573
  0.8000000000  0.0000000000  1.0000000000  0.3333333333  0.6666666667  0.6666666667  0.5195529478  0.1522308187  0.1919353070 -0.0023693584  0.0248241585 -0.0068261474  0.4744101001  0.1612272742 -0.0043907183  0.0117183345 -0.0034455557  0.6253008494 -0.0178931238  0.0237512376 -0.0017813038  0.1615204713 -0.0036934562  0.0168930105  0.2021679047 -0.0049448715  0.1641639060
  0.8000000000  0.0000000000  1.0000000000  0.3333333333  0.6666666667  1.0000000000  0.6382318027  0.1806207730  0.2243664759 -0.0053932181  0.0104134217 -0.0165585924  0.5049483385  0.1811867687 -0.0084805621  0.0072969682 -0.0100691377  0.6842526884 -0.0158676443  0.0102002452 -0.0058789550  0.1593794367 -0.0067107084  0.0102830273  0.2176040317 -0.0060444087  0.1691447077
  0.8000000000  0.0000000000  1.0000000000  0.3333333333  1.0000000000  0.0000000000  0.6156179031  0.2022724301  0.2429358109 -0.0004565258  0.0610233432  0.0018645615  0.6717758613  0.2069167873 -0.0020653571  0.0345010906  0.0021541252  0.6428157910 -0.0019328026  0.0597279657  0.0004702468  0.1800954300  0.0001475346  0.0424226610  0.2309863497 -0.0001703877  0.1817569480
  0.8000000000  0.0000000000  1.0000000000  0.3333333333  1.0000000000  0.3333333333  0.5189820208  0.1561058238  0.1913002420 -0.0021923560  0.0336226930 -0.0058041457  0.5026430145  0.1620374375 -0.0019466903  0.0150279184 -0.0043719706  0.6029437478 -0.0167558730  0.0330555433 -0.0007266090  0.1637292858 -0.0014484135  0.0208633060  0.1991527589 -0.0044083048  0.1693677790
  0.8000000000  0.0000000000  1.0000000000  0.3333333333  1.0000000000  0.6666666667  0.5235922737  0.1551660173  0.1920170258 -0.0018840837  0.0225803052 -0.0067945170  0.4833130383  0.1640852952 -0.0026161663  0.0112232111 -0.0034854582  0.6173783434 -0.0184213426  0.0211414172 -0.0010017058  0.1634014857 -0.0035007961  0.0160183374  0.2001392645 -0.0051958528  0.1665959928
  0.8000000000  0.0000000000  1.0000000000  0.3333333333  1.0000000000  1.0000000000  0.5383440846  0.1636537307  0.1958342583 -0.0035917711  0.0050817431 -0.0033601942  0.5013607836  0.1682851512 -0.0048456738  0.0020829276 -0.0009713294  0.6115904909 -0.0161433149  0.0035523505 -0.0013697180  0.1680555983 -0.0028003884  0.0039326842  0.1959080079 -0.0057032925  0.1723369007
  0.8000000000  0.0000000000  1.0000000000  0.6666666667  0.0000000000  0.0000000000  0.6569375280  0.2192887649  0.2359223535 -0.0085787705  0.0491365013 -0.0003007582  0.6713888310  0.2109587878 -0.0201248890  0.0291274160  0.0022265560  0.6167739520 -0.0205695554  0.0524037792  0.0008295252  0.1879468076 -0.0014309418  0.0312024793  0.2181010400 -0.0079151457  0.1941109648
  0.8000000000  0.0000000000  1.0000000000  0.6666666667  0.0000000000  0.3333333333  0.5519695517  0.1393147776  0.1776290100 -0.0190377336 -0.0072791757 -0.0480866047  0.4171425958  0.1577122340 -0.0387639125 -0.0050640346 -0.0434846598  0.6299963364 -0.0400472659 -0.0036401282 -0.0205547386  0.1711841009 -0.0212871176  0.0002625790  0.1975816473 -0.0178400089  0.1552205569
  0.8000000000  0.0000000000  1.0000000000  0.6666666667  0.0000000000  0.6666666667  0.5888458555  0.1575211634  0.1807106577 -0.0198703087 -0.0066709650 -0.0076016914  0.4684027461  0.1507197381 -0.0508377782 -0.0001718992 -0.0058350647  0.6103350764 -0.0494841193 -0.0037025139 -0.0042447702  0.1544831166 -0.0057389294 -0.0003283118  0.1955571942 -0.0169137246  0.1699856227
  0.8000000000  0.0000000000  1.0000000000  0.6666666667  0.0000000000  1.0000000000  0.5680674827  0.1579048214  0.1899436009 -0.0171795337 -0.0121493815 -0.0070948161  0.4708391730  0.1547723352 -0.0446313687 -0.0031432329 -0.0055444149  0.6092377852 -0.0442289821 -0.0118923130 -0.0047385671  0.1585083442 -0.0050308679 -0.0032502933  0.1965314140 -0.0145928570  0.1680379243
  0.8000000000  0.0000000000  1.0000000000  0.6666666667  0.3333333333  0.0000000000  0.4646508713  0.1699288877  0.1959635441 -0.0046578451  0.0935210267 -0.0017945496  0.6420699704  0.1713095113 -0.0221718518  0.0445904959  0.0032888671  0.4821697987 -0.0198771216  0.0903698119 -0.0012123791  0.1711782807 -0.0047627681  0.0550900707  0.1948083468 -0.0051939701  0.1756898515
  0.8000000000  0.0000000000  1.0000000000  0.6666666667  0.3333333333  0.3333333333  0.5426144411  0.1683497340  0.1950023406 -0.0106203890  0.0187033388 -0.0019931876  0.5186241841  0.1772462461 -0.0346362866  0.0076267017  0.0003947697  0.5756280815 -0.0333781553  0.0191579341  0.0002488820  0.1834220427 -0.0017945932  0.0114112755  0.1907153486 -0.0122136999  0.1806819057
  0.8000000000  0.0000000000  1.0000000000  0.6666666667  0.3333333333  0.6666666667  0.5432126636  0.1680577743  0.1974720404 -0.0090338081  0.0061010863 -0.0053391718  0.5081419776  0.1845978429 -0.0309789681  0.0022944867 -0.0038285400  0.5926742075 -0.0281397393  0.0045621149 -0.0025257667  0.1895315257 -0.0030655306  0.0038796503  0.1931971161 -0.0116424640  0.1806285942
  0.8000000000  0.0000000000  1.0000000000  0.6666666667  0.3333333333  1.0000000000  0.5426433335  0.1681656877  0.2004007528 -0.0071212237 -0.0072593174 -0.0056578993  0.5087035123  0.1851664886 -0.0254908328 -0.0016606453 -0.0045311153  0.5916747406 -0.0220628262 -0.0069793146 -0.0024005882  0.1909985519 -0.0026200686 -0.0018968237  0.1968737077 -0.0090189956  0.1806493567
  0.8000000000  0.0000000000  1.0000000000  0.6666666667  0.6666666667  0.0000000000  0.4216642655  0.1383950659  0.1893007287 -0.0006891729  0.0949798807 -0.0007447469  0.5748881013  0.1447687543 -0.0123119745  0.0426737123  0.0036271601  0.4432412368 -0.0098787053  0.0939517860  0.0007439544  0.1592455523 -0.0029152067  0.0588674354  0.1983072227 -0.0024693942  0.1594707927
  0.8000000000  0.0000000000  1.0000000000  0.6666666667  0.6666666667  0.3333333333  0.5403940014  0.1741317727  0.1960570803 -0.0058157632  0.0176430793 -0.0026899384  0.5393905261  0.1904831667 -0.0200738915  0.0071804240 -0.0018058653  0.5846664788 -0.0213728998  0.0165534780 -0.0011961558  0.1915245292 -0.0018013670  0.0097552961  0.1918137437 -0.0077029420  0.1863928958
  0.8000000000  0.0000000000  1.0000000000  0.6666666667  0.6666666667  0.6666666667  0.5663924129  0.1758019523  0.1986761888 -0.0068006429  0.0057337547 -0.0006404229  0.5369928860  0.1822988867 -0.0175338095  0.0029116503 -0.0002163094  0.6157858065 -0.0184715785  0.0064768729 -0.0005156149  0.1835302619 -0.0011731776  0.0040322355  0.1876864409 -0.0067880922  0.1841114896
  0.8000000000  0.0000000000  1.0000000000  0.6666666667  0.6666666667  1.0000000000  0.5530036471  0.1719958340  0.2034600248 -0.0031475424 -0.0040420401 -0.0053907469  0.5206808055  0.1813907197 -0.0056642698 -0.0006465964 -0.0054489377  0.6123605716 -0.0123272509 -0.0038612185 -0.0029728784  0.1862243868 -0.0020553634 -0.0007621527  0.1940806746 -0.0034331683  0.1809481635
  0.8000000000  0.0000000000  1.0000000000  0.6666666667  1.0000000000  0.0000000000  0.5082813045  0.1759490516  0.1971303094  0.0009938405  0.0863546390 -0.0053227484  0.6703951082  0.1780950146  0.0008853007  0.0440619719 -0.0026212571  0.4982342182  0.0004613516  0.0882031747 -0.0011072716  0.1759108135 -0.0021772714  0.0509194664  0.1974757637 -0.0007683339  0.1771214227
  0.8000000000  0.0000000000  1.0000000000  0.6666666667  1.0000000000  0.3333333333  0.6484733025  0.2603526191  0.2627090634 -0.0016170031  0.0040119240 -0.0048815480  0.6438406974  0.2603067136 -0.0023455143  0.0024874729 -0.0034911844  0.6488081976 -0.0034414240  0.0039635480 -0.0023518498  0.1907609491 -0.0017759329  0.0021947655  0.1932754980 -0.0013786652  0.1906900572
  0.8000000000  0.0000000000  1.0000000000  0.6666666667  1.0000000000  0.6666666667  0.6517581343  0.2605499975  0.2633707482 -0.0017049359  0.0011510126 -0.0053215961  0.6389605809  0.2603581958 -0.0027174598  0.0009184301 -0.0032984401  0.6509744224 -0.0038483793  0.0009516441 -0.0023647203  0.1903880292 -0.0017626768  0.0009230016  0.1935990282 -0.0013705441  0.1905934915
  0.8000000000  0.0000000000  1.0000000000  0.6666666667  1.0000000000  1.0000000000  0.5635203503  0.1772172225  0.1998466399 -0.0037864339 -0.0009543849 -0.0028709501  0.5381516699  0.1851981243 -0.0116774297 -0.0000431422 -0.0022690265  0.6070972580 -0.0089871436 -0.0010741062 -0.0011985755  0.1883505757 -0.0017358068  0.0009240769  0.1899032065 -0.0042335291  0.1863203056
  0.8000000000  0.0000000000  1.0000000000  1.0000000000  0.0000000000  0.0000000000  0.5775356840  0.2000833881  0.1814032997 -0.0172337362  0.0127180371 -0.0348711855  0.6525213003  0.1941208405 -0.0414641726  0.0129833598 -0.0305905493  0.5308914417 -0.0472889223  0.0156589510 -0.0108819552  0.2026785239 -0.0125231864  0.0180988979  0.1877951174 -0.0188556712  0.2014149880
  0.8000000000  0.0000000000  1.0000000000  1.0000000000  0.0000000000  0.3333333333  0.6206796533  0.2199810321  0.2190069827 -0.0142389617 -0.0386085803 -0.0537983503  0.6014134825  0.2219878277 -0.0535900763 -0.0023497530 -0.0510885408  0.5946774285 -0.0560687868 -0.0349089332 -0.0109688089  0.2038829526 -0.0098887274  0.0008064784  0.1961563022 -0.0156416552  0.1975507871
  0.8000000000  0.0000000000  1.0000000000  1.0000000000  0.0000000000  0.6666666667  0.6018875989  0.2074353164  0.2257224852 -0.0100696367 -0.0527242107 -0.0659856003  0.5529315437  0.2099424232 -0.0656644005 -0.0060546680 -0.0665646598  0.6024938912 -0.0651265560 -0.0513934364 -0.0099738425  0.1890935775 -0.0064608079 -0.0073720049  0.2056507790 -0.0090909669  0.1878903382
  0.8000000000  0.0000000000  1.0000000000  1.0000000000  0.0000000000  1.0000000000  0.6003649543  0.2023108609  0.2269608304 -0.0104147175 -0.0522487491 -0.0652398656  0.5484011440  0.2049821228 -0.0674084057 -0.0071562401 -0.0673157677  0.6097266512 -0.0659984197 -0.0509505264 -0.0103648465  0.1865768378 -0.0058261087 -0.0095562263  0.2096705152 -0.0078358852  0.1860673059
  0.8000000000  0.0000000000  1.0000000000  1.0000000000  0.3333333333  0.0000000000  0.5994037291  0.2256885047  0.2159284860 -0.0015136947  0.0533291108 -0.0146675900  0.7398086106  0.2250855523 -0.0052610872  0.0315245185 -0.0108516860  0.5996163898 -0.0048196532  0.0547555715 -0.0064200465  0.2021135262 -0.0065321443  0.0305288507  0.1886816487 -0.0027931596  0.2021806593
  0.8000000000  0.0000000000  1.0000000000  1.0000000000  0.3333333333  0.3333333333  0.5838116016  0.1865478595  0.1899467029 -0.0002152701  0.0122633770 -0.0218493298  0.5596772033  0.1826060388 -0.0025877449  0.0041265498 -0.0213832809  0.5733989362 -0.0023104650  0.0096345145 -0.0090013817  0.1916236038 -0.0097091885  0.0048091446  0.1846443827 -0.0011419764  0.1792959018
  0.8000000000  0.0000000000  1.0000000000  1.0000000000  0.3333333333  0.6666666667  0.6245195797  0.2364283377  0.2367081849 -0.0061857283 -0.0255724147 -0.0387249102  0.6055473374  0.2355581158 -0.0395189658  0.0023147982 -0.0377796403  0.6129527802 -0.0409248237 -0.0251604660 -0.0044701207  0.1997927838 -0.0050769083  0.0013058837  0.1996801473 -0.0070481970  0.1983824273
  0.8000000000  0.0000000000  1.0000000000  1.0000000000  0.3333333333  1.0000000000  0.6239366628  0.2307990253  0.2374660003 -0.0057295622 -0.0286479061 -0.0387983269  0.6043063391  0.2296015655 -0.0425069024 -0.0000607811 -0.0383474919  0.6242040021 -0.0426282784 -0.0289809634 -0.0051802126  0.1989465984 -0.0047451040 -0.0008330590  0.2063797786 -0.0044226001  0.2022442076
  0.8000000000  0.0000000000  1.0000000000  1.0000000000  0.6666666667  0.0000000000  0.5239110969  0.1831243219  0.1756331985  0.0011391370  0.0805894853 -0.0080024015  0.7115461206  0.1916808097  0.0011958020  0.0413965725 -0.0072782127  0.5328735002 -0.0001512075  0.0808642958 -0.0015090944  0.1915926744 -0.0011584171  0.0384319066  0.1778227241  0.0007552823  0.1879387878
  0.8000000000  0.0000000000  1.0000000000  1.0000000000  0.6666666667  0.3333333333  0.6443014423  0.2609254969  0.2615778113 -0.0018850229  0.0042868934 -0.0037798553  0.6508823615  0.2610333140 -0.0040855119  0.0028528744 -0.0038002946  0.6452618537 -0.0040107557  0.0042165952 -0.0018649418  0.1920581350 -0.0013012444  0.0026961894  0.1924784153 -0.0013298228  0.1918877143
  0.8000000000  0.0000000000  1.0000000000  1.0000000000  0.6666666667  0.6666666667  0.5776637736  0.1843586295  0.1928738339 -0.0061145145  0.0061412105 -0.0011809765  0.5643242914  0.1884324350 -0.0130835838  0.0027388694 -0.0012519840  0.5951699733 -0.0147995562  0.0061306909 -0.0006966030  0.1842472254 -0.0012596435  0.0032627786  0.1847009786 -0.0055204168  0.1920689526
  0.8000000000  0.0000000000  1.0000000000  1.0000000000  0.6666666667  1.0000000000  0.5415884861  0.1755852314  0.1992596471 -0.0030584630 -0.0032258756 -0.0066717345  0.5366511978  0.1865229494 -0.0061363485 -0.0001453101 -0.0068078403  0.6070592839 -0.0096859502 -0.0039761920 -0.0009235690  0.1879356717 -0.0003210507  0.0000582126  0.1905950202 -0.0029591609  0.1846347341
  0.8000000000  0.0000000000  1.0000000000  1.0000000000  1.0000000000  0.0000000000  0.5317759355  0.1868311302  0.1684316375 -0.0000723776  0.0848657490 -0.0010927530  0.7181648926  0.1861445206 -0.0026968527  0.0424225775 -0.0008681717  0.5104793549 -0.0029821641  0.0848155509 -0.0002635454  0.1872850151 -0.0004460333  0.0396767592  0.1674355764 -0.0002934458  0.1936708492
  0.8000000000  0.0000000000  1.0000000000  1.0000000000  1.0000000000  0.3333333333  0.6376778951  0.2591327737  0.2610125007 -0.0014189485  0.0078458037 -0.0025620025  0.6576549872  0.2599094891 -0.0028451920  0.0051036239 -0.0027199900  0.6414732393 -0.0030672074  0.0085424686 -0.0013258012  0.1922631704 -0.0008462293  0.0052074984  0.1930734970 -0.0008744343  0.1913819311
  0.8000000000  0.0000000000  1.0000000000  1.0000000000  1.0000000000  0.6666666667  0.6486233808  0.2626302120  0.2631914394 -0.0013855697  0.0006241543 -0.0035038317  0.6478735463  0.2623602103 -0.0036633374  0.0010476372 -0.0036297128  0.6480979661 -0.0037335715  0.0002085753 -0.0014170778  0.1923421908 -0.0008706820  0.0010534743  0.1929847135 -0.0008543403  0.1923480556
  0.8000000000  0.0000000000  1.0000000000  1.0000000000  1.0000000000  1.0000000000  0.6486034171  0.2620702529  0.2631006890 -0.0013147486 -0.0019258424 -0.0045939751  0.6440636118  0.2619128578 -0.0045699539  0.0001774390 -0.0045327901  0.6475499206 -0.0046854035 -0.0022704587 -0.0013254389  0.1921784918 -0.0008682287  0.0003383971  0.1931782640 -0.0008933568  0.1921408546
