  0.6000000000  1.0000000000  0.0000000000  0.0000000000  0.0000000000  0.0000000000  0.5205603705  0.1365864835  0.0000000062 -0.0000000000 -0.0000000000 -0.0000000000  0.4721214755  0.0000000054 -0.0000000000  0.0000000000 -0.0000000000  0.0000000200 -0.0000000000 -0.0000000000 -0.0000000000  0.0000000057 -0.0000000000 -0.0000000000  0.0000000057 -0.0000000000  0.1740705917
  0.6000000000  1.0000000000  0.0000000000  0.0000000000  0.0000000000  0.3333333333  0.5013094495  0.1011540178  0.1030494270  0.0332150609 -0.0000000000 -0.0000000000  0.2711766626  0.0830552415  0.0576900315  0.0000000000 -0.0000000000  0.2983180115  0.0566216324 -0.0000000000  0.0000000000  0.0641247846 -0.0000000000 -0.0000000000  0.1138534307  0.0278470862  0.1139079825
  0.6000000000  1.0000000000  0.0000000000  0.0000000000  0.0000000000  0.6666666667  0.4899600709  0.0759862480  0.0927307311  0.0502803981 -0.0000000000 -0.0000000000  0.1664586515  0.1015595286  0.0871653810  0.0000000000 -0.0000000000  0.2383038532  0.0860435035 -0.0000000000 -0.0000000000  0.0958250617 -0.0000000000 -0.0000000000  0.1078402935  0.0519704167  0.0951855854
  0.6000000000  1.0000000000  0.0000000000  0.0000000000  0.0000000000  1.0000000000  0.4227005112  0.0637419469  0.0748667098  0.0359728819  0.0000000000 -0.0000000000  0.1727109341  0.0871682098  0.0681588680  0.0000000000  0.0000000000  0.2038829694  0.0750205831  0.0000000000 -0.0000000000  0.0847279782  0.0000000000  0.0000000000  0.0879700294  0.0448999259  0.0852743650
  0.6000000000  1.0000000000  0.0000000000  0.0000000000  0.3333333333  0.0000000000  0.4150992888  0.0947362243  0.0486007457 -0.0254550530 -0.0000000000 -0.0000000000  0.2920303728  0.0773793096 -0.0654219679 -0.0000000000 -0.0000000000  0.1514165381 -0.0690417563 -0.0000000000  0.0000000000  0.0760208142 -0.0000000000 -0.0000000000  0.0662398454 -0.0309006609  0.1215839015
  0.6000000000  1.0000000000  0.0000000000  0.0000000000  0.3333333333  0.3333333333  0.4142207190  0.0851811792  0.0810145926 -0.0404324756 -0.0000000000 -0.0000000000  0.2802176493  0.1212971604 -0.0659547647 -0.0000000000 -0.0000000000  0.2502116061 -0.0666416675 -0.0000000000  0.0000000000  0.1284554886 -0.0000000000 -0.0000000000  0.0859116179 -0.0507310806  0.0873543504
  0.6000000000  1.0000000000  0.0000000000  0.0000000000  0.3333333333  0.6666666667  0.3797452031  0.0860646609  0.0813909367 -0.0322271287 -0.0000000000 -0.0000000000  0.3336976412  0.1269888851 -0.0522101576 -0.0000000000 -0.0000000000  0.2994650060 -0.0535600911 -0.0000000000 -0.0000000000  0.1357798314 -0.0000000000 -0.0000000000  0.0816307602 -0.0409394147  0.0833789369
  0.6000000000  1.0000000000  0.0000000000  0.0000000000  0.3333333333  1.0000000000  0.2749218532  0.0741944193  0.0669638610  0.0006684446 -0.0000000000 -0.0000000000  0.3194338244  0.1126527263 -0.0019728399  0.0000000000 -0.0000000000  0.2655480219  0.0009516346 -0.0000000000 -0.0000000000  0.1172670712 -0.0000000000 -0.0000000000  0.0760473395  0.0025063976  0.0709596489
  0.6000000000  1.0000000000  0.0000000000  0.0000000000  0.6666666667  0.0000000000  0.4114171989  0.0932242775  0.0459954114 -0.0255368291 -0.0000000000 -0.0000000000  0.2890394840  0.0785006511 -0.0674909889 -0.0000000000 -0.0000000000  0.1390420934 -0.0714246277 -0.0000000000 -0.0000000000  0.0779400779 -0.0000000000 -0.0000000000  0.0634247714 -0.0327199634  0.1203890088
  0.6000000000  1.0000000000  0.0000000000  0.0000000000  0.6666666667  0.3333333333  0.3980778164  0.0864770003  0.0827159335 -0.0366489924 -0.0000000000 -0.0000000000  0.3069418113  0.1260996694 -0.0601684823 -0.0000000000 -0.0000000000  0.2802393532 -0.0609441820 -0.0000000000  0.0000000000  0.1338535694 -0.0000000000 -0.0000000000  0.0841539402 -0.0464582877  0.0856395867
  0.6000000000  1.0000000000  0.0000000000  0.0000000000  0.6666666667  0.6666666667  0.2407039329  0.0626684190  0.0618708177 -0.0125791470 -0.0000000000 -0.0000000000  0.4440251974  0.1391092749 -0.0171988458  0.0000000000 -0.0000000000  0.4146983985 -0.0178211188 -0.0000000000 -0.0000000000  0.1557424661 -0.0000000000 -0.0000000000  0.0536809624 -0.0218725953  0.0523432457
  0.6000000000  1.0000000000  0.0000000000  0.0000000000  0.6666666667  1.0000000000  0.2292061890  0.0589367286  0.0584616128 -0.0085196288 -0.0000000000 -0.0000000000  0.4490323668  0.1375362517 -0.0134269728  0.0000000000 -0.0000000000  0.4220478302 -0.0132657670 -0.0000000000 -0.0000000000  0.1550730320 -0.0000000000 -0.0000000000  0.0513608407 -0.0160587335  0.0483840921
  0.6000000000  1.0000000000  0.0000000000  0.0000000000  1.0000000000  0.0000000000  0.3251812089  0.0608355286  0.0544246539 -0.0330502316 -0.0000000000 -0.0000000000  0.1916455584  0.1088529061 -0.0949711211  0.0000000000 -0.0000000000  0.1623146107 -0.0967573973 -0.0000000000 -0.0000000000  0.1134553912 -0.0000000000 -0.0000000000  0.0759004199 -0.0575580209  0.0812799213
  0.6000000000  1.0000000000  0.0000000000  0.0000000000  1.0000000000  0.3333333333  0.3959094265  0.0864293735  0.0826139169 -0.0363547955 -0.0000000000 -0.0000000000  0.3088115618  0.1262835914 -0.0596424361 -0.0000000000 -0.0000000000  0.2816800330 -0.0604839442 -0.0000000000 -0.0000000000  0.1340569071 -0.0000000000 -0.0000000000  0.0839680600 -0.0459798991  0.0855145206
  0.6000000000  1.0000000000  0.0000000000  0.0000000000  1.0000000000  0.6666666667  0.2345158645  0.0620796003  0.0606350911 -0.0126593895 -0.0000000000 -0.0000000000  0.4459728225  0.1394804330 -0.0174042160  0.0000000000 -0.0000000000  0.4160322359 -0.0178116767 -0.0000000000 -0.0000000000  0.1561984430 -0.0000000000 -0.0000000000  0.0534822953 -0.0218009830  0.0523258308
  0.6000000000  1.0000000000  0.0000000000  0.0000000000  1.0000000000  1.0000000000  0.2172063799  0.0598510777  0.0578755940 -0.0121619567 -0.0000000000 -0.0000000000  0.4521016246  0.1406313954 -0.0173939129  0.0000000000 -0.0000000000  0.4218116058 -0.0172841805 -0.0000000000  0.0000000000  0.1574981006 -0.0000000000 -0.0000000000  0.0519996094 -0.0200871964  0.0505322142
  0.6000000000  1.0000000000  0.0000000000  0.3333333333  0.0000000000  0.0000000000  0.5181997159  0.1350579277  0.0771228234 -0.0063125546  0.0000454922 -0.0000180865  0.4170161171  0.0553500708 -0.0081692145  0.0000307022 -0.0000050779  0.2346819758 -0.0136176534  0.0000849399 -0.0000141797  0.0366274988 -0.0000924585  0.0000028576  0.0798192879 -0.0052108910  0.1517603344
  0.6000000000  1.0000000000  0.0000000000  0.3333333333  0.0000000000  0.3333333333  0.4798018359  0.1225809334  0.0561160402  0.0101921036  0.0052417512 -0.0008498810  0.3946411075  0.0430990840  0.0160347527  0.0009966005 -0.0001818400  0.1872712973  0.0304456856  0.0065019476 -0.0001013309  0.0390293329 -0.0009785163  0.0002882350  0.0676471456  0.0084169749  0.1461662183
  0.6000000000  1.0000000000  0.0000000000  0.3333333333  0.0000000000  0.6666666667  0.4222362014  0.0909197539  0.0585803630  0.0240479775  0.0004900994 -0.0001687536  0.2782158181  0.0740483824  0.0597231740  0.0001145407 -0.0001565627  0.1969646886  0.0641994745  0.0003195756  0.0001526578  0.0731829581  0.0001221834  0.0000965139  0.0803279001  0.0258606539  0.1184497829
  0.6000000000  1.0000000000  0.0000000000  0.3333333333  0.0000000000  1.0000000000  0.3376201712  0.0672748100  0.0639096369  0.0282356553  0.0186825855 -0.0122107608  0.2055107578  0.1067980622  0.0848352902  0.0032706895 -0.0112718447  0.1876040266  0.0861560724  0.0163047645 -0.0005066307  0.1059587201  0.0009279888  0.0025595778  0.0813863961  0.0493552107  0.0872408233
  0.6000000000  1.0000000000  0.0000000000  0.3333333333  0.3333333333  0.0000000000  0.4130662236  0.0944152839  0.0476854324 -0.0254241139  0.0019755621 -0.0004296378  0.2918729811  0.0778279658 -0.0661682892  0.0001202969 -0.0000564422  0.1458208787 -0.0699908336  0.0005437748 -0.0000894659  0.0767244705 -0.0001758862  0.0000350328  0.0652759500 -0.0316268108  0.1213056156
  0.6000000000  1.0000000000  0.0000000000  0.3333333333  0.3333333333  0.3333333333  0.4075280712  0.0861757877  0.0813861212 -0.0390755517 -0.0004369793  0.0001585522  0.2933503405  0.1201328265 -0.0613692265 -0.0015098791  0.0017196933  0.2544950424 -0.0628083707 -0.0048209414 -0.0016767291  0.1303113941 -0.0008686666 -0.0022020327  0.0858630144 -0.0494002238  0.0870663993
  0.6000000000  1.0000000000  0.0000000000  0.3333333333  0.3333333333  0.6666666667  0.3653530506  0.0858035094  0.0798689916 -0.0324300562  0.0016076705  0.0011474633  0.3383441191  0.1281671391 -0.0524294488  0.0005121605  0.0010682031  0.3024353650 -0.0533146286  0.0013881727  0.0002750695  0.1370723356  0.0000844891  0.0002096366  0.0805574691 -0.0413459668  0.0835422988
  0.6000000000  1.0000000000  0.0000000000  0.3333333333  0.3333333333  1.0000000000  0.2348278613  0.0681897448  0.0531904737 -0.0016508540  0.0018222144 -0.0004579683  0.4866802928  0.1316405173 -0.0022335505  0.0006918496 -0.0001875421  0.4138515087 -0.0004777921  0.0015614616 -0.0002889571  0.1497698179 -0.0000252157  0.0003473937  0.0313004687 -0.0042272119  0.0697340601
  0.6000000000  1.0000000000  0.0000000000  0.3333333333  0.6666666667  0.0000000000  0.3279963583  0.0603324093  0.0549424776 -0.0347279302 -0.0014544728  0.0005571303  0.1827136922  0.1086018317 -0.0972054536 -0.0001210352  0.0017601780  0.1518380206 -0.0986587149 -0.0017619725  0.0012505143  0.1117193400  0.0015692663 -0.0009763865  0.0769636441 -0.0601003892  0.0824419587
  0.6000000000  1.0000000000  0.0000000000  0.3333333333  0.6666666667  0.3333333333  0.4094802391  0.0871371215  0.0828072763 -0.0389109235  0.0025672987  0.0040278178  0.2886851494  0.1212639544 -0.0621494367 -0.0009068468  0.0043369528  0.2553252482 -0.0638520994 -0.0010017391  0.0007704329  0.1294372213  0.0002767414 -0.0012866079  0.0865459200 -0.0492714242  0.0886103203
  0.6000000000  1.0000000000  0.0000000000  0.3333333333  0.6666666667  0.6666666667  0.3446612375  0.0832715293  0.0786039602 -0.0285364816  0.0019680748  0.0018915826  0.3608193077  0.1296988092 -0.0463613355  0.0006607266  0.0021702056  0.3247911470 -0.0473653887  0.0023106432  0.0006000054  0.1395912196  0.0003048433  0.0002897102  0.0780465942 -0.0367017990  0.0787640792
  0.6000000000  1.0000000000  0.0000000000  0.3333333333  0.6666666667  1.0000000000  0.2312676364  0.0597835455  0.0584590839 -0.0092611090  0.0030220727  0.0018106861  0.4480019979  0.1375038407 -0.0140136764  0.0005501116  0.0013981226  0.4186020078 -0.0140514524  0.0019318803  0.0003082038  0.1552135501  0.0001346547  0.0001550743  0.0505111095 -0.0178097458  0.0500814603
  0.6000000000  1.0000000000  0.0000000000  0.3333333333  1.0000000000  0.0000000000  0.3967299996  0.0748987988  0.0683104165 -0.0413631527  0.0033189911  0.0039421340  0.2280009103  0.1107184717 -0.0836803090  0.0010968838  0.0046547345  0.1980104201 -0.0837487213  0.0032111034  0.0010342198  0.1174504772  0.0008861160  0.0000225914  0.0822285992 -0.0544981367  0.0857371457
  0.6000000000  1.0000000000  0.0000000000  0.3333333333  1.0000000000  0.3333333333  0.3942970870  0.0866431776  0.0823992645 -0.0365881654  0.0025826759  0.0036810056  0.3090587523  0.1261968553 -0.0594052799  0.0006304122  0.0040649075  0.2804968305 -0.0604306275  0.0023666446  0.0009946695  0.1340431790  0.0006360542  0.0002302212  0.0839620329 -0.0462528763  0.0863100536
  0.6000000000  1.0000000000  0.0000000000  0.3333333333  1.0000000000  0.6666666667  0.3711913953  0.0862570509  0.0815641189 -0.0309530081  0.0021133908  0.0029459327  0.3412066028  0.1279892879 -0.0501641520  0.0000815054  0.0025997346  0.3076503224 -0.0515958925  0.0010144811  0.0003845230  0.1364159511  0.0001411875 -0.0000685250  0.0812156323 -0.0397716971  0.0833878977
  0.6000000000  1.0000000000  0.0000000000  0.3333333333  1.0000000000  1.0000000000  0.2279254380  0.0592957437  0.0584755804 -0.0092068523  0.0028193383  0.0021150721  0.4493283800  0.1381592579 -0.0141811686  0.0003532924  0.0013570106  0.4209922889 -0.0141622694  0.0014824433  0.0003251508  0.1558244789  0.0000687060  0.0001030505  0.0506459528 -0.0172467071  0.0493093834
  0.6000000000  1.0000000000  0.0000000000  0.6666666667  0.0000000000  0.0000000000  0.4376574087  0.0716139139  0.0727172984 -0.0175443902  0.0185206035 -0.0155374303  0.2077929849  0.0577581338 -0.0292236806  0.0033000550 -0.0165491361  0.2177683713 -0.0254734805  0.0198523322 -0.0044047734  0.0521836772 -0.0026773016  0.0010204502  0.0930110143 -0.0296675987  0.0989400042
  0.6000000000  1.0000000000  0.0000000000  0.6666666667  0.0000000000  0.3333333333  0.2754468744  0.1019828846  0.0970952923  0.0006302678  0.0704196813 -0.0709227995  0.2591829889  0.0962787422  0.0669393151  0.0016870921 -0.0706739890  0.2539622319  0.0711359120  0.0715871077 -0.0009144080  0.0999326712 -0.0100869166  0.0052459247  0.1001925759  0.0056674414  0.1089602265
  0.6000000000  1.0000000000  0.0000000000  0.6666666667  0.0000000000  0.6666666667  0.2637712179  0.0970297475  0.0949724133  0.0022942198  0.0721179278 -0.0722443443  0.2542246674  0.1001006275  0.0781123530 -0.0006454457 -0.0715105558  0.2432686621  0.0781320887  0.0694957014  0.0002054454  0.1085442095 -0.0045482414  0.0042739060  0.0994042482  0.0120172201  0.1008064832
  0.6000000000  1.0000000000  0.0000000000  0.6666666667  0.0000000000  1.0000000000  0.2840869183  0.0961945551  0.0939990028  0.0079336941  0.0646779470 -0.0634889159  0.2661655124  0.1030943180  0.0753576695  0.0032123408 -0.0608865751  0.2509799729  0.0759025447  0.0601138779 -0.0023786045  0.1153572822 -0.0031824023  0.0041658571  0.0988792840  0.0199319892  0.0971427244
  0.6000000000  1.0000000000  0.0000000000  0.6666666667  0.3333333333  0.0000000000  0.4086649596  0.0947535234  0.0517748540 -0.0262556011  0.0032279437 -0.0007578720  0.2889501120  0.0806488456 -0.0657942035  0.0004600489 -0.0002027101  0.1561336614 -0.0713580786  0.0014559658 -0.0004376541  0.0763572589 -0.0005137616  0.0001905403  0.0699686389 -0.0326429071  0.1193124762
  0.6000000000  1.0000000000  0.0000000000  0.6666666667  0.3333333333  0.3333333333  0.4064180928  0.0903724459  0.0701582798 -0.0354845711 -0.0012868291  0.0030060094  0.2695796455  0.1022207363 -0.0633054379 -0.0011075503  0.0054431078  0.1902480158 -0.0655369933 -0.0002126816 -0.0007382498  0.1100081335 -0.0003857144 -0.0015378947  0.0801393559 -0.0428694007  0.1003865704
  0.6000000000  1.0000000000  0.0000000000  0.6666666667  0.3333333333  0.6666666667  0.3661200762  0.0865587462  0.0823152236 -0.0315298173  0.0044660955  0.0049133330  0.3289495838  0.1262769721 -0.0492203177  0.0004930669  0.0056523511  0.2952604896 -0.0499959018  0.0026373975  0.0005084939  0.1345050365  0.0002137518 -0.0009449251  0.0815742988 -0.0413080627  0.0824372956
  0.6000000000  1.0000000000  0.0000000000  0.6666666667  0.3333333333  1.0000000000  0.3171194711  0.0734768739  0.0731233226 -0.0013761840  0.0086029065 -0.0047037926  0.3430090339  0.1052027643 -0.0005024608  0.0005041127 -0.0031720405  0.3388179318 -0.0006130392  0.0076429198  0.0000286164  0.1025468291 -0.0011775156  0.0016017698  0.0756754826 -0.0025182719  0.0763814077
  0.6000000000  1.0000000000  0.0000000000  0.6666666667  0.6666666667  0.0000000000  0.3299851970  0.0625641608  0.0571198361 -0.0342390392  0.0010585870  0.0012951282  0.1875158812  0.1095693455 -0.0944474477 -0.0002156215  0.0020875900  0.1553397571 -0.0955584257  0.0000822204  0.0009782450  0.1117106922  0.0009788217 -0.0004870086  0.0790888307 -0.0597733701  0.0828357718
  0.6000000000  1.0000000000  0.0000000000  0.6666666667  0.6666666667  0.3333333333  0.4492927458  0.0832447776  0.0797801882 -0.0508566730  0.0020880853  0.0042432473  0.2252208753  0.1175088465 -0.0860012834 -0.0006764021  0.0052610172  0.1954723820 -0.0861393112 -0.0000799048  0.0004052390  0.1220461732  0.0001720418 -0.0007637251  0.0883832926 -0.0666363769  0.0877455083
  0.6000000000  1.0000000000  0.0000000000  0.6666666667  0.6666666667  0.6666666667  0.3992788380  0.0886194920  0.0831842010 -0.0357024264  0.0033019621  0.0084088851  0.3117893503  0.1181897902 -0.0570062288 -0.0016762282  0.0105300447  0.2524877396 -0.0580330557 -0.0014909822  0.0004571956  0.1298709390  0.0004687932 -0.0034258528  0.0868542539 -0.0463780959  0.0872469392
  0.6000000000  1.0000000000  0.0000000000  0.6666666667  0.6666666667  1.0000000000  0.2828202252  0.0697056037  0.0660045506 -0.0178221162  0.0053007216  0.0029369257  0.3894622052  0.1260673722 -0.0246731095  0.0004180299  0.0038039132  0.3570069171 -0.0253617689  0.0045427470  0.0005036698  0.1410094058  0.0003039099  0.0004063599  0.0653268210 -0.0275522162  0.0670166207
  0.6000000000  1.0000000000  0.0000000000  0.6666666667  1.0000000000  0.0000000000  0.3271194803  0.0616423584  0.0557948429 -0.0341545526 -0.0010996236  0.0038656747  0.1858392231  0.1085140797 -0.0960176230 -0.0004354474  0.0050881215  0.1556981797 -0.0971735856 -0.0014415678  0.0019504048  0.1112361999  0.0023030397 -0.0012301336  0.0773107011 -0.0593565387  0.0829710030
  0.6000000000  1.0000000000  0.0000000000  0.6666666667  1.0000000000  0.3333333333  0.4212926187  0.0713924679  0.0660996421 -0.0507415205 -0.0001496636  0.0004537477  0.1746067021  0.1157248749 -0.0997654646 -0.0006987181  0.0012715982  0.1516465870 -0.0997959559 -0.0010835255 -0.0007604359  0.1203939211 -0.0006350948  0.0000246846  0.0849576683 -0.0715868297  0.0854424744
  0.6000000000  1.0000000000  0.0000000000  0.6666666667  1.0000000000  0.6666666667  0.4041218376  0.0892358218  0.0832881448 -0.0367572419  0.0038386668  0.0101538272  0.3046354483  0.1162306428 -0.0605984520 -0.0025156556  0.0119380669  0.2417869309 -0.0609948560 -0.0027455701  0.0005395409  0.1276910604  0.0006810382 -0.0041889771  0.0890559813 -0.0487636544  0.0888712917
  0.6000000000  1.0000000000  0.0000000000  0.6666666667  1.0000000000  1.0000000000  0.3193085783  0.0767425909  0.0747173362 -0.0200110950  0.0032030869  0.0043667666  0.3697882075  0.1262479031 -0.0302025797 -0.0002936407  0.0046317779  0.3356777017 -0.0313102119 -0.0002248955  0.0007726503  0.1387694776 -0.0000535071 -0.0012642071  0.0729619422 -0.0307085924  0.0717186801
  0.6000000000  1.0000000000  0.0000000000  1.0000000000  0.0000000000  0.0000000000  0.2533632001  0.0673206186  0.0784609731 -0.0166128234  0.0616771418 -0.0107397961  0.2594964257  0.0673856230 -0.0406520982  0.0253350751 -0.0110350918  0.1459290198 -0.0381340529  0.0622668036 -0.0125995040  0.0782235238 -0.0134841755  0.0325997784  0.0834765232 -0.0208198528  0.0853666629
  0.6000000000  1.0000000000  0.0000000000  1.0000000000  0.0000000000  0.3333333333  0.2871007974  0.1096570621  0.0982600370  0.0013003272  0.0468451504 -0.0633837475  0.2725626629  0.0948047531  0.0380397465  0.0052889513 -0.0636995921  0.3245834917  0.0417963043  0.0481873720 -0.0146271800  0.0933780262 -0.0275434742  0.0059054778  0.0943078644  0.0010811974  0.1175617815
  0.6000000000  1.0000000000  0.0000000000  1.0000000000  0.0000000000  0.6666666667  0.2585481913  0.0979658659  0.1033217893  0.0003403707  0.0654800907 -0.0600078523  0.2811739442  0.0993152732  0.0571580607  0.0055762544 -0.0617787606  0.2766290888  0.0577825982  0.0652344879 -0.0029185646  0.0957236615 -0.0075576165  0.0150757115  0.1039416341  0.0041257441  0.0954345496
  0.6000000000  1.0000000000  0.0000000000  1.0000000000  0.0000000000  1.0000000000  0.2512501404  0.0974360823  0.0982527503  0.0007521578  0.0694026372 -0.0666460470  0.2748641950  0.1034196634  0.0660955603  0.0019163032 -0.0662486533  0.2662394631  0.0668209303  0.0673581717 -0.0004174090  0.1067688557 -0.0041974440  0.0076563360  0.0991069631  0.0093048830  0.0953129082
  0.6000000000  1.0000000000  0.0000000000  1.0000000000  0.3333333333  0.0000000000  0.3317416930  0.0604953888  0.0575821326 -0.0347994038  0.0060900643  0.0000356461  0.1779973008  0.1080530107 -0.0953525853  0.0016739859  0.0001379065  0.1522499788 -0.0969665080  0.0052488610 -0.0011163202  0.1094543662 -0.0017119351  0.0023766497  0.0791117035 -0.0598132388  0.0826676784
  0.6000000000  1.0000000000  0.0000000000  1.0000000000  0.3333333333  0.3333333333  0.3730118898  0.0672132071  0.0658223011 -0.0400671049  0.0062166520  0.0058007871  0.1917290122  0.1170216648 -0.0831174961  0.0017879301  0.0056124233  0.1757803068 -0.0822902730  0.0043434660  0.0007415524  0.1209937442  0.0005516707  0.0007554640  0.0850352057 -0.0587597933  0.0838646576
  0.6000000000  1.0000000000  0.0000000000  1.0000000000  0.3333333333  0.6666666667  0.2773342233  0.0970888433  0.0777208126 -0.0146332989  0.0052569811  0.0016160323  0.2526245054  0.1042220528 -0.0273644018  0.0017847085  0.0032850921  0.2634648562 -0.0271816532  0.0037729160 -0.0006135556  0.1093307894 -0.0003989502  0.0012403020  0.0853364884 -0.0269227810  0.0903806399
  0.6000000000  1.0000000000  0.0000000000  1.0000000000  0.3333333333  1.0000000000  0.2660398404  0.0897633384  0.0872860062 -0.0051295140  0.0110133777 -0.0059663619  0.3275569053  0.1030779418  0.0000192062  0.0032884198 -0.0080481304  0.3136272751  0.0001131002  0.0137372811 -0.0017089809  0.1097389295 -0.0017534883  0.0020012017  0.0808222709 -0.0064191861  0.0832764776
  0.6000000000  1.0000000000  0.0000000000  1.0000000000  0.6666666667  0.0000000000  0.3367330293  0.0660912072  0.0610364097 -0.0330629573  0.0059778674  0.0048224416  0.1996500949  0.1066563164 -0.0906299551  0.0010243742  0.0051356567  0.1620642252 -0.0924073596  0.0060229275  0.0004763578  0.1067097451  0.0006742581  0.0005435173  0.0803274681 -0.0565587985  0.0859162105
  0.6000000000  1.0000000000  0.0000000000  1.0000000000  0.6666666667  0.3333333333  0.3799094564  0.0631152221  0.0615625416 -0.0448661813  0.0009667724  0.0035003501  0.1649092801  0.1185275533 -0.0957193866  0.0008126421  0.0038290001  0.1544651032 -0.0948846436 -0.0001316791  0.0003992929  0.1206003881  0.0007962695  0.0000476976  0.0841577034 -0.0658340483  0.0838064934
  0.6000000000  1.0000000000  0.0000000000  1.0000000000  0.6666666667  0.6666666667  0.3710872077  0.0827802084  0.0754609805 -0.0310446311  0.0074674891  0.0125750644  0.2673575778  0.1177293003 -0.0523288000  0.0013618782  0.0141384948  0.2382363925 -0.0527361150  0.0028515981  0.0001809071  0.1274509923  0.0007293333 -0.0016336611  0.0855539098 -0.0435104310  0.0867297298
  0.6000000000  1.0000000000  0.0000000000  1.0000000000  0.6666666667  1.0000000000  0.2687916212  0.0641865312  0.0573910167 -0.0149748188  0.0072395937  0.0064138503  0.2518968790  0.1081392155 -0.0195465901  0.0000167037  0.0044947474  0.2179381665 -0.0186656871  0.0068425366  0.0010749470  0.1127453971  0.0008212876 -0.0000496073  0.0758478201 -0.0253720218  0.0794146202
  0.6000000000  1.0000000000  0.0000000000  1.0000000000  1.0000000000  0.0000000000  0.3371858406  0.0652661240  0.0595559969 -0.0328699494  0.0023323663  0.0068909962  0.1946717426  0.1067414100 -0.0913128467  0.0000737091  0.0068515668  0.1604857926 -0.0924677372  0.0022949230  0.0015952604  0.1067532032  0.0018779113 -0.0008265978  0.0794145980 -0.0569024744  0.0858820383
  0.6000000000  1.0000000000  0.0000000000  1.0000000000  1.0000000000  0.3333333333  0.3811144904  0.0630134013  0.0612989098 -0.0453539068  0.0002182817  0.0027160030  0.1625761138  0.1183772800 -0.0972298759  0.0001713268  0.0028993814  0.1530294591 -0.0963769162 -0.0009561095  0.0000086390  0.1204300062  0.0005162256 -0.0002474129  0.0840530429 -0.0663773455  0.0838578921
  0.6000000000  1.0000000000  0.0000000000  1.0000000000  1.0000000000  0.6666666667  0.4144766459  0.0877406521  0.0840395552 -0.0392394077  0.0057603316  0.0117509667  0.2710133704  0.1194138398 -0.0652588347 -0.0007560057  0.0128848436  0.2348213872 -0.0665283301 -0.0002707150  0.0003623345  0.1265810653  0.0007751172 -0.0031822654  0.0905250934 -0.0530499408  0.0892350062
  0.6000000000  1.0000000000  0.0000000000  1.0000000000  1.0000000000  1.0000000000  0.3369499826  0.0787479008  0.0721621340 -0.0240944892  0.0103587059  0.0140765969  0.2765216295  0.1133379464 -0.0418887091  0.0012135508  0.0159592363  0.2403145739 -0.0427408576  0.0068768194  0.0000797930  0.1237047255  0.0005927659 -0.0011243501  0.0831760754 -0.0351742290  0.0861522480
  0.6000000000  1.0000000000  0.3333333333  0.0000000000  0.0000000000  0.0000000000  0.5181997159  0.1350579277  0.0771228234  0.0063125546  0.0000454922  0.0000180865  0.4170161171  0.0553500708  0.0081692145  0.0000307022  0.0000050779  0.2346819758  0.0136176534  0.0000849399  0.0000141797  0.0366274988  0.0000924585  0.0000028576  0.0798192879  0.0052108910  0.1517603344
  0.6000000000  1.0000000000  0.3333333333  0.0000000000  0.0000000000  0.3333333333  0.4367879471  0.0995126458  0.0564096925  0.0226055333  0.0002511102  0.0002821120  0.3047803325  0.0687292419  0.0530191453  0.0001158260  0.0001738226  0.1801986384  0.0569701453  0.0001095071  0.0000739371  0.0635686396  0.0001229111  0.0000542839  0.0732143967  0.0237946535  0.1255118049
  0.6000000000  1.0000000000  0.3333333333  0.0000000000  0.0000000000  0.6666666667  0.4183909686  0.0958804489  0.0552964976  0.0252818084  0.0010166034  0.0000813935  0.2909766764  0.0779734679  0.0614247067 -0.0007513259 -0.0001873946  0.1701518062  0.0664386011 -0.0002711687 -0.0003147490  0.0713809950 -0.0010299973 -0.0004937216  0.0725210441  0.0300918525  0.1207420893
  0.6000000000  1.0000000000  0.3333333333  0.0000000000  0.0000000000  1.0000000000  0.4885537803  0.0757163929  0.0800714217  0.0545261103 -0.0006660012  0.0013593576  0.1739848599  0.1082068742  0.0950622898 -0.0002548588  0.0011100633  0.1931645113  0.0940709922 -0.0007522965  0.0002441685  0.1052939470 -0.0000376002 -0.0000768498  0.0969030567  0.0621557832  0.0953025333
  0.6000000000  1.0000000000  0.3333333333  0.0000000000  0.3333333333  0.0000000000  0.4138930584  0.0980716239  0.0455292775 -0.0244600244  0.0029315742  0.0002621680  0.3093135140  0.0737018901 -0.0631394320  0.0006107166  0.0001842930  0.1416895543 -0.0675761073  0.0015149338 -0.0002350569  0.0752889368 -0.0002255648  0.0002167381  0.0631792272 -0.0294109409  0.1239896852
  0.6000000000  1.0000000000  0.3333333333  0.0000000000  0.3333333333  0.3333333333  0.3846899102  0.0892196086  0.0834176630 -0.0327290497  0.0128140957  0.0154194430  0.3161490627  0.1208315801 -0.0558455131  0.0012794583  0.0158321846  0.2681143711 -0.0574504380  0.0080151319  0.0014109624  0.1317656482  0.0006100225 -0.0011440632  0.0862064041 -0.0431605621  0.0872246662
  0.6000000000  1.0000000000  0.3333333333  0.0000000000  0.3333333333  0.6666666667  0.3215203862  0.0918902623  0.0840539852 -0.0082205815  0.0106008481  0.0116355801  0.3289929438  0.1125070150 -0.0269171053  0.0026476404  0.0089119027  0.3042186821 -0.0172248038  0.0090339829  0.0013373749  0.1109597846  0.0001366808  0.0024890917  0.0771326433 -0.0137215396  0.0854495058
  0.6000000000  1.0000000000  0.3333333333  0.0000000000  0.3333333333  1.0000000000  0.2922086723  0.0652372088  0.0573971191  0.0174000846  0.0001020135  0.0021326793  0.2602670015  0.1151787490  0.0325860955 -0.0017192441  0.0028000153  0.2067818001  0.0329642924  0.0019318458 -0.0025725260  0.1216369689 -0.0015964294  0.0010449473  0.0772001144  0.0275821758  0.0803023641
  0.6000000000  1.0000000000  0.3333333333  0.0000000000  0.6666666667  0.0000000000  0.3791746539  0.0780702273  0.0768355023 -0.0270144621  0.0121999489  0.0124706540  0.3034009654  0.1150604285 -0.0472022624  0.0029338765  0.0098281115  0.2805665880 -0.0497176265  0.0094331414  0.0022369325  0.1256602203  0.0014580798  0.0015179954  0.0813806375 -0.0365519292  0.0799798373
  0.6000000000  1.0000000000  0.3333333333  0.0000000000  0.6666666667  0.3333333333  0.3811133563  0.0875787876  0.0836359097 -0.0320330235  0.0142571117  0.0139696256  0.3206301568  0.1259903664 -0.0549950040  0.0021686447  0.0126277753  0.2904696415 -0.0570133489  0.0120567570  0.0016869358  0.1341598184  0.0004414164  0.0003990961  0.0849999839 -0.0418286016  0.0859781946
  0.6000000000  1.0000000000  0.3333333333  0.0000000000  0.6666666667  0.6666666667  0.2560775654  0.0675537022  0.0586642041 -0.0020121776  0.0024758056  0.0017822898  0.4758691282  0.1342789940 -0.0041451849  0.0009275905  0.0016304379  0.4215852236 -0.0009556084  0.0016107353  0.0002487884  0.1525077204  0.0000168360  0.0010072363  0.0364296828 -0.0044750810  0.0726403439
  0.6000000000  1.0000000000  0.3333333333  0.0000000000  0.6666666667  1.0000000000  0.2489814403  0.0692956725  0.0570276294  0.0024979239  0.0006698852  0.0003095229  0.4871651781  0.1345075248  0.0051781083  0.0001842146 -0.0000805611  0.4208213340  0.0009296512  0.0003539648  0.0002977416  0.1527668809  0.0000941822 -0.0001157905  0.0367906446  0.0064368556  0.0735831577
  0.6000000000  1.0000000000  0.3333333333  0.0000000000  1.0000000000  0.0000000000  0.4171343748  0.0872344992  0.0846269695 -0.0406002788  0.0166629687  0.0168524801  0.2484927481  0.1186820645 -0.0788627174  0.0034946290  0.0188014596  0.2288815122 -0.0794568980  0.0160433316  0.0033545952  0.1246451409  0.0018300213  0.0021888281  0.0903355822 -0.0545811268  0.0900728860
  0.6000000000  1.0000000000  0.3333333333  0.0000000000  1.0000000000  0.3333333333  0.3505991618  0.0838479225  0.0807610201 -0.0286481278  0.0172321598  0.0164119678  0.3380855435  0.1273679773 -0.0529975072  0.0031249817  0.0144595488  0.3070627733 -0.0544518009  0.0141941664  0.0025036404  0.1379321267  0.0007969277  0.0011534476  0.0828951449 -0.0378259220  0.0820410019
  0.6000000000  1.0000000000  0.3333333333  0.0000000000  1.0000000000  0.6666666667  0.2183172454  0.0601815417  0.0586790848 -0.0120554239  0.0108231315  0.0096223600  0.4494413194  0.1403301101 -0.0179385592  0.0015831956  0.0065153889  0.4198575315 -0.0180768765  0.0066006725  0.0013767893  0.1570168680  0.0003953738  0.0002490937  0.0534952457 -0.0202859035  0.0512129570
  0.6000000000  1.0000000000  0.3333333333  0.0000000000  1.0000000000  1.0000000000  0.2381703990  0.0574589540  0.0576082080  0.0002592689 -0.0019685906  0.0004738472  0.4626302827  0.1338910686  0.0011004198 -0.0010360148  0.0005544074  0.4336528686 -0.0005041811 -0.0022804625 -0.0004621594  0.1541180651 -0.0005790024 -0.0011689027  0.0481095920  0.0019283205  0.0503074549
  0.6000000000  1.0000000000  0.3333333333  0.3333333333  0.0000000000  0.0000000000  0.4927561562  0.0000000040  0.1380744935 -0.0000000000  0.0046760680 -0.0000000000  0.0000000121  0.0000000037 -0.0000000000  0.0000000003  0.0000000000  0.4963752632 -0.0000000000  0.0055734325  0.0000000000  0.0000000035 -0.0000000000 -0.0000000000  0.1758939439 -0.0000000000  0.0000000035
  0.6000000000  1.0000000000  0.3333333333  0.3333333333  0.0000000000  0.3333333333  0.4557883797  0.0481111818  0.1261030126  0.0119123926  0.0005256243 -0.0014159134  0.1645797273  0.0446440239  0.0342103924 -0.0000427207 -0.0031257595  0.4330438888  0.0201789123 -0.0000361665 -0.0005890894  0.0387835738 -0.0000317135  0.0000480628  0.1508727361  0.0099927289  0.0607164918
  0.6000000000  1.0000000000  0.3333333333  0.3333333333  0.0000000000  0.6666666667  0.3395763550  0.0644126025  0.0668961313  0.0292843955  0.0116042035 -0.0160466423  0.1833487944  0.1086118891  0.0857112451  0.0013582371 -0.0137769340  0.2035106753  0.0824957465  0.0111025493 -0.0024131337  0.1040083266 -0.0029420499 -0.0002578827  0.0862720009  0.0500107473  0.0793456649
  0.6000000000  1.0000000000  0.3333333333  0.3333333333  0.0000000000  1.0000000000  0.3050519135  0.0548581275  0.0537470067  0.0274752520  0.0176570620 -0.0145505798  0.1805973675  0.1080787816  0.0885702956  0.0027589620 -0.0132731729  0.1688864638  0.0899037258  0.0136698903 -0.0027095338  0.1080935153 -0.0018293380  0.0033176177  0.0762683149  0.0479756887  0.0767981827
  0.6000000000  1.0000000000  0.3333333333  0.3333333333  0.3333333333  0.0000000000  0.4087081264  0.0781496516  0.0739685096 -0.0416518917  0.0128597906  0.0103467207  0.2092213574  0.1115988805 -0.0868276863  0.0034590164  0.0108396330  0.1839107845 -0.0874121205  0.0120560379  0.0021525845  0.1122289987  0.0001860329  0.0022448541  0.0880239213 -0.0577821377  0.0910759602
  0.6000000000  1.0000000000  0.3333333333  0.3333333333  0.3333333333  0.3333333333  0.3735961886  0.0815723709  0.0780899967 -0.0322104369  0.0041259151  0.0009508757  0.3128112615  0.1161608398 -0.0568913207  0.0022320436 -0.0006566907  0.2507316714 -0.0584362672  0.0068444499  0.0021842167  0.1278022054  0.0007731347  0.0032431922  0.0836353898 -0.0439733725  0.0816919232
  0.6000000000  1.0000000000  0.3333333333  0.3333333333  0.3333333333  0.6666666667  0.2988315861  0.0840562179  0.0728374208 -0.0003904617  0.0035534331  0.0001427220  0.2878522736  0.0858905936 -0.0049044578 -0.0015314590  0.0000295495  0.2720355412 -0.0051584785  0.0021399740  0.0000217294  0.0895310689 -0.0000926933 -0.0018375961  0.0709902906 -0.0005367180  0.0827276960
  0.6000000000  1.0000000000  0.3333333333  0.3333333333  0.3333333333  1.0000000000  0.2736907467  0.1109323308  0.1108943890  0.0000682276  0.0000408447 -0.0000792303  0.2740820737  0.1110104547  0.0000947827 -0.0000806022 -0.0000639376  0.2736342127  0.0001567163 -0.0001266846 -0.0000418843  0.0810938046 -0.0000311234 -0.0000782729  0.0808617883  0.0000672443  0.0808399021
  0.6000000000  1.0000000000  0.3333333333  0.3333333333  0.6666666667  0.0000000000  0.4144156026  0.0875680989  0.0845413156 -0.0397577222  0.0180487612  0.0197207026  0.2464360330  0.1168661083 -0.0797815184  0.0036480258  0.0220812205  0.2270751636 -0.0801947384  0.0174058724  0.0041015144  0.1237904676  0.0023693581  0.0018522581  0.0909005107 -0.0532878673  0.0902060233
  0.6000000000  1.0000000000  0.3333333333  0.3333333333  0.6666666667  0.3333333333  0.3708550423  0.0876230881  0.0839178678 -0.0310789286  0.0198989618  0.0197706997  0.3208893525  0.1254288485 -0.0571375563  0.0032481431  0.0182538352  0.2890449635 -0.0589274443  0.0172838299  0.0028020634  0.1346840697  0.0010706976  0.0009529433  0.0861628288 -0.0413102876  0.0856882680
  0.6000000000  1.0000000000  0.3333333333  0.3333333333  0.6666666667  0.6666666667  0.3268832683  0.0798929478  0.0781115012 -0.0230287960  0.0075314686  0.0076553523  0.3792586091  0.1300756875 -0.0368273058  0.0018256350  0.0064457072  0.3450892510 -0.0384467982  0.0060527482  0.0019471128  0.1433127095  0.0006109990  0.0002752775  0.0757573700 -0.0331888696  0.0742279846
  0.6000000000  1.0000000000  0.3333333333  0.3333333333  0.6666666667  1.0000000000  0.2452247932  0.0627244470  0.0612093727 -0.0047766715  0.0077036437  0.0049509691  0.4508916711  0.1346538668 -0.0086982512  0.0011398175  0.0038141400  0.4265744212 -0.0059805154  0.0049486129  0.0006118965  0.1509621047  0.0002600913  0.0000424393  0.0498393966 -0.0128279131  0.0577844766
  0.6000000000  1.0000000000  0.3333333333  0.3333333333  1.0000000000  0.0000000000  0.3994688127  0.0898003441  0.0849572472 -0.0367708383  0.0218885461  0.0242318157  0.2617631145  0.1149794039 -0.0770607342  0.0040367574  0.0260483446  0.2302263739 -0.0772117963  0.0194737363  0.0043646558  0.1240280205  0.0026602201  0.0019327903  0.0909113540 -0.0493904829  0.0913862887
  0.6000000000  1.0000000000  0.3333333333  0.3333333333  1.0000000000  0.3333333333  0.3595553112  0.0863024881  0.0829477573 -0.0296714095  0.0196989147  0.0190802410  0.3306512962  0.1261704560 -0.0551004646  0.0035793920  0.0180615946  0.2991337863 -0.0567589220  0.0175529910  0.0029765669  0.1363040692  0.0011747519  0.0013376561  0.0845259347 -0.0391084545  0.0838253433
  0.6000000000  1.0000000000  0.3333333333  0.3333333333  1.0000000000  0.6666666667  0.3192168373  0.0780132194  0.0760947478 -0.0230595888  0.0096820869  0.0088151643  0.3786627888  0.1297332174 -0.0383622786  0.0011710860  0.0088148328  0.3474346600 -0.0393488792  0.0081357236  0.0007487700  0.1433718258  0.0005282734  0.0008643624  0.0740599277 -0.0329956476  0.0727380974
  0.6000000000  1.0000000000  0.3333333333  0.3333333333  1.0000000000  1.0000000000  0.2109554639  0.0565663332  0.0523613838 -0.0093708043  0.0107338203  0.0075537039  0.4514518838  0.1361095175 -0.0148760663  0.0013686151  0.0064464161  0.4165651328 -0.0137249631  0.0062584822  0.0011874338  0.1551360184  0.0002700544  0.0000491416  0.0473314226 -0.0182376687  0.0524103086
  0.6000000000  1.0000000000  0.3333333333  0.6666666667  0.0000000000  0.0000000000  0.4720473564  0.0000000038  0.1376854156 -0.0000000000  0.0090237177 -0.0000000000  0.0000000121  0.0000000038  0.0000000000  0.0000000003 -0.0000000000  0.4959043698 -0.0000000000  0.0083215652  0.0000000000  0.0000000035 -0.0000000000 -0.0000000000  0.1762684558  0.0000000000  0.0000000035
  0.6000000000  1.0000000000  0.3333333333  0.6666666667  0.0000000000  0.3333333333  0.2554693394  0.0967552596  0.1015437255 -0.0011757000  0.0751489202 -0.0737363263  0.2445094025  0.0962911851  0.0722278696  0.0002161357 -0.0751021474  0.2603316640  0.0719277022  0.0743625568 -0.0001155842  0.0983938196 -0.0055701416  0.0089766219  0.1082886137  0.0038003304  0.1013182721
  0.6000000000  1.0000000000  0.3333333333  0.6666666667  0.0000000000  0.6666666667  0.2667863389  0.1020260756  0.0988402725 -0.0005406561  0.0700597078 -0.0722116830  0.2538601755  0.0967243168  0.0661556849  0.0010114402 -0.0716844403  0.2633654556  0.0693105443  0.0702257054 -0.0016901306  0.0982394192 -0.0110828143  0.0055258285  0.1005163423  0.0042910071  0.1081629251
  0.6000000000  1.0000000000  0.3333333333  0.6666666667  0.0000000000  1.0000000000  0.2585139356  0.0965609346  0.1023901173 -0.0001479797  0.0718547267 -0.0725034577  0.2381784374  0.0956229418  0.0734732666 -0.0010773177 -0.0751407099  0.2692272480  0.0726188136  0.0718519931 -0.0001463088  0.0971421334 -0.0057788245  0.0088367316  0.1096998695  0.0034279759  0.1003777707
  0.6000000000  1.0000000000  0.3333333333  0.6666666667  0.3333333333  0.0000000000  0.3998055425  0.0791910758  0.0758184958 -0.0393063983  0.0182412719  0.0128866078  0.2131363962  0.1104859535 -0.0844553121  0.0045279038  0.0133046981  0.1879339861 -0.0853678144  0.0167595537  0.0027212487  0.1115661996  0.0004419147  0.0030458936  0.0896314210 -0.0551739532  0.0915139203
  0.6000000000  1.0000000000  0.3333333333  0.6666666667  0.3333333333  0.3333333333  0.3720919251  0.0825431465  0.0760334459 -0.0290298733  0.0158855072  0.0146677329  0.2691043357  0.1116907273 -0.0542189444  0.0003923240  0.0138913790  0.2268908590 -0.0551613146  0.0140847051  0.0018718871  0.1220386131 -0.0005927075  0.0005703293  0.0887987399 -0.0422748961  0.0886258290
  0.6000000000  1.0000000000  0.3333333333  0.6666666667  0.3333333333  0.6666666667  0.3190551488  0.0888823665  0.0737719442 -0.0002041080  0.0051190926 -0.0017371381  0.3168110552  0.0762358569  0.0016777667 -0.0006890393 -0.0007538839  0.3150920909  0.0028452138  0.0070704806  0.0000332480  0.0786024264 -0.0010737105  0.0006201401  0.0793658770 -0.0001657856  0.0888622992
  0.6000000000  1.0000000000  0.3333333333  0.6666666667  0.3333333333  1.0000000000  0.3357195548  0.0769391056  0.0764619460  0.0011251136  0.0057533620 -0.0029775047  0.3430986822  0.0972440461  0.0028095409 -0.0003057666 -0.0010800547  0.3294448281  0.0028838686  0.0037340248  0.0001415405  0.0945080035  0.0000620846 -0.0001348898  0.0797142379  0.0022882925  0.0806408300
  0.6000000000  1.0000000000  0.3333333333  0.6666666667  0.6666666667  0.0000000000  0.3970714375  0.0900349606  0.0865002634 -0.0364992869  0.0248861917  0.0261978138  0.2472322649  0.1137430321 -0.0810130221  0.0045123927  0.0280901164  0.2226233617 -0.0809499622  0.0233580693  0.0051486361  0.1221177573  0.0030628148  0.0025264039  0.0918876711 -0.0504335122  0.0911180284
  0.6000000000  1.0000000000  0.3333333333  0.6666666667  0.6666666667  0.3333333333  0.3743860829  0.0875565843  0.0844220066 -0.0328030199  0.0244107966  0.0236765866  0.3029139202  0.1248530924 -0.0639417234  0.0041138595  0.0211202739  0.2745705782 -0.0647862234  0.0206701705  0.0033002955  0.1328635629  0.0011041241  0.0014592690  0.0883056517 -0.0449560578  0.0869907488
  0.6000000000  1.0000000000  0.3333333333  0.6666666667  0.6666666667  0.6666666667  0.2848804134  0.0666867748  0.0669283446 -0.0094745501  0.0170975878  0.0230404519  0.3318056433  0.1046637466 -0.0202068875  0.0002736769  0.0151686354  0.3245623385 -0.0213029075  0.0109370917  0.0031048791  0.1136883165  0.0025202418  0.0002382513  0.0679292745 -0.0226415801  0.0662398763
  0.6000000000  1.0000000000  0.3333333333  0.6666666667  0.6666666667  1.0000000000  0.2766492487  0.0629568026  0.0676197434 -0.0020278114  0.0106562317  0.0108045289  0.3275972433  0.0963017181 -0.0104377513  0.0005018408  0.0065858017  0.3440541838 -0.0092064005  0.0076418163  0.0008636793  0.1084611909  0.0009137924  0.0000951301  0.0722535211 -0.0161713079  0.0613309756
  0.6000000000  1.0000000000  0.3333333333  0.6666666667  1.0000000000  0.0000000000  0.3838171185  0.0913868111  0.0856316115 -0.0334484255  0.0290150598  0.0304082787  0.2626556844  0.1121136853 -0.0775758306  0.0047841832  0.0319709781  0.2277007228 -0.0776018567  0.0258262056  0.0049670798  0.1229171558  0.0030962532  0.0025590305  0.0915856366 -0.0465463577  0.0921409618
  0.6000000000  1.0000000000  0.3333333333  0.6666666667  1.0000000000  0.3333333333  0.3846582397  0.0918275936  0.0862090615 -0.0319685497  0.0235874719  0.0246260742  0.2948492044  0.1189324773 -0.0647292587  0.0036972741  0.0251626517  0.2628920788 -0.0654255952  0.0191864994  0.0035303618  0.1289336772  0.0023471929  0.0013542409  0.0897018390 -0.0434184337  0.0907974498
  0.6000000000  1.0000000000  0.3333333333  0.6666666667  1.0000000000  0.6666666667  0.2872529764  0.0730998800  0.0706951366 -0.0168073760  0.0183287089  0.0098746152  0.3738874226  0.1208135368 -0.0297015351  0.0023510859  0.0109489073  0.3464731401 -0.0300720074  0.0128462847  0.0005085202  0.1371299423  0.0007384609  0.0018041727  0.0695946798 -0.0265168650  0.0709661525
  0.6000000000  1.0000000000  0.3333333333  0.6666666667  1.0000000000  1.0000000000  0.2141371207  0.0539455244  0.0492469804 -0.0042667904  0.0050782967  0.0208991184  0.4432858439  0.1246996759 -0.0054463168 -0.0018397837  0.0167347578  0.4095931667 -0.0056848873  0.0019242318  0.0062985320  0.1483270522  0.0036776025 -0.0019077111  0.0519061892 -0.0103885630  0.0530790801
  0.6000000000  1.0000000000  0.3333333333  1.0000000000  0.0000000000  0.0000000000  0.1722249969  0.0580982612  0.1110609745 -0.0035684063  0.0961560692 -0.0049266056  0.3203313885  0.0594873620 -0.0071536190  0.0349541440 -0.0047096423  0.1661119014 -0.0085510520  0.0977367379 -0.0045140217  0.0763785055 -0.0040001787  0.0591667413  0.1095409680 -0.0037233988  0.0794179475
  0.6000000000  1.0000000000  0.3333333333  1.0000000000  0.0000000000  0.3333333333  0.2598178950  0.1094291015  0.0889825324  0.0024827058  0.0338928316 -0.0745912860  0.2254659828  0.0781468923  0.0223248655  0.0032763773 -0.0736858128  0.3539484428  0.0258948381  0.0308615651 -0.0280531149  0.0878519573 -0.0435708438  0.0048106715  0.0914923131  0.0003309470  0.1187302321
  0.6000000000  1.0000000000  0.3333333333  1.0000000000  0.0000000000  0.6666666667  0.2582143683  0.1051180954  0.0907655671  0.0014861545  0.0463094994 -0.0759659640  0.2290935987  0.0815496643  0.0370518030  0.0022472791 -0.0738887111  0.3245254307  0.0416821355  0.0443485670 -0.0201089238  0.0912297346 -0.0349820573  0.0028941688  0.0925018124  0.0015449275  0.1141067377
  0.6000000000  1.0000000000  0.3333333333  1.0000000000  0.0000000000  1.0000000000  0.2516663751  0.1052572284  0.0888141556  0.0018674902  0.0449492939 -0.0784920042  0.2267105046  0.0806937607  0.0375938528  0.0023386247 -0.0761314532  0.3269748027  0.0417294112  0.0434125911 -0.0211690800  0.0916465213 -0.0357189997  0.0026009363  0.0918576448  0.0016752091  0.1138981603
  0.6000000000  1.0000000000  0.3333333333  1.0000000000  0.3333333333  0.0000000000  0.3392459010  0.0776099474  0.0735037171 -0.0289494840  0.0177820121  0.0196373524  0.2187635495  0.1072211749 -0.0804752505  0.0021332307  0.0205364948  0.2174668935 -0.0767656419  0.0162909736  0.0021792973  0.0980290887 -0.0001216119  0.0017742613  0.0907451534 -0.0464686221  0.0870838603
  0.6000000000  1.0000000000  0.3333333333  1.0000000000  0.3333333333  0.3333333333  0.2653374908  0.0608318397  0.0607996070 -0.0192524064  0.0139868297  0.0032201544  0.2491403315  0.1019142914 -0.0277870472 -0.0004660935  0.0007739439  0.2149935078 -0.0276737066  0.0140237610  0.0051638887  0.1045600172  0.0025523806  0.0002825180  0.0810901378 -0.0290873475  0.0799711367
  0.6000000000  1.0000000000  0.3333333333  1.0000000000  0.3333333333  0.6666666667  0.3330081215  0.0812857387  0.0791325855 -0.0020036501  0.0088254905  0.0031691016  0.3218224712  0.0937010310 -0.0045921435 -0.0006438600  0.0016881257  0.3106709953 -0.0039962019  0.0061615145  0.0001948081  0.0898442232 -0.0000834188  0.0001940929  0.0789618379 -0.0056148859  0.0857373259
  0.6000000000  1.0000000000  0.3333333333  1.0000000000  0.3333333333  1.0000000000  0.2457657688  0.0782725945  0.0756649986 -0.0013990586  0.0036397814  0.0008548464  0.3474304254  0.1122667614 -0.0001481279  0.0007251961  0.0014164228  0.3323582557 -0.0001477418  0.0035526694 -0.0007350613  0.1170275971 -0.0008192603 -0.0000196576  0.0716706993 -0.0043063227  0.0734710546
  0.6000000000  1.0000000000  0.3333333333  1.0000000000  0.6666666667  0.0000000000  0.3739394862  0.0899422043  0.0855996429 -0.0313336478  0.0342620347  0.0344246001  0.2499716267  0.1095868561 -0.0792795049  0.0050931116  0.0346736350  0.2258762980 -0.0785733469  0.0311554381  0.0050333729  0.1175578717  0.0027219305  0.0029783080  0.0940061976 -0.0443554167  0.0929621270
  0.6000000000  1.0000000000  0.3333333333  1.0000000000  0.6666666667  0.3333333333  0.3768484927  0.0849448190  0.0753105753 -0.0313911234  0.0150587965  0.0170527269  0.2656416893  0.1109159570 -0.0629060723  0.0008211689  0.0171062826  0.2167904839 -0.0638319400  0.0106859866  0.0012185404  0.1206432792 -0.0002181670  0.0001162473  0.0879347923 -0.0455760150  0.0907621996
  0.6000000000  1.0000000000  0.3333333333  1.0000000000  0.6666666667  0.6666666667  0.2744882257  0.1112084873  0.1108368886 -0.0006934095  0.0000249958  0.0002777247  0.2742223995  0.1110536304 -0.0011742157 -0.0000023647  0.0002675175  0.2728833609 -0.0011512017  0.0000750361  0.0001258505  0.0807983160  0.0000920945 -0.0000070063  0.0806607278 -0.0005405966  0.0810197946
  0.6000000000  1.0000000000  0.3333333333  1.0000000000  0.6666666667  1.0000000000  0.3036844489  0.0854535954  0.0891842543 -0.0000446796  0.0013800828  0.0055948180  0.3407717572  0.0812815107 -0.0025284190 -0.0000158038  0.0080232773  0.2961193487 -0.0017049291  0.0001798671 -0.0011134519  0.0832665392 -0.0002187389 -0.0014613465  0.0847123593 -0.0010281027  0.0879417883
  0.6000000000  1.0000000000  0.3333333333  1.0000000000  1.0000000000  0.0000000000  0.3441644489  0.0943430524  0.0897141282 -0.0222016638  0.0460405872  0.0465521694  0.2610400934  0.1063942625 -0.0787957190  0.0043966373  0.0460700429  0.2336783875 -0.0785187899  0.0422355743  0.0043765861  0.1181085103  0.0029435058  0.0033637077  0.0958764503 -0.0353776602  0.0954911970
  0.6000000000  1.0000000000  0.3333333333  1.0000000000  1.0000000000  0.3333333333  0.3519422493  0.1121440506  0.1016569533 -0.0128515440  0.0145544668  0.0324290474  0.3348349593  0.1090884493 -0.0407050277 -0.0019160720  0.0316466748  0.2862376293 -0.0443010111  0.0120509521  0.0037249026  0.1131171929  0.0089471854 -0.0057117022  0.0931252722 -0.0208879882  0.1097807946
  0.6000000000  1.0000000000  0.3333333333  1.0000000000  1.0000000000  0.6666666667  0.2941612976  0.0813295650  0.0797902138 -0.0020502364  0.0113934436  0.0303469952  0.2926912563  0.0836628762 -0.0108039299 -0.0015836060  0.0268541204  0.2734728156 -0.0133003932  0.0094808961  0.0022525266  0.0837844741  0.0060182339 -0.0007551464  0.0800223231 -0.0145310276  0.0862352637
  0.6000000000  1.0000000000  0.3333333333  1.0000000000  1.0000000000  1.0000000000  0.2736813457  0.1111011657  0.1107912119 -0.0004098961 -0.0003422132  0.0006113362  0.2743706808  0.1109804787 -0.0006861159 -0.0002308975  0.0005917071  0.2731615726 -0.0006360008 -0.0003556428  0.0002976855  0.0809160501  0.0001636329 -0.0001935345  0.0808105318 -0.0003110754  0.0810545897
  0.6000000000  1.0000000000  0.6666666667  0.0000000000  0.0000000000  0.0000000000  0.4516305036  0.1208147555  0.0453917469  0.0076617317  0.0309636039  0.0048892703  0.3980500459  0.0316511695  0.0103157510  0.0106122841  0.0039113716  0.1386947512  0.0145809494  0.0334514269  0.0039868647  0.0342758697  0.0080978840  0.0062766837  0.0536552443  0.0055245162  0.1472247974
  0.6000000000  1.0000000000  0.6666666667  0.0000000000  0.0000000000  0.3333333333  0.3474774949  0.0703129624  0.0686664543  0.0343876975 -0.0003225754  0.0083146015  0.1710982391  0.1093973102  0.0855165038 -0.0006763415  0.0070254867  0.1898385206  0.0843365399  0.0009791033  0.0019109601  0.1046296981  0.0022570748  0.0008803495  0.0861143696  0.0574792036  0.0830929342
  0.6000000000  1.0000000000  0.6666666667  0.0000000000  0.0000000000  0.6666666667  0.3843991797  0.0738534949  0.0704147749  0.0296930144  0.0048400516  0.0017487139  0.2112825787  0.0929179207  0.0729840083  0.0005538663  0.0006621107  0.2029489315  0.0742578222  0.0045768166  0.0008508656  0.0834746222 -0.0000158013  0.0002847873  0.0892747540  0.0418985203  0.0986653212
  0.6000000000  1.0000000000  0.6666666667  0.0000000000  0.0000000000  1.0000000000  0.3597053361  0.0644682829  0.0607874155  0.0333829542  0.0013568839  0.0008172680  0.1802564444  0.1036709772  0.0887986105 -0.0004571382  0.0006967121  0.1586933566  0.0901275693  0.0012664083  0.0001403213  0.1002607006 -0.0001252536 -0.0003565770  0.0798841039  0.0551085889  0.0879284978
  0.6000000000  1.0000000000  0.6666666667  0.0000000000  0.3333333333  0.0000000000  0.2576226799  0.0992819638  0.0980491589  0.0001772977  0.0748939222  0.0729159245  0.2541873522  0.0985634678 -0.0743540850  0.0001815398  0.0737085723  0.2458266283 -0.0751246070  0.0747163649 -0.0007843527  0.1002104122  0.0067535793  0.0066272447  0.1007329224 -0.0056688310  0.1029504930
  0.6000000000  1.0000000000  0.6666666667  0.0000000000  0.3333333333  0.3333333333  0.3139671342  0.0957644446  0.0866627075 -0.0017622002  0.0167976538  0.0133045036  0.2994205284  0.0854563077 -0.0182740912  0.0028971570  0.0130231083  0.2642206483 -0.0168431259  0.0193708071 -0.0002861517  0.0838034544  0.0006967657  0.0034825943  0.0790721993 -0.0024620428  0.1029538017
  0.6000000000  1.0000000000  0.6666666667  0.0000000000  0.3333333333  0.6666666667  0.3304640836  0.1011410070  0.0931473812 -0.0015712787  0.0084191160  0.0056675199  0.3032444812  0.0952950494 -0.0097946177 -0.0003242675  0.0060803635  0.2455600041 -0.0063178010  0.0045765232 -0.0023964293  0.0880622170 -0.0009665156 -0.0000970996  0.0875241592  0.0008091976  0.1086974743
  0.6000000000  1.0000000000  0.6666666667  0.0000000000  0.3333333333  1.0000000000  0.3569798871  0.0768626786  0.0716369381  0.0280657979  0.0011597852  0.0058119288  0.2556548248  0.1172795553  0.0456016844 -0.0015053975  0.0086973332  0.2243578755  0.0452262695  0.0059005757 -0.0027767495  0.1243252835 -0.0003179044  0.0023729577  0.0836723538  0.0398853929  0.0867089439
  0.6000000000  1.0000000000  0.6666666667  0.0000000000  0.6666666667  0.0000000000  0.2589782119  0.0969627486  0.0954898216 -0.0017411834  0.0734805999  0.0722246026  0.2560825735  0.1009153281 -0.0782382798  0.0002006155  0.0709747737  0.2430789222 -0.0780015650  0.0706222065 -0.0004546595  0.1085806985  0.0038556452  0.0055620785  0.1016648210 -0.0112499898  0.1010775920
  0.6000000000  1.0000000000  0.6666666667  0.0000000000  0.6666666667  0.3333333333  0.2940504852  0.0781739717  0.0842146448 -0.0082082137  0.0398217322  0.0306011304  0.3094070526  0.1005075611 -0.0393471647  0.0045649201  0.0254884880  0.3041221875 -0.0393629076  0.0347418896  0.0012247731  0.1143748618 -0.0011959221  0.0068099296  0.0869680368 -0.0163214747  0.0824677695
  0.6000000000  1.0000000000  0.6666666667  0.0000000000  0.6666666667  0.6666666667  0.2828929216  0.0762305510  0.0701728709 -0.0004518320  0.0116981839  0.0120230822  0.3349164933  0.1021489500 -0.0057055424  0.0011854372  0.0066340106  0.3162819706 -0.0067025333  0.0092100400  0.0017384364  0.1065338605  0.0024913140  0.0010965534  0.0663062497  0.0029521786  0.0752849463
  0.6000000000  1.0000000000  0.6666666667  0.0000000000  0.6666666667  1.0000000000  0.2689550351  0.0757009330  0.0783946708  0.0009208443  0.0008820295  0.0000547351  0.3192260653  0.0897630694 -0.0100126461 -0.0018163571 -0.0010556394  0.2885097420 -0.0080780213 -0.0003499208 -0.0015336456  0.0994648988 -0.0016037760 -0.0001834269  0.0757222243  0.0004796102  0.0740021014
  0.6000000000  1.0000000000  0.6666666667  0.0000000000  1.0000000000  0.0000000000  0.2876590315  0.0955690066  0.0929324144 -0.0090862075  0.0622897451  0.0616980493  0.2786541163  0.1052768714 -0.0730967028  0.0038467791  0.0588358426  0.2610742129 -0.0734854187  0.0569119829  0.0030528954  0.1179034971  0.0031243471  0.0038452763  0.0961152619 -0.0216048238  0.0957660278
  0.6000000000  1.0000000000  0.6666666667  0.0000000000  1.0000000000  0.3333333333  0.2966448113  0.0873356147  0.0850943518 -0.0144797932  0.0468114199  0.0451337577  0.3409785193  0.1208343538 -0.0507105659  0.0063468372  0.0395813186  0.3119351014 -0.0520234227  0.0390990045  0.0051222836  0.1325092663  0.0020661510  0.0023804921  0.0865537149 -0.0258989385  0.0849261990
  0.6000000000  1.0000000000  0.6666666667  0.0000000000  1.0000000000  0.6666666667  0.2527218329  0.0559502892  0.0555915386 -0.0030352530  0.0089049945  0.0053704223  0.4359836723  0.1266538318 -0.0074774958  0.0011581573  0.0018924175  0.4116280708 -0.0053983267  0.0047232568  0.0001404582  0.1471911602 -0.0000013568  0.0005774417  0.0463944435 -0.0111521954  0.0569839560
  0.6000000000  1.0000000000  0.6666666667  0.0000000000  1.0000000000  1.0000000000  0.2341634691  0.0567085323  0.0506303591 -0.0029262544  0.0059390403  0.0058020473  0.4427185026  0.1278026067 -0.0075660225  0.0011647186  0.0028692297  0.4103471866 -0.0047749644  0.0026790082  0.0005888060  0.1486680367  0.0002046235  0.0009509031  0.0381475209 -0.0104576075  0.0598232802
  0.6000000000  1.0000000000  0.6666666667  0.3333333333  0.0000000000  0.0000000000  0.4766124998  0.0000000038  0.1376488178 -0.0000000000  0.0076740570  0.0000000000  0.0000000121  0.0000000038 -0.0000000000  0.0000000003 -0.0000000000  0.4969077924 -0.0000000000  0.0069519188  0.0000000000  0.0000000035  0.0000000000 -0.0000000000  0.1766747260 -0.0000000000  0.0000000035
  0.6000000000  1.0000000000  0.6666666667  0.3333333333  0.0000000000  0.3333333333  0.4544138342  0.0486546510  0.1264246935  0.0132959707  0.0005402899  0.0004734901  0.1600861652  0.0445830122  0.0358332521  0.0002498259  0.0000240481  0.4331748793  0.0214296777  0.0001167329  0.0005615972  0.0388118823  0.0004380476  0.0010552785  0.1509607042  0.0106952525  0.0604494134
  0.6000000000  1.0000000000  0.6666666667  0.3333333333  0.0000000000  0.6666666667  0.4038091614  0.0595749466  0.1018793318  0.0249300301  0.0009419685 -0.0022058228  0.1811390385  0.0770491495  0.0636705773 -0.0005646802 -0.0023883875  0.3313977661  0.0567439449  0.0012264538 -0.0010228005  0.0690491693 -0.0008144968 -0.0013917964  0.1240424963  0.0278918398  0.0752294390
  0.6000000000  1.0000000000  0.6666666667  0.3333333333  0.0000000000  1.0000000000  0.3366966923  0.0608460517  0.0643458092  0.0351556960  0.0029955119 -0.0066550814  0.1624375704  0.1097489697  0.0943621770 -0.0008685362 -0.0064591775  0.1915043939  0.0911664198  0.0038329468 -0.0017333155  0.1079976509 -0.0025791902 -0.0009810796  0.0845247828  0.0588706891  0.0790565789
  0.6000000000  1.0000000000  0.6666666667  0.3333333333  0.3333333333  0.0000000000  0.2440906309  0.0971986428  0.0983291259  0.0014162823  0.0795760240  0.0770968215  0.2437681021  0.0974518135 -0.0784680843 -0.0015337169  0.0781595490  0.2418542649 -0.0788400837  0.0792313165 -0.0022637707  0.1028373592  0.0043743555  0.0059755646  0.1042683321 -0.0054836651  0.1022397003
  0.6000000000  1.0000000000  0.6666666667  0.3333333333  0.3333333333  0.3333333333  0.3201363906  0.0994733689  0.0909045827  0.0013861967  0.0257579998  0.0085724239  0.2707597271  0.1080732061 -0.0082254196 -0.0007176472  0.0113724426  0.2805519615 -0.0064539633  0.0218229352  0.0005225741  0.0994824010  0.0013906199  0.0020308854  0.1044566893  0.0011632325  0.0991159798
  0.6000000000  1.0000000000  0.6666666667  0.3333333333  0.3333333333  0.6666666667  0.3316385598  0.0956040118  0.0800949141  0.0007119881  0.0026401038  0.0008675846  0.3274556843  0.0817714417 -0.0013113441 -0.0006117815  0.0009610868  0.3364371402 -0.0014752337  0.0041035406  0.0003024357  0.0816559138  0.0003803578 -0.0009863617  0.0826327949  0.0013268344  0.0913579639
  0.6000000000  1.0000000000  0.6666666667  0.3333333333  0.3333333333  1.0000000000  0.3846955353  0.1062341215  0.1075454587  0.0034972983  0.0024188826 -0.0043135705  0.3746329563  0.1046260486  0.0047075315 -0.0000124063 -0.0023622638  0.3803819136  0.0057953342  0.0016273542 -0.0017162855  0.0953247010 -0.0004291836 -0.0014822066  0.0991758231  0.0039268938  0.0962799885
  0.6000000000  1.0000000000  0.6666666667  0.3333333333  0.6666666667  0.0000000000  0.2547480199  0.0972840850  0.0969207492 -0.0013035197  0.0726911844  0.0707542102  0.2633464085  0.1020975743 -0.0746160992  0.0000923913  0.0697704633  0.2510165034 -0.0745079912  0.0697238755 -0.0005934527  0.1093755129  0.0030925079  0.0056050422  0.1010163261 -0.0111920911  0.0982973211
  0.6000000000  1.0000000000  0.6666666667  0.3333333333  0.6666666667  0.3333333333  0.2733766129  0.0867997929  0.0852572062 -0.0101612565  0.0534578857  0.0500086286  0.3401332604  0.1177775085 -0.0501073539  0.0058825567  0.0442642083  0.3103334531 -0.0505733411  0.0442694007  0.0041863991  0.1297845042  0.0014994342  0.0028537969  0.0881726721 -0.0207541044  0.0857804138
  0.6000000000  1.0000000000  0.6666666667  0.3333333333  0.6666666667  0.6666666667  0.3064929030  0.0961306342  0.0960293496 -0.0022785257  0.0105997954  0.0077416487  0.2971258219  0.0957728558 -0.0164217472  0.0003333465  0.0078511520  0.2601988902 -0.0137071233  0.0083653397 -0.0030624991  0.0903845294 -0.0018594072  0.0002916995  0.0897448165 -0.0014493383  0.0990205805
  0.6000000000  1.0000000000  0.6666666667  0.3333333333  0.6666666667  1.0000000000  0.2734541947  0.1109397034  0.1108817848 -0.0000563846 -0.0000032149  0.0002147300  0.2740412052  0.1109918928 -0.0003798894 -0.0001543476  0.0001966225  0.2735476626 -0.0002367350 -0.0001202713  0.0000274161  0.0810951005  0.0000071036 -0.0001366293  0.0809670646  0.0000144771  0.0809444242
  0.6000000000  1.0000000000  0.6666666667  0.3333333333  1.0000000000  0.0000000000  0.2822096987  0.0963786131  0.0936716223 -0.0078826070  0.0644942383  0.0646452828  0.2699234571  0.1018542549 -0.0761996285  0.0024571069  0.0619456506  0.2503472984 -0.0764513013  0.0588288758  0.0023136594  0.1161598241  0.0032046316  0.0034691162  0.0977381638 -0.0198830253  0.0976443839
  0.6000000000  1.0000000000  0.6666666667  0.3333333333  1.0000000000  0.3333333333  0.2295044540  0.0531385989  0.0536089845 -0.0005088935  0.0231763843  0.0170108987  0.4128484170  0.1200546207 -0.0070213574  0.0024897899  0.0096551257  0.3971225846 -0.0063149496  0.0142960199  0.0012662816  0.1404498890  0.0015105138  0.0010592457  0.0512565965 -0.0101619456  0.0504646593
  0.6000000000  1.0000000000  0.6666666667  0.3333333333  1.0000000000  0.6666666667  0.2385837142  0.0566361488  0.0605368018  0.0018769902  0.0186111632  0.0182437554  0.3484515751  0.0993073753 -0.0124096261  0.0013498745  0.0115253928  0.3540700115 -0.0110035021  0.0142252380  0.0013882551  0.1214976764  0.0026041113  0.0006181184  0.0614623645 -0.0123534483  0.0543225136
  0.6000000000  1.0000000000  0.6666666667  0.3333333333  1.0000000000  1.0000000000  0.2345635683  0.0550421074  0.0566229550 -0.0016050152  0.0086173634  0.0090602396  0.4166268877  0.1226100005 -0.0071693453 -0.0000299711  0.0039675230  0.4065397895 -0.0071249840  0.0046884964  0.0014000048  0.1422933026  0.0014101785  0.0000406091  0.0584777126 -0.0119810238  0.0464736994
  0.6000000000  1.0000000000  0.6666666667  0.6666666667  0.0000000000  0.0000000000  0.4724355362  0.0000000038  0.1377955323 -0.0000000000  0.0090863692  0.0000000000  0.0000000121  0.0000000038 -0.0000000000  0.0000000003  0.0000000000  0.4956668997 -0.0000000000  0.0084523932  0.0000000000  0.0000000035  0.0000000000 -0.0000000000  0.1763789218 -0.0000000000  0.0000000035
  0.6000000000  1.0000000000  0.6666666667  0.6666666667  0.0000000000  0.3333333333  0.3382540716  0.0761771431  0.1205527434  0.0063614772  0.0461644794 -0.0436394046  0.2318156930  0.0773580956  0.0482398293  0.0075254062 -0.0507304398  0.3621884276  0.0428846315  0.0454337050 -0.0078726695  0.0773768672 -0.0032097227  0.0147906418  0.1365202488  0.0024597173  0.0798107980
  0.6000000000  1.0000000000  0.6666666667  0.6666666667  0.0000000000  0.6666666667  0.3168492985  0.0844643601  0.1174062351  0.0047977399  0.0515794018 -0.0519820076  0.2464471004  0.0854494877  0.0570357250  0.0055266325 -0.0594174439  0.3396577614  0.0515486745  0.0507939631 -0.0061855034  0.0838101554 -0.0033463847  0.0166484313  0.1298906726  0.0024907979  0.0860238434
  0.6000000000  1.0000000000  0.6666666667  0.6666666667  0.0000000000  1.0000000000  0.2746093123  0.1076349269  0.0965236944  0.0053159691  0.0478371133 -0.0729594613  0.2479769771  0.0919820918  0.0461742672  0.0036282417 -0.0727830121  0.3321626766  0.0505795714  0.0490643696 -0.0181323879  0.0957196831 -0.0316222951  0.0024769375  0.0953312699  0.0042217450  0.1182227294
  0.6000000000  1.0000000000  0.6666666667  0.6666666667  0.3333333333  0.0000000000  0.2442836521  0.0963270010  0.0999321666  0.0010549536  0.0796820383  0.0736981305  0.2503222484  0.0970316690 -0.0756429257  0.0003368745  0.0756907056  0.2501485058 -0.0749998282  0.0793510620 -0.0013334797  0.1015170628  0.0047426203  0.0092362459  0.1077211641 -0.0046788412  0.1019319419
  0.6000000000  1.0000000000  0.6666666667  0.6666666667  0.3333333333  0.3333333333  0.2712405938  0.0816522031  0.1057989559 -0.0016060001  0.0562633771  0.0233538218  0.3261547576  0.0838894936 -0.0293932978  0.0167161560  0.0289179279  0.2806080515 -0.0242867531  0.0551683955  0.0031258574  0.0890772916 -0.0003325571  0.0278453633  0.1163635882 -0.0025906494  0.0879439007
  0.6000000000  1.0000000000  0.6666666667  0.6666666667  0.3333333333  0.6666666667  0.2821851139  0.0800046367  0.0876622809  0.0022821829  0.0170132622 -0.0039179068  0.2681004331  0.0735368415  0.0016392370 -0.0003566091 -0.0018161827  0.2877863811  0.0039048655  0.0201667266 -0.0024324808  0.0726806974 -0.0043195206 -0.0000253654  0.0945289095  0.0022000161  0.0806451942
  0.6000000000  1.0000000000  0.6666666667  0.6666666667  0.3333333333  1.0000000000  0.2836325695  0.0947178205  0.1009804455  0.0018123291  0.0103587335 -0.0040958146  0.2969099778  0.0943556801  0.0025171771 -0.0005121851 -0.0034982194  0.2858762332  0.0031776409  0.0080108675 -0.0021268102  0.0909089544 -0.0031519100 -0.0000579393  0.0925654807  0.0011359918  0.0959420695
  0.6000000000  1.0000000000  0.6666666667  0.6666666667  0.6666666667  0.0000000000  0.2474567437  0.0976122228  0.0980438449  0.0004376167  0.0759623181  0.0732233224  0.2525961334  0.0990062150 -0.0754616579 -0.0011200885  0.0737837443  0.2453304301 -0.0755737865  0.0750494531 -0.0022336764  0.1039923774  0.0033863171  0.0061255862  0.1025060713 -0.0079426530  0.0989702051
  0.6000000000  1.0000000000  0.6666666667  0.6666666667  0.6666666667  0.3333333333  0.2768224153  0.1035192820  0.0984937827 -0.0001262631  0.0319979516  0.0290501756  0.3440840944  0.1017598690 -0.0257155871 -0.0000749086  0.0310437116  0.2757814488 -0.0236273755  0.0304135021  0.0003041121  0.1017199463  0.0016769550 -0.0002018826  0.1006196592 -0.0032369272  0.1032944439
  0.6000000000  1.0000000000  0.6666666667  0.6666666667  0.6666666667  0.6666666667  0.2574851983  0.0784131807  0.0993027845  0.0028335544  0.0137898033  0.0126795276  0.2643288127  0.0757164348 -0.0136307676 -0.0022151639  0.0104357777  0.2459905950 -0.0154552464  0.0160440533 -0.0066253505  0.0819638309 -0.0029103578 -0.0013562274  0.0975921196 -0.0016887061  0.0880307689
  0.6000000000  1.0000000000  0.6666666667  0.6666666667  0.6666666667  1.0000000000  0.2735192218  0.1109972363  0.1109111370 -0.0000611789 -0.0000309306  0.0001362252  0.2740655916  0.1109468814 -0.0002962594 -0.0001453245  0.0001738540  0.2734210919 -0.0002098399 -0.0000276547 -0.0000047785  0.0810039038 -0.0000135504 -0.0001610726  0.0810236923 -0.0000215038  0.0810236019
  0.6000000000  1.0000000000  0.6666666667  0.6666666667  1.0000000000  0.0000000000  0.2786312385  0.0975729851  0.0958277431 -0.0067389312  0.0644715969  0.0632083310  0.2777256368  0.1048219330 -0.0717924630  0.0019675755  0.0615521819  0.2571680531 -0.0716639192  0.0599188499  0.0020161096  0.1152686869  0.0030935264  0.0035697540  0.0973954155 -0.0199071239  0.0952862557
  0.6000000000  1.0000000000  0.6666666667  0.6666666667  1.0000000000  0.3333333333  0.2704601437  0.1015098127  0.1074358961  0.0019474493  0.0260802141  0.0382096229  0.3167604271  0.1029134809 -0.0346389787 -0.0074567785  0.0387430985  0.2651190060 -0.0362868429  0.0272371459 -0.0020093602  0.1026513083  0.0014762941 -0.0060771142  0.1100477754 -0.0016141196  0.1035373866
  0.6000000000  1.0000000000  0.6666666667  0.6666666667  1.0000000000  0.6666666667  0.2404931933  0.0757700357  0.1087107406  0.0008182087 -0.0184167921  0.0063183831  0.2923863314  0.0780555365 -0.0110930604 -0.0114217451  0.0033596581  0.2183999058 -0.0126646441 -0.0162702016 -0.0036050523  0.0866040784 -0.0007752322 -0.0157475998  0.1041062912 -0.0011087342  0.0930276256
  0.6000000000  1.0000000000  0.6666666667  0.6666666667  1.0000000000  1.0000000000  0.2299782710  0.0729097002  0.1105310541  0.0012220477 -0.0264201538  0.0068595897  0.2976272293  0.0740725549 -0.0118973783 -0.0142009066  0.0032527044  0.2228035731 -0.0144832616 -0.0249543385 -0.0040835408  0.0849223187 -0.0006861313 -0.0216227719  0.1032169773 -0.0015727215  0.0912917717
  0.6000000000  1.0000000000  0.6666666667  1.0000000000  0.0000000000  0.0000000000  0.4256195695  0.0371466993  0.1353792366 -0.0061565924  0.0141737361 -0.0068048120  0.1433302702  0.0402887914 -0.0101541132  0.0083868767 -0.0081954824  0.4544218375 -0.0088696942  0.0138823245 -0.0057294280  0.0386220578 -0.0043784065  0.0152984664  0.1596133419 -0.0041810481  0.0361895631
  0.6000000000  1.0000000000  0.6666666667  1.0000000000  0.0000000000  0.3333333333  0.4063126236  0.0395906008  0.1253140601 -0.0005425366  0.0008124919 -0.0208207268  0.1457632288  0.0462241009 -0.0003070243  0.0004052262 -0.0336036830  0.4821366244 -0.0005476501  0.0009690147 -0.0128238185  0.0538923146 -0.0096409123  0.0004715040  0.1507234695 -0.0004876241  0.0370039315
  0.6000000000  1.0000000000  0.6666666667  1.0000000000  0.0000000000  0.6666666667  0.3199897652  0.0725353393  0.1040360725  0.0006190442  0.0025904676 -0.0519672777  0.1713957693  0.0585871128  0.0045797696 -0.0004864890 -0.0605814018  0.4191694837  0.0056210584  0.0028117684 -0.0227623496  0.0727002995 -0.0267834214  0.0001254871  0.1249768721  0.0002144503  0.0652686873
  0.6000000000  1.0000000000  0.6666666667  1.0000000000  0.0000000000  1.0000000000  0.2213013619  0.1005626576  0.0737728579  0.0028217669  0.0122753816 -0.0778824071  0.1904461949  0.0687026365  0.0145118326  0.0003901783 -0.0801094189  0.3480776485  0.0163871756  0.0138044013 -0.0285953714  0.0850184205 -0.0461881398  0.0001535356  0.0933731597  0.0010583917  0.0959273339
  0.6000000000  1.0000000000  0.6666666667  1.0000000000  0.3333333333  0.0000000000  0.2451925118  0.0965252017  0.1001686525  0.0007429942  0.0789199363  0.0725046167  0.2523265027  0.0973783550 -0.0750712911  0.0004999210  0.0745110035  0.2508891425 -0.0745756702  0.0786377418 -0.0013390078  0.1013461802  0.0045874812  0.0094673919  0.1073496787 -0.0051132487  0.1015596204
  0.6000000000  1.0000000000  0.6666666667  1.0000000000  0.3333333333  0.3333333333  0.2662631896  0.0811389342  0.1049290746 -0.0017036326  0.0597212280  0.0242540195  0.3276313960  0.0827743903 -0.0306611698  0.0191451159  0.0296951007  0.2844526713 -0.0266618158  0.0595413302  0.0020011428  0.0872296540  0.0001262633  0.0310960542  0.1169382211 -0.0019550266  0.0880653570
  0.6000000000  1.0000000000  0.6666666667  1.0000000000  0.3333333333  0.6666666667  0.2790898009  0.0951260850  0.0936228344 -0.0002012492  0.0136667324  0.0035584173  0.2879964918  0.0876581870 -0.0108348093 -0.0000646040  0.0029296254  0.2972073104 -0.0097943987  0.0140792130 -0.0052652472  0.0874044369 -0.0063486197  0.0007593963  0.0875566829 -0.0017682000  0.0977081552
  0.6000000000  1.0000000000  0.6666666667  1.0000000000  0.3333333333  1.0000000000  0.2772338867  0.1148935278  0.0865857822  0.0020686634  0.0202284247 -0.0517050207  0.2615858457  0.0846243134  0.0089656505 -0.0003535667 -0.0531121786  0.3727626159  0.0154590015  0.0189339202 -0.0277135942  0.0903049163 -0.0418218720  0.0001109055  0.0868751197 -0.0008401511  0.1207805988
  0.6000000000  1.0000000000  0.6666666667  1.0000000000  0.6666666667  0.0000000000  0.2489662915  0.0989121035  0.0992737633  0.0014459853  0.0779723626  0.0764383167  0.2488588392  0.0991260012 -0.0771384691 -0.0015030681  0.0772298474  0.2473892276 -0.0779834564  0.0774269861 -0.0019758064  0.1024347122  0.0056808172  0.0064386012  0.1027559027 -0.0065757682  0.1020899280
  0.6000000000  1.0000000000  0.6666666667  1.0000000000  0.6666666667  0.3333333333  0.2593905251  0.0998070644  0.1094426070 -0.0034100449  0.0330319846  0.0284599719  0.2867228512  0.0938618323 -0.0365042528 -0.0006071878  0.0296209894  0.2880421879 -0.0372023393  0.0314303991  0.0007965750  0.0978644756  0.0057533553  0.0033124720  0.1080382889 -0.0021820307  0.1054885625
  0.6000000000  1.0000000000  0.6666666667  1.0000000000  0.6666666667  0.6666666667  0.3064001128  0.0843979209  0.0802031596  0.0000533074  0.0082572511  0.0043801435  0.2868588038  0.0758932179 -0.0056021909 -0.0007538199  0.0030545481  0.3056433739 -0.0081604315  0.0102512324 -0.0012692045  0.0751501374  0.0002394196  0.0004124725  0.0896104193 -0.0020951870  0.0854572775
  0.6000000000  1.0000000000  0.6666666667  1.0000000000  0.6666666667  1.0000000000  0.3038863380  0.0824781563  0.0771466044 -0.0000328610  0.0050921989  0.0019274349  0.2987244971  0.0780437818  0.0001466523 -0.0008174509  0.0011188493  0.3169041054 -0.0005853224  0.0066524934 -0.0006388236  0.0791717685 -0.0011732777  0.0003001814  0.0838526497 -0.0005183172  0.0829369511
  0.6000000000  1.0000000000  0.6666666667  1.0000000000  1.0000000000  0.0000000000  0.2522903905  0.1002635332  0.0990632433  0.0008933401  0.0742157216  0.0747957813  0.2482317135  0.0990296344 -0.0748883369 -0.0018383784  0.0753964240  0.2471391961 -0.0757469061  0.0739350243 -0.0010172359  0.1017610603  0.0070244547  0.0047119739  0.1001753345 -0.0066661766  0.1030349651
  0.6000000000  1.0000000000  0.6666666667  1.0000000000  1.0000000000  0.3333333333  0.3053978447  0.1019209450  0.0896415642 -0.0030671691  0.0168240003  0.0294252399  0.3318947682  0.0963821733 -0.0249492993 -0.0016946943  0.0269020010  0.2781621736 -0.0288468971  0.0134009979  0.0041762249  0.1029009496  0.0088095687 -0.0027857900  0.0812545743 -0.0079366302  0.1025233248
  0.6000000000  1.0000000000  0.6666666667  1.0000000000  1.0000000000  0.6666666667  0.3395767835  0.0918903299  0.0753447505 -0.0018362406  0.0084817422  0.0140084771  0.3134927499  0.0619884491 -0.0112665778 -0.0008289703  0.0123647857  0.2571320413 -0.0149581982  0.0128362326 -0.0030428406  0.0529091994  0.0114019326 -0.0011893662  0.0771966724 -0.0041731285  0.1106760224
  0.6000000000  1.0000000000  0.6666666667  1.0000000000  1.0000000000  1.0000000000  0.3273891586  0.0861309513  0.0781266479  0.0003669639  0.0078121010  0.0152772318  0.2954452057  0.0809864568 -0.0028992776 -0.0010404808  0.0149644944  0.2690765739 -0.0032578714  0.0053780202  0.0010748725  0.0757151219  0.0054272032 -0.0004531514  0.0793149424 -0.0034221521  0.0982773439
  0.6000000000  1.0000000000  1.0000000000  0.0000000000  0.0000000000  0.0000000000  0.3088718718  0.0723867143  0.0714208493  0.0239705631  0.0161032551  0.0365174853  0.1673826917  0.0787649361  0.0562865982  0.0104441264  0.0381867813  0.2400948165  0.0578382765  0.0151396805  0.0131579468  0.0830246744  0.0166495014  0.0114770982  0.0923295915  0.0324634660  0.0845066073
  0.6000000000  1.0000000000  1.0000000000  0.0000000000  0.0000000000  0.3333333333  0.3460543700  0.0675853881  0.0643943121  0.0360596864  0.0021136955  0.0072556982  0.1720793283  0.1088972002  0.0914061861  0.0019861330  0.0076204453  0.1800378629  0.0900050601  0.0017679704  0.0023440452  0.1039587474  0.0023396703  0.0021902129  0.0843372653  0.0592452114  0.0818678071
  0.6000000000  1.0000000000  1.0000000000  0.0000000000  0.0000000000  0.6666666667  0.3360150223  0.0614535448  0.0593370573  0.0344990567  0.0017532118  0.0012182289  0.1766479158  0.1081197449  0.0936555509  0.0009763657  0.0019220599  0.1571186064  0.0943472950  0.0020299631  0.0009065397  0.1085983565  0.0015359159  0.0015985433  0.0807233072  0.0598196584  0.0830833114
  0.6000000000  1.0000000000  1.0000000000  0.0000000000  0.0000000000  1.0000000000  0.3319622652  0.0562571329  0.0553357357  0.0367530397 -0.0000000000 -0.0000000000  0.1562668549  0.1105291727  0.0999172603 -0.0000000000 -0.0000000000  0.1464169028  0.0998624113 -0.0000000000  0.0000000000  0.1113408912 -0.0000000000 -0.0000000000  0.0783707981  0.0631328776  0.0800018668
  0.6000000000  1.0000000000  1.0000000000  0.0000000000  0.3333333333  0.0000000000  0.2438600259  0.0922187131  0.1066450686 -0.0032712587  0.0771370745  0.0504298549  0.3229156282  0.0948240561 -0.0516354067  0.0169946844  0.0542080719  0.2635793500 -0.0500130841  0.0772500217  0.0054154415  0.0959177455  0.0047402454  0.0304042530  0.1177917255 -0.0021234204  0.0968750759
  0.6000000000  1.0000000000  1.0000000000  0.0000000000  0.3333333333  0.3333333333  0.3443880545  0.0825530610  0.0797956954  0.0257983873  0.0055541750  0.0071034007  0.2260366074  0.1080848344  0.0638562277  0.0001694272  0.0055636909  0.2389946832  0.0633182026  0.0061979678  0.0011909809  0.0952728086  0.0037325811  0.0021521149  0.0942138358  0.0430857550  0.0910103672
  0.6000000000  1.0000000000  1.0000000000  0.0000000000  0.3333333333  0.6666666667  0.3123160744  0.0646315875  0.0621075494  0.0305950740  0.0006144443  0.0013139866  0.1760649546  0.1120816885  0.0780316297  0.0008417906  0.0015828966  0.1873995978  0.0769562221  0.0009542584  0.0005900567  0.1085069977  0.0009771710  0.0009299436  0.0832275316  0.0500291131  0.0801535454
  0.6000000000  1.0000000000  1.0000000000  0.0000000000  0.3333333333  1.0000000000  0.3122142357  0.0632541918  0.0614681008  0.0312750265 -0.0000000000 -0.0000000000  0.1726033894  0.1130006354  0.0800550664  0.0000000000 -0.0000000000  0.1817255550  0.0787703753 -0.0000000000  0.0000000000  0.1103791184 -0.0000000000 -0.0000000000  0.0828547303  0.0506831039  0.0798392444
  0.6000000000  1.0000000000  1.0000000000  0.0000000000  0.6666666667  0.0000000000  0.2507174279  0.0937496370  0.1076284968 -0.0025325503  0.0742113385  0.0524064935  0.3131942699  0.0973976745 -0.0542899380  0.0139778817  0.0564180313  0.2706133960 -0.0530991376  0.0743047272  0.0042753904  0.0956264185  0.0043828258  0.0279434928  0.1173575060 -0.0021583828  0.0963452581
  0.6000000000  1.0000000000  1.0000000000  0.0000000000  0.6666666667  0.3333333333  0.2933722438  0.0920778474  0.0971523528  0.0022151567  0.0123767783  0.0203340804  0.2539476729  0.0958374193 -0.0090762973  0.0003491061  0.0223881086  0.3028771698 -0.0075984218  0.0130641219  0.0046594773  0.0902866540  0.0040948078  0.0031553555  0.1034101734  0.0026322792  0.0873493766
  0.6000000000  1.0000000000  1.0000000000  0.0000000000  0.6666666667  0.6666666667  0.3119219888  0.0989831071  0.0930878045  0.0080535837  0.0040808132  0.0071199116  0.2358797782  0.1039229694  0.0167620610 -0.0014728244  0.0043778876  0.2762788624  0.0162469708  0.0046846409  0.0006172418  0.0997509843  0.0013041008 -0.0000768923  0.1010396755  0.0131298780  0.0957094875
  0.6000000000  1.0000000000  1.0000000000  0.0000000000  0.6666666667  1.0000000000  0.3654459920  0.0717817024  0.0725019083  0.0310503850 -0.0000000000 -0.0000000000  0.2249492257  0.1202392784  0.0565381620 -0.0000000000 -0.0000000000  0.2187055170  0.0550954615 -0.0000000000 -0.0000000000  0.1242018887 -0.0000000000 -0.0000000000  0.0863282151  0.0437366371  0.0844393019
  0.6000000000  1.0000000000  1.0000000000  0.0000000000  1.0000000000  0.0000000000  0.2415823137  0.0954924314  0.0960986956  0.0004670175  0.0738948388  0.0716871445  0.2714386736  0.1026380531 -0.0708300042  0.0003102723  0.0702028357  0.2574788559 -0.0707224241  0.0704702794 -0.0002229214  0.1105912031  0.0031535694  0.0051380949  0.1002483585 -0.0094630902  0.0970348056
  0.6000000000  1.0000000000  1.0000000000  0.0000000000  1.0000000000  0.3333333333  0.2942073143  0.1004061480  0.0885830290  0.0024293396  0.0179708775  0.0191368031  0.2532157577  0.1054788514 -0.0128730569  0.0016952034  0.0214952609  0.2773591322 -0.0110126331  0.0164783855  0.0020883328  0.1046385695  0.0062321522  0.0024562565  0.0978282868  0.0010815076  0.0983399452
  0.6000000000  1.0000000000  1.0000000000  0.0000000000  1.0000000000  0.6666666667  0.2993901859  0.0914460184  0.0952531631  0.0001852773  0.0063629707  0.0102336511  0.2787742229  0.0994733680 -0.0117055438 -0.0012509479  0.0095386341  0.2877288928 -0.0129542508  0.0075113342  0.0012529614  0.0914993337  0.0013528415 -0.0013145191  0.0984070133  0.0001489561  0.0899783243
  0.6000000000  1.0000000000  1.0000000000  0.0000000000  1.0000000000  1.0000000000  0.2631705828  0.0626572757  0.0537374198  0.0124120732 -0.0000000000 -0.0000000000  0.2605259998  0.1132643924  0.0063895495 -0.0000000000 -0.0000000000  0.2113361504  0.0023034201 -0.0000000000 -0.0000000000  0.1119925055 -0.0000000000 -0.0000000000  0.0738857690  0.0228183527  0.0794715266
  0.6000000000  1.0000000000  1.0000000000  0.3333333333  0.0000000000  0.0000000000  0.2714787290  0.0806735278  0.1259992830 -0.0006205236  0.0651130347  0.0071350266  0.3855435877  0.0838462946 -0.0076888711  0.0376996058  0.0101899277  0.2985314244 -0.0057933779  0.0642741297  0.0022225990  0.0855227327  0.0007394899  0.0484460794  0.1339934088  0.0004330532  0.0856690129
  0.6000000000  1.0000000000  1.0000000000  0.3333333333  0.0000000000  0.3333333333  0.4484299486  0.0382846012  0.1265434204  0.0146159915  0.0013381862  0.0020296926  0.1142675270  0.0407597925  0.0390416154  0.0010187312  0.0015949168  0.4383207537  0.0272738415  0.0007132980  0.0017583339  0.0423820909  0.0015365959  0.0021580359  0.1529055810  0.0117015836  0.0477821648
  0.6000000000  1.0000000000  1.0000000000  0.3333333333  0.0000000000  0.6666666667  0.4082232151  0.0592897456  0.1062527697  0.0238738868  0.0020991704 -0.0020935134  0.1763166980  0.0740197075  0.0604885665 -0.0000686843 -0.0016064982  0.3455649060  0.0525367096  0.0020744427  0.0001824854  0.0642912317  0.0001357652  0.0004755571  0.1275581235  0.0263656604  0.0729737232
  0.6000000000  1.0000000000  1.0000000000  0.3333333333  0.0000000000  1.0000000000  0.4034149457  0.0667593160  0.1022913344  0.0246565913  0.0011492876 -0.0067334828  0.1948600760  0.0788350851  0.0611016947 -0.0004912634 -0.0065409145  0.3260661964  0.0549192107  0.0012876818 -0.0012524688  0.0672799812 -0.0007820496 -0.0003088260  0.1221773049  0.0283542410  0.0804878799
  0.6000000000  1.0000000000  1.0000000000  0.3333333333  0.3333333333  0.0000000000  0.2527964655  0.0917117316  0.1093612405 -0.0034236418  0.0744284188  0.0496310373  0.3160087623  0.0942558814 -0.0516961409  0.0163555623  0.0543352194  0.2745841119 -0.0495504949  0.0748441217  0.0056249239  0.0952353135  0.0047903747  0.0301055793  0.1195120713 -0.0018747297  0.0960982185
  0.6000000000  1.0000000000  1.0000000000  0.3333333333  0.3333333333  0.3333333333  0.4131068977  0.0521445316  0.1275128778  0.0006455374  0.0052625874  0.0058592088  0.2350668317  0.0551796030 -0.0044195887  0.0029030491  0.0113272837  0.4407794667 -0.0008966852  0.0077056806  0.0022858926  0.0594119074  0.0012757130  0.0104963083  0.1485624915  0.0006946228  0.0407286641
  0.6000000000  1.0000000000  1.0000000000  0.3333333333  0.3333333333  0.6666666667  0.4015836519  0.0533571484  0.1250236639  0.0015494898  0.0054622203  0.0011091401  0.2295866517  0.0575791820  0.0019313457  0.0017352550  0.0015510413  0.4346405072  0.0017205089  0.0079301566  0.0005158176  0.0590176507  0.0005697355  0.0123524397  0.1456526267  0.0008042129  0.0401628081
  0.6000000000  1.0000000000  1.0000000000  0.3333333333  0.3333333333  1.0000000000  0.3283855951  0.0574028893  0.0907697340  0.0185800836 -0.0007192969  0.0038366748  0.1946894653  0.0894491183  0.0462677397 -0.0028900005  0.0013900836  0.2942370921  0.0439978507  0.0002130470 -0.0007089395  0.0769397470 -0.0003971818 -0.0032265010  0.1121655642  0.0237308334  0.0718040558
  0.6000000000  1.0000000000  1.0000000000  0.3333333333  0.6666666667  0.0000000000  0.2448832417  0.0925691929  0.1029503735 -0.0015083487  0.0778154344  0.0585446881  0.2908412868  0.0964823627 -0.0624491800  0.0092103383  0.0633859964  0.2639479517 -0.0603566443  0.0774176967  0.0032060990  0.0980141534  0.0040235031  0.0215475329  0.1155828717 -0.0028506946  0.0972627209
  0.6000000000  1.0000000000  1.0000000000  0.3333333333  0.6666666667  0.3333333333  0.3182130040  0.1028620920  0.0935878839  0.0029381800  0.0225907825  0.0109789083  0.2539282912  0.1078676049 -0.0038489257 -0.0007382668  0.0131187945  0.2917065197 -0.0027155967  0.0213834244  0.0010552330  0.1018010369  0.0036835012  0.0030605876  0.1058070556  0.0029593822  0.0991628986
  0.6000000000  1.0000000000  1.0000000000  0.3333333333  0.6666666667  0.6666666667  0.3246493011  0.0916114542  0.0848138006  0.0003437535  0.0042524920  0.0062420751  0.3049353841  0.0804596403 -0.0020998320  0.0000435911  0.0054359741  0.3363790328 -0.0038911342  0.0065799642  0.0022914215  0.0781646823  0.0059414410 -0.0001635956  0.0892478283  0.0010948097  0.0872768216
  0.6000000000  1.0000000000  1.0000000000  0.3333333333  0.6666666667  1.0000000000  0.3575982115  0.0967296596  0.1024870989  0.0018654320  0.0006470524 -0.0029774212  0.3308247716  0.0871489820  0.0013329137 -0.0001815667 -0.0017672791  0.3604536237  0.0030152097  0.0014033267 -0.0003151398  0.0829209508 -0.0006381226 -0.0005606216  0.0981304847  0.0028184265  0.0863002294
  0.6000000000  1.0000000000  1.0000000000  0.3333333333  1.0000000000  0.0000000000  0.2417265842  0.0955855404  0.0964672391  0.0003908648  0.0734716052  0.0714324424  0.2736291831  0.1029162951 -0.0704001693  0.0005497500  0.0701800700  0.2601027360 -0.0702867178  0.0703198741  0.0001656588  0.1105493743  0.0033022582  0.0055337250  0.0999708383 -0.0095798959  0.0965765078
  0.6000000000  1.0000000000  1.0000000000  0.3333333333  1.0000000000  0.3333333333  0.2588076139  0.0841899004  0.1048534559  0.0013915757  0.0244640891  0.0159877304  0.2815617432  0.0827975791 -0.0249641124  0.0005778225  0.0163082993  0.2723347910 -0.0227625016  0.0200139088  0.0005848459  0.0942154615  0.0018621311  0.0042536982  0.1055371415  0.0004705936  0.0966740381
  0.6000000000  1.0000000000  1.0000000000  0.3333333333  1.0000000000  0.6666666667  0.2963384164  0.0944919431  0.0985028804 -0.0009430172  0.0090495870  0.0073964322  0.2921218324  0.0980900803 -0.0135286110  0.0004536072  0.0081721038  0.2644633477 -0.0093119992  0.0076646290 -0.0020289575  0.0919734609 -0.0009075552  0.0004307202  0.0922877144 -0.0003256074  0.0954352210
  0.6000000000  1.0000000000  1.0000000000  0.3333333333  1.0000000000  1.0000000000  0.3255116295  0.0953927807  0.0820287611  0.0009540554  0.0001134653  0.0010049477  0.3271687849  0.0810157681 -0.0011655082 -0.0004405287  0.0017172044  0.3463497293 -0.0019260175  0.0018310698  0.0010188162  0.0827688802  0.0021908879 -0.0012438500  0.0839471099  0.0015961866  0.0898742760
  0.6000000000  1.0000000000  1.0000000000  0.6666666667  0.0000000000  0.0000000000  0.4720686862  0.0000000038  0.1377885844 -0.0000000000  0.0091153767  0.0000000001  0.0000000121  0.0000000038 -0.0000000000  0.0000000003  0.0000000000  0.4958538746 -0.0000000000  0.0084768420  0.0000000000  0.0000000035  0.0000000000 -0.0000000000  0.1762555481 -0.0000000000  0.0000000035
  0.6000000000  1.0000000000  1.0000000000  0.6666666667  0.0000000000  0.3333333333  0.4774927996  0.0000000038  0.1370011464 -0.0000000000  0.0058761146 -0.0000000000  0.0000000121  0.0000000040  0.0000000000  0.0000000003 -0.0000000000  0.5056174352  0.0000000000  0.0063165426  0.0000000000  0.0000000035 -0.0000000000 -0.0000000000  0.1764157306  0.0000000000  0.0000000035
  0.6000000000  1.0000000000  1.0000000000  0.6666666667  0.0000000000  0.6666666667  0.4644948950  0.0373035188  0.1327736260  0.0038747521 -0.0010812423 -0.0134376023  0.1199782288  0.0310522791  0.0092330916 -0.0016649330 -0.0195162952  0.4640978395  0.0072720078 -0.0000360454 -0.0054696755  0.0226194016 -0.0014300058 -0.0014273995  0.1585847745  0.0031388792  0.0410873601
  0.6000000000  1.0000000000  1.0000000000  0.6666666667  0.0000000000  1.0000000000  0.4396279650  0.0408237570  0.1245523664  0.0118288399 -0.0018660056 -0.0172100632  0.1300086445  0.0396630099  0.0315510022 -0.0028874828 -0.0195344039  0.4385234315  0.0224520368 -0.0015044983 -0.0062913762  0.0397554527 -0.0036818809 -0.0044892630  0.1514703415  0.0090547245  0.0504259176
  0.6000000000  1.0000000000  1.0000000000  0.6666666667  0.3333333333  0.0000000000  0.3005864943  0.0860087838  0.1183682574 -0.0053097984  0.0589674074  0.0474762355  0.2800147360  0.0878915108 -0.0530519301  0.0122789504  0.0552595275  0.3250149795 -0.0470183567  0.0580294902  0.0070067815  0.0880473828  0.0030468094  0.0240564039  0.1301096665 -0.0022383737  0.0898676716
  0.6000000000  1.0000000000  1.0000000000  0.6666666667  0.3333333333  0.3333333333  0.4343964055  0.0578482554  0.1339413444  0.0000823721  0.0002366334  0.0046949221  0.2367668682  0.0571379504  0.0019711573 -0.0005783432  0.0049514148  0.4626005892  0.0013134592 -0.0013800730  0.0019877723  0.0496741732  0.0017743767 -0.0025300994  0.1541702642 -0.0001000626  0.0485253224
  0.6000000000  1.0000000000  1.0000000000  0.6666666667  0.3333333333  0.6666666667  0.4408659165  0.0576265871  0.1349398189  0.0010248468 -0.0067746836 -0.0079024150  0.2204471776  0.0529165073  0.0011120910 -0.0037880456 -0.0090923022  0.4492471562  0.0033721932 -0.0057137410 -0.0020181159  0.0425642314 -0.0005197216 -0.0097962603  0.1543120439  0.0007889048  0.0548181575
  0.6000000000  1.0000000000  1.0000000000  0.6666666667  0.3333333333  1.0000000000  0.4146700606  0.0559424277  0.1271460713  0.0003215653  0.0059856026 -0.0001756294  0.2522346801  0.0561079338  0.0016883073  0.0031814460 -0.0003432579  0.4373702908  0.0010840041  0.0078675782  0.0001513744  0.0564827775 -0.0000628095  0.0115373396  0.1475377320  0.0002621542  0.0471572458
  0.6000000000  1.0000000000  1.0000000000  0.6666666667  0.6666666667  0.0000000000  0.2580208377  0.0933033694  0.1043073582 -0.0027045993  0.0746693051  0.0580936230  0.2835712270  0.0956647605 -0.0626765520  0.0085488639  0.0635218574  0.2750771077 -0.0598009691  0.0743336003  0.0035932279  0.0961283755  0.0038083551  0.0208441289  0.1174065252 -0.0029958413  0.0966533900
  0.6000000000  1.0000000000  1.0000000000  0.6666666667  0.6666666667  0.3333333333  0.3818903952  0.0519132390  0.1195890737 -0.0014161990  0.0082957920  0.0162858149  0.2161178614  0.0547942154 -0.0197971695  0.0019441565  0.0285082648  0.4128764603 -0.0114726540  0.0098522990  0.0056563631  0.0554762455  0.0041687976  0.0114797614  0.1400542350 -0.0012602856  0.0479884208
  0.6000000000  1.0000000000  1.0000000000  0.6666666667  0.6666666667  0.6666666667  0.3135032522  0.0931360574  0.0920792722  0.0007073054  0.0070621219 -0.0000262183  0.2873079386  0.0738233998 -0.0007043861 -0.0008500316  0.0014205075  0.3092342773 -0.0004087040  0.0099094344 -0.0000630663  0.0651186164 -0.0017462197 -0.0035215178  0.0933373749  0.0008157899  0.0884968645
  0.6000000000  1.0000000000  1.0000000000  0.6666666667  0.6666666667  1.0000000000  0.3784247733  0.1035571243  0.1133084022  0.0032426899  0.0029580527 -0.0059765275  0.3704564225  0.1044887394  0.0034223104  0.0001450370 -0.0035490325  0.3859141800  0.0055657588  0.0041477275 -0.0035170860  0.0952450212 -0.0035487115 -0.0027762396  0.1031626945  0.0035429258  0.0936107040
  0.6000000000  1.0000000000  1.0000000000  0.6666666667  1.0000000000  0.0000000000  0.2428339794  0.0961053655  0.0975339583  0.0006955241  0.0758911850  0.0742718289  0.2606140902  0.0994783302 -0.0734622138 -0.0002371495  0.0741580875  0.2556777194 -0.0730371043  0.0738797056 -0.0004688529  0.1053590445  0.0037567732  0.0063542720  0.1023057807 -0.0075944936  0.0985102147
  0.6000000000  1.0000000000  1.0000000000  0.6666666667  1.0000000000  0.3333333333  0.2568822877  0.0960708205  0.1143265620 -0.0009306518  0.0207395695  0.0186385095  0.3339903532  0.0951713392 -0.0194830523  0.0006341526  0.0196385761  0.2834043160 -0.0168822911  0.0207688792  0.0026300349  0.0972938828  0.0035797577  0.0054571016  0.1137502007  0.0005227944  0.1026878868
  0.6000000000  1.0000000000  1.0000000000  0.6666666667  1.0000000000  0.6666666667  0.2262618622  0.0713542110  0.1160455168  0.0026602001 -0.0032933010  0.0003191274  0.2869507737  0.0760214188 -0.0019108676 -0.0073445612  0.0009549954  0.2352155799 -0.0018735015 -0.0031620144 -0.0031241885  0.0905449406 -0.0026879145 -0.0091381036  0.1116227685  0.0017421243  0.0888752024
  0.6000000000  1.0000000000  1.0000000000  0.6666666667  1.0000000000  1.0000000000  0.3014002614  0.0841035082  0.0882711670  0.0015354090  0.0047088927 -0.0003011228  0.2772609415  0.0743823684  0.0029035755 -0.0006700982  0.0004997275  0.3219864038  0.0039631508  0.0057546899 -0.0001067937  0.0720988238  0.0010833396 -0.0001081670  0.0973810012  0.0020326936  0.0814738433
  0.6000000000  1.0000000000  1.0000000000  1.0000000000  0.0000000000  0.0000000000  0.4727378564  0.0000000037  0.1378135295  0.0000000000  0.0074446084 -0.0000000000  0.0000000121  0.0000000039  0.0000000000  0.0000000003 -0.0000000000  0.5005768381  0.0000000000  0.0068905820 -0.0000000000  0.0000000035 -0.0000000000 -0.0000000000  0.1762950631  0.0000000000  0.0000000035
  0.6000000000  1.0000000000  1.0000000000  1.0000000000  0.0000000000  0.3333333333  0.4102777126  0.0378784184  0.1256454899 -0.0002034467  0.0004992042 -0.0231699485  0.1189687590  0.0401466636 -0.0005377590  0.0001659064 -0.0351997112  0.4798178251 -0.0007679843  0.0005647769 -0.0134566073  0.0471419043 -0.0103751990  0.0001540307  0.1522086582 -0.0001319170  0.0364887461
  0.6000000000  1.0000000000  1.0000000000  1.0000000000  0.0000000000  0.6666666667  0.4101513435  0.0383724456  0.1249496160  0.0002161840  0.0000970769 -0.0269938972  0.1073626120  0.0366663404  0.0018769934 -0.0001367845 -0.0390992698  0.4742131508  0.0018733898  0.0002262031 -0.0143262191  0.0450735351 -0.0111314082  0.0000327813  0.1517728911  0.0000272537  0.0413259740
  0.6000000000  1.0000000000  1.0000000000  1.0000000000  0.0000000000  1.0000000000  0.4115688014  0.0392879417  0.1240930361  0.0020529704 -0.0008359207 -0.0310462224  0.0991319211  0.0325468222  0.0038702219 -0.0011088052 -0.0423482417  0.4645166008  0.0038603667 -0.0007444701 -0.0151380918  0.0422298114 -0.0118693562 -0.0020430865  0.1514428443  0.0014894177  0.0462384065
  0.6000000000  1.0000000000  1.0000000000  1.0000000000  0.3333333333  0.0000000000  0.2854042124  0.0905549073  0.1102885189 -0.0044303063  0.0646132421  0.0525984081  0.2805812093  0.0928451737 -0.0575919158  0.0095199535  0.0592769045  0.3078583155 -0.0538806268  0.0642622724  0.0051733100  0.0907181015  0.0034243448  0.0217586565  0.1237326613 -0.0027234212  0.0924317892
  0.6000000000  1.0000000000  1.0000000000  1.0000000000  0.3333333333  0.3333333333  0.4575241412  0.0694199189  0.1364421759  0.0000022595 -0.0049720878  0.0009752131  0.2480994680  0.0582047994  0.0010414153 -0.0027566331  0.0010007284  0.4464109548  0.0005223705 -0.0019065852  0.0003232133  0.0426710789  0.0003681683 -0.0074433247  0.1522994799 -0.0000870649  0.0677576280
  0.6000000000  1.0000000000  1.0000000000  1.0000000000  0.3333333333  0.6666666667  0.4219455700  0.0542677256  0.1270703861 -0.0003022240  0.0073117913  0.0003130322  0.2325049755  0.0504157154 -0.0024442180  0.0027329383  0.0018988777  0.4350902373 -0.0012058098  0.0072237136  0.0000609437  0.0447511628 -0.0000090493  0.0108400645  0.1484809114 -0.0002526156  0.0554815582
  0.6000000000  1.0000000000  1.0000000000  1.0000000000  0.3333333333  1.0000000000  0.4345671171  0.0584965846  0.1232513625  0.0000012708  0.0025915851 -0.0062938222  0.2250267799  0.0457205184  0.0007343392  0.0003435406 -0.0054963969  0.4288707568  0.0006628167  0.0018321810 -0.0013758142  0.0302444820 -0.0006164784  0.0025058294  0.1450188955  0.0001922377  0.0682277787
  0.6000000000  1.0000000000  1.0000000000  1.0000000000  0.6666666667  0.0000000000  0.2449725539  0.0956894801  0.1005340968  0.0006973826  0.0782679448  0.0727863651  0.2507879515  0.0965142962 -0.0742242474  0.0006709007  0.0756464188  0.2575712953 -0.0728478724  0.0783738890 -0.0001690757  0.1013793303  0.0054937248  0.0096884769  0.1088036899 -0.0037612699  0.1022204387
  0.6000000000  1.0000000000  1.0000000000  1.0000000000  0.6666666667  0.3333333333  0.3746430325  0.0623714742  0.1156245835 -0.0013646044  0.0089512165  0.0096132160  0.2682763417  0.0617656950 -0.0113922157  0.0028268172  0.0131348204  0.3989836917 -0.0074170065  0.0102582224  0.0014550160  0.0586794573  0.0018362484  0.0149436606  0.1330340283 -0.0021088637  0.0605646781
  0.6000000000  1.0000000000  1.0000000000  1.0000000000  0.6666666667  0.6666666667  0.3772468486  0.1028907860  0.0996504534  0.0003183290  0.0005172412 -0.0001109394  0.3657503650  0.0954279524 -0.0009456951 -0.0002195906 -0.0000791227  0.3799935563 -0.0007545749  0.0005900637 -0.0003728900  0.0899477747 -0.0014175572  0.0004363667  0.0935429391  0.0002699930  0.0940818231
  0.6000000000  1.0000000000  1.0000000000  1.0000000000  0.6666666667  1.0000000000  0.3773641849  0.0983467213  0.1082254250  0.0006856368  0.0000500818 -0.0016906931  0.3690099732  0.0955893453  0.0013978884 -0.0001147178 -0.0002765418  0.3734166608  0.0015703661  0.0012418046 -0.0010483194  0.0904509200 -0.0017518623  0.0002360872  0.0981645569  0.0010924095  0.0919202757
  0.6000000000  1.0000000000  1.0000000000  1.0000000000  1.0000000000  0.0000000000  0.2533256036  0.0940358052  0.1036463219 -0.0021669084  0.0755542581  0.0590271054  0.2851305388  0.0963774235 -0.0632349746  0.0081832838  0.0639748935  0.2701786729 -0.0607083527  0.0751409513  0.0029305601  0.0965777887  0.0037452941  0.0207874542  0.1162897234 -0.0030572005  0.0973659841
  0.6000000000  1.0000000000  1.0000000000  1.0000000000  1.0000000000  0.3333333333  0.2491695816  0.0984934797  0.1065052961 -0.0040917949  0.0292558446  0.0263117381  0.3107012117  0.0963558195 -0.0249281539  0.0045782761  0.0280615126  0.2969791935 -0.0252026779  0.0306759562  0.0045748534  0.0967495615  0.0088916871  0.0097229730  0.1064101459 -0.0007719916  0.1037489822
  0.6000000000  1.0000000000  1.0000000000  1.0000000000  1.0000000000  0.6666666667  0.3273586838  0.0949823783  0.0774328988  0.0001450015  0.0013438305  0.0036240029  0.3342683543  0.0810291454 -0.0014090902 -0.0002553837  0.0047783833  0.3523134679 -0.0028252844  0.0032876098  0.0018506063  0.0820646264  0.0034952595  0.0000187693  0.0836192220  0.0002872232  0.0916130237
  0.6000000000  1.0000000000  1.0000000000  1.0000000000  1.0000000000  1.0000000000  0.3868818722  0.1060977978  0.1080083550  0.0006560474 -0.0006237594 -0.0038456479  0.3733696491  0.1043042268  0.0005524439 -0.0012944208 -0.0014765218  0.3863917355  0.0015368235  0.0001761739 -0.0019174316  0.0944844489 -0.0012795006 -0.0024975982  0.1004252568 -0.0002173696  0.0961970855
