  0.2000000000  0.3333333333  0.0000000000  0.0000000000  0.0000000000  0.0000000000  0.1160699917  0.0000000014  0.0000000008  0.0000000000 -0.0000000000 -0.0000000000  0.0000000059  0.0000000006 -0.0000000000  0.0000000000 -0.0000000000  0.0000000035 -0.0000000000 -0.0000000000 -0.0000000000  0.0000000009 -0.0000000000 -0.0000000000  0.0000000010 -0.0000000000  0.0000000018
  0.2000000000  0.3333333333  0.0000000000  0.0000000000  0.0000000000  0.3333333333  0.0878256955  0.0000000005  0.0237004720  0.0000000000 -0.0000000000 -0.0000000000  0.0000000021  0.0000000005 -0.0000000000  0.0000000000 -0.0000000000  0.0986091783  0.0000000000 -0.0000000000  0.0000000000  0.0000000006 -0.0000000000 -0.0000000000  0.0336430537  0.0000000000  0.0000000006
  0.2000000000  0.3333333333  0.0000000000  0.0000000000  0.0000000000  0.6666666667  0.0864962008  0.0000000005  0.0243138119 -0.0000000000 -0.0000000000 -0.0000000000  0.0000000021  0.0000000005 -0.0000000000  0.0000000000 -0.0000000000  0.1006772203 -0.0000000000 -0.0000000000  0.0000000000  0.0000000006 -0.0000000000 -0.0000000000  0.0330152306 -0.0000000000  0.0000000006
  0.2000000000  0.3333333333  0.0000000000  0.0000000000  0.0000000000  1.0000000000  0.0885076602  0.0000000005  0.0226165236  0.0000000000 -0.0000000000 -0.0000000000  0.0000000021  0.0000000005 -0.0000000000  0.0000000000 -0.0000000000  0.1003187438  0.0000000000 -0.0000000000  0.0000000000  0.0000000006 -0.0000000000 -0.0000000000  0.0340327328 -0.0000000000  0.0000000006
  0.2000000000  0.3333333333  0.0000000000  0.0000000000  0.3333333333  0.0000000000  0.1041730614  0.0236577514  0.0000000005  0.0000000000 -0.0000000000 -0.0000000000  0.0832842392  0.0000000005  0.0000000000  0.0000000000 -0.0000000000  0.0000000021 -0.0000000000 -0.0000000000  0.0000000000  0.0000000006 -0.0000000000 -0.0000000000  0.0000000006  0.0000000000  0.0336909666
  0.2000000000  0.3333333333  0.0000000000  0.0000000000  0.3333333333  0.3333333333  0.1026422790  0.0233894009  0.0000000005  0.0000000000 -0.0000000000 -0.0000000000  0.0831836431  0.0000000005  0.0000000000 -0.0000000000 -0.0000000000  0.0000000021 -0.0000000000 -0.0000000000 -0.0000000000  0.0000000006 -0.0000000000 -0.0000000000  0.0000000006  0.0000000000  0.0320103763
  0.2000000000  0.3333333333  0.0000000000  0.0000000000  0.3333333333  0.6666666667  0.0870040523  0.0000000005  0.0238754666 -0.0000000000 -0.0000000000 -0.0000000000  0.0000000021  0.0000000005 -0.0000000000 -0.0000000000 -0.0000000000  0.0999078248 -0.0000000000 -0.0000000000  0.0000000000  0.0000000006 -0.0000000000 -0.0000000000  0.0333325050 -0.0000000000  0.0000000006
  0.2000000000  0.3333333333  0.0000000000  0.0000000000  0.3333333333  1.0000000000  0.0863463691  0.0000000005  0.0242214349 -0.0000000000 -0.0000000000 -0.0000000000  0.0000000021  0.0000000005 -0.0000000000 -0.0000000000 -0.0000000000  0.1010098335 -0.0000000000 -0.0000000000  0.0000000000  0.0000000006 -0.0000000000 -0.0000000000  0.0333282761 -0.0000000000  0.0000000006
  0.2000000000  0.3333333333  0.0000000000  0.0000000000  0.6666666667  0.0000000000  0.1038186826  0.0235600160  0.0000000005 -0.0000000000 -0.0000000000 -0.0000000000  0.0840645017  0.0000000005 -0.0000000000 -0.0000000000 -0.0000000000  0.0000000021 -0.0000000000 -0.0000000000  0.0000000000  0.0000000006 -0.0000000000 -0.0000000000  0.0000000006 -0.0000000000  0.0336311446
  0.2000000000  0.3333333333  0.0000000000  0.0000000000  0.6666666667  0.3333333333  0.1035265270  0.0230320054  0.0000000005  0.0000000000 -0.0000000000 -0.0000000000  0.0867194077  0.0000000005  0.0000000000  0.0000000000 -0.0000000000  0.0000000021 -0.0000000000 -0.0000000000  0.0000000000  0.0000000006 -0.0000000000 -0.0000000000  0.0000000006 -0.0000000000  0.0339788988
  0.2000000000  0.3333333333  0.0000000000  0.0000000000  0.6666666667  0.6666666667  0.1008733864  0.0210796424  0.0000000006 -0.0000000000 -0.0000000000 -0.0000000000  0.0809684287  0.0000000007 -0.0000000001 -0.0000000000 -0.0000000000  0.0000000026 -0.0000000001 -0.0000000000 -0.0000000000  0.0000000008 -0.0000000000 -0.0000000000  0.0000000008 -0.0000000000  0.0322309839
  0.2000000000  0.3333333333  0.0000000000  0.0000000000  0.6666666667  1.0000000000  0.0862341741  0.0000000005  0.0245518937 -0.0000000000 -0.0000000000 -0.0000000000  0.0000000021  0.0000000005 -0.0000000000 -0.0000000000 -0.0000000000  0.1012092247 -0.0000000000 -0.0000000000 -0.0000000000  0.0000000006 -0.0000000000 -0.0000000000  0.0332458389 -0.0000000000  0.0000000006
  0.2000000000  0.3333333333  0.0000000000  0.0000000000  1.0000000000  0.0000000000  0.1035017378  0.0230281474  0.0000000005 -0.0000000000 -0.0000000000 -0.0000000000  0.0868490004  0.0000000005 -0.0000000000  0.0000000000 -0.0000000000  0.0000000021 -0.0000000000 -0.0000000000  0.0000000000  0.0000000006 -0.0000000000 -0.0000000000  0.0000000006  0.0000000000  0.0339877583
  0.2000000000  0.3333333333  0.0000000000  0.0000000000  1.0000000000  0.3333333333  0.1027388434  0.0239125831  0.0000000005  0.0000000000 -0.0000000000 -0.0000000000  0.0850830535  0.0000000005  0.0000000000 -0.0000000000 -0.0000000000  0.0000000021 -0.0000000000 -0.0000000000  0.0000000000  0.0000000006 -0.0000000000 -0.0000000000  0.0000000006  0.0000000000  0.0335983865
  0.2000000000  0.3333333333  0.0000000000  0.0000000000  1.0000000000  0.6666666667  0.1033960978  0.0229474802  0.0000000005 -0.0000000000 -0.0000000000 -0.0000000000  0.0868322104  0.0000000005 -0.0000000000 -0.0000000000 -0.0000000000  0.0000000022 -0.0000000000 -0.0000000000  0.0000000000  0.0000000006 -0.0000000000 -0.0000000000  0.0000000006 -0.0000000000  0.0339570244
  0.2000000000  0.3333333333  0.0000000000  0.0000000000  1.0000000000  1.0000000000  0.0000000021  0.0000000005  0.0000000005 -0.0000000000 -0.0000000000 -0.0000000000  0.1012451154  0.0245570404 -0.0000507367 -0.0000000000 -0.0000000000  0.0860780523 -0.0000071802 -0.0000000000  0.0000000000  0.0332478469 -0.0000000000 -0.0000000000  0.0000000006 -0.0000000000  0.0000000006
  0.2000000000  0.3333333333  0.0000000000  0.3333333333  0.0000000000  0.0000000000  0.1161934636  0.0000000008  0.0000000008  0.0000000000 -0.0000000000 -0.0000000001  0.0000000035  0.0000000005  0.0000000000 -0.0000000000 -0.0000000001  0.0000000032  0.0000000000 -0.0000000000 -0.0000000000  0.0000000007 -0.0000000000 -0.0000000000  0.0000000010  0.0000000000  0.0000000011
  0.2000000000  0.3333333333  0.0000000000  0.3333333333  0.0000000000  0.3333333333  0.0880392470  0.0000000005  0.0230571256 -0.0000000000  0.0005105655  0.0000000000  0.0000000021  0.0000000005 -0.0000000000  0.0000000000 -0.0000000000  0.1002309970 -0.0000000000  0.0006276652  0.0000000000  0.0000000006 -0.0000000000 -0.0000000000  0.0337550225 -0.0000000000  0.0000000006
  0.2000000000  0.3333333333  0.0000000000  0.3333333333  0.0000000000  0.6666666667  0.0865304537  0.0000000005  0.0241192334 -0.0000000000  0.0003790408  0.0000000000  0.0000000021  0.0000000005 -0.0000000000 -0.0000000000 -0.0000000000  0.1010154460 -0.0000000000  0.0003870933  0.0000000000  0.0000000006  0.0000000000 -0.0000000000  0.0334122117  0.0000000000  0.0000000006
  0.2000000000  0.3333333333  0.0000000000  0.3333333333  0.0000000000  1.0000000000  0.0869094990  0.0000000005  0.0230298736  0.0000000000  0.0006469465 -0.0000000000  0.0000000021  0.0000000005  0.0000000000  0.0000000000  0.0000000000  0.1016355388  0.0000000000  0.0006772763 -0.0000000000  0.0000000006 -0.0000000000 -0.0000000000  0.0337676101  0.0000000000  0.0000000006
  0.2000000000  0.3333333333  0.0000000000  0.3333333333  0.3333333333  0.0000000000  0.1041535481  0.0234457222  0.0000000005 -0.0000000000 -0.0000000000 -0.0004423448  0.0833601334  0.0000000005 -0.0000000000 -0.0000000000 -0.0003603716  0.0000000021 -0.0000000000 -0.0000000000 -0.0000000000  0.0000000006 -0.0000000000 -0.0000000000  0.0000000006 -0.0000000000  0.0336682053
  0.2000000000  0.3333333333  0.0000000000  0.3333333333  0.3333333333  0.3333333333  0.1041185686  0.0234629092  0.0000000005  0.0000000000  0.0000000000 -0.0004381708  0.0834118429  0.0000000005  0.0000000000  0.0000000000 -0.0003461150  0.0000000021 -0.0000000000 -0.0000000000 -0.0000000000  0.0000000006 -0.0000000000  0.0000000000  0.0000000006  0.0000000000  0.0337482351
  0.2000000000  0.3333333333  0.0000000000  0.3333333333  0.3333333333  0.6666666667  0.0937641506  0.0216050523  0.0000000004 -0.0000000000 -0.0000000000 -0.0026651871  0.0810638227  0.0000000004  0.0000000000 -0.0000000000 -0.0020141655  0.0000000021  0.0000000000  0.0000000000 -0.0000000000  0.0000000006  0.0000000000  0.0000000000  0.0000000006  0.0000000000  0.0304981821
  0.2000000000  0.3333333333  0.0000000000  0.3333333333  0.3333333333  1.0000000000  0.0860554823  0.0000000005  0.0234485332 -0.0000000000  0.0006364631  0.0000000000  0.0000000021  0.0000000005 -0.0000000000 -0.0000000000 -0.0000000000  0.1017185391 -0.0000000000  0.0007261384  0.0000000000  0.0000000006  0.0000000000 -0.0000000000  0.0335955679 -0.0000000000  0.0000000006
  0.2000000000  0.3333333333  0.0000000000  0.3333333333  0.6666666667  0.0000000000  0.1039151877  0.0235277127  0.0000000005 -0.0000000000 -0.0000000000 -0.0002483800  0.0839135635  0.0000000005 -0.0000000000 -0.0000000000 -0.0001972415  0.0000000021 -0.0000000000 -0.0000000000 -0.0000000000  0.0000000006 -0.0000000000 -0.0000000000  0.0000000006 -0.0000000000  0.0336746718
  0.2000000000  0.3333333333  0.0000000000  0.3333333333  0.6666666667  0.3333333333  0.1037062305  0.0235618376  0.0000000005 -0.0000000000 -0.0000000000 -0.0003374015  0.0841326004  0.0000000005 -0.0000000000 -0.0000000000 -0.0002411082  0.0000000021 -0.0000000000 -0.0000000000 -0.0000000000  0.0000000006 -0.0000000000 -0.0000000000  0.0000000006 -0.0000000000  0.0337372595
  0.2000000000  0.3333333333  0.0000000000  0.3333333333  0.6666666667  0.6666666667  0.1035339474  0.0230214515  0.0000000005  0.0000000000  0.0000000000 -0.0000610625  0.0868352654  0.0000000005  0.0000000000  0.0000000000 -0.0000525506  0.0000000021 -0.0000000000 -0.0000000000 -0.0000000000  0.0000000006 -0.0000000000  0.0000000000  0.0000000006 -0.0000000000  0.0340022138
  0.2000000000  0.3333333333  0.0000000000  0.3333333333  0.6666666667  1.0000000000  0.0928350485  0.0218610429  0.0000000004 -0.0000000000 -0.0000000000 -0.0016002379  0.0826929203  0.0000000004  0.0000000000 -0.0000000000 -0.0014638515  0.0000000021  0.0000000000  0.0000000000 -0.0000000000  0.0000000006  0.0000000000  0.0000000000  0.0000000006  0.0000000000  0.0307735081
  0.2000000000  0.3333333333  0.0000000000  0.3333333333  1.0000000000  0.0000000000  0.1035085931  0.0230283701  0.0000000005 -0.0000000000 -0.0000000000 -0.0000040983  0.0867944039  0.0000000005 -0.0000000000 -0.0000000000 -0.0000004515  0.0000000021 -0.0000000000 -0.0000000000 -0.0000000000  0.0000000006 -0.0000000000  0.0000000000  0.0000000006  0.0000000000  0.0339836778
  0.2000000000  0.3333333333  0.0000000000  0.3333333333  1.0000000000  0.3333333333  0.1028645587  0.0240137879  0.0000000005  0.0000000000 -0.0000000000 -0.0000414981  0.0848590275  0.0000000005  0.0000000000 -0.0000000000 -0.0000175375  0.0000000021 -0.0000000000 -0.0000000000  0.0000000000  0.0000000006 -0.0000000000 -0.0000000000  0.0000000006  0.0000000000  0.0336901725
  0.2000000000  0.3333333333  0.0000000000  0.3333333333  1.0000000000  0.6666666667  0.1035669463  0.0232112015  0.0000000005 -0.0000000000 -0.0000000000 -0.0001887072  0.0859298356  0.0000000005 -0.0000000000 -0.0000000000 -0.0001069141  0.0000000021 -0.0000000000 -0.0000000000 -0.0000000000  0.0000000006 -0.0000000000 -0.0000000000  0.0000000006 -0.0000000000  0.0341915211
  0.2000000000  0.3333333333  0.0000000000  0.3333333333  1.0000000000  1.0000000000  0.0993786759  0.0210153701  0.0000000004 -0.0000000000  0.0000000000 -0.0011864941  0.0702869316  0.0000000003 -0.0000000000 -0.0000000000 -0.0007518064  0.0000000021 -0.0000000000  0.0000000000 -0.0000000000  0.0000000006 -0.0000000000  0.0000000000  0.0000000006 -0.0000000000  0.0302435985
  0.2000000000  0.3333333333  0.0000000000  0.6666666667  0.0000000000  0.0000000000  0.1031022700  0.0233027354  0.0000000005 -0.0000000000 -0.0000000000 -0.0015328483  0.0831218628  0.0000000004 -0.0000000000 -0.0000000000 -0.0012171981  0.0000000021 -0.0000000000 -0.0000000000 -0.0000000000  0.0000000006 -0.0000000000 -0.0000000000  0.0000000006 -0.0000000000  0.0339691683
  0.2000000000  0.3333333333  0.0000000000  0.6666666667  0.0000000000  0.3333333333  0.0872861147  0.0000000004  0.0228732960 -0.0000000000  0.0003174021  0.0000000000  0.0000000021  0.0000000005 -0.0000000000  0.0000000000 -0.0000000000  0.1023432800 -0.0000000000  0.0003794965  0.0000000000  0.0000000006 -0.0000000000 -0.0000000000  0.0339063968 -0.0000000000  0.0000000006
  0.2000000000  0.3333333333  0.0000000000  0.6666666667  0.0000000000  0.6666666667  0.0856417095  0.0000000005  0.0235398942 -0.0000000000  0.0006397556  0.0000000000  0.0000000021  0.0000000005 -0.0000000000 -0.0000000000 -0.0000000000  0.1021306772 -0.0000000000  0.0007420616  0.0000000000  0.0000000006  0.0000000000 -0.0000000000  0.0336613613 -0.0000000000  0.0000000006
  0.2000000000  0.3333333333  0.0000000000  0.6666666667  0.0000000000  1.0000000000  0.0860518560  0.0000000005  0.0230161640 -0.0000000000  0.0003028376  0.0000000000  0.0000000021  0.0000000005 -0.0000000000  0.0000000000 -0.0000000000  0.1036244937 -0.0000000000  0.0003354984  0.0000000000  0.0000000006 -0.0000000000 -0.0000000000  0.0339302456 -0.0000000000  0.0000000006
  0.2000000000  0.3333333333  0.0000000000  0.6666666667  0.3333333333  0.0000000000  0.1036332152  0.0233316928  0.0000000005  0.0000000000  0.0000000000 -0.0008220089  0.0849502087  0.0000000004  0.0000000000  0.0000000000 -0.0007472257  0.0000000021 -0.0000000000 -0.0000000000 -0.0000000000  0.0000000006 -0.0000000000  0.0000000000  0.0000000006  0.0000000000  0.0345779501
  0.2000000000  0.3333333333  0.0000000000  0.6666666667  0.3333333333  0.3333333333  0.1036276333  0.0233362534  0.0000000005  0.0000000000  0.0000000000 -0.0008166754  0.0849851154  0.0000000004  0.0000000000  0.0000000000 -0.0007386591  0.0000000021 -0.0000000000 -0.0000000000 -0.0000000000  0.0000000006 -0.0000000000  0.0000000000  0.0000000006  0.0000000000  0.0345761479
  0.2000000000  0.3333333333  0.0000000000  0.6666666667  0.3333333333  0.6666666667  0.1036092397  0.0233441424  0.0000000005  0.0000000000  0.0000000000 -0.0008150470  0.0850239059  0.0000000004  0.0000000000  0.0000000000 -0.0007264212  0.0000000021 -0.0000000000 -0.0000000000 -0.0000000000  0.0000000006 -0.0000000000  0.0000000000  0.0000000006  0.0000000000  0.0345610249
  0.2000000000  0.3333333333  0.0000000000  0.6666666667  0.3333333333  1.0000000000  0.0826187711  0.0000000005  0.0225971233 -0.0000000000  0.0000004453 -0.0000000000  0.0000000022  0.0000000005 -0.0000000000 -0.0000000000 -0.0000000000  0.1006625358 -0.0000000000 -0.0000000262 -0.0000000000  0.0000000007  0.0000000000 -0.0000000000  0.0309597111 -0.0000000000  0.0000000007
  0.2000000000  0.3333333333  0.0000000000  0.6666666667  0.6666666667  0.0000000000  0.1030572019  0.0239408218  0.0000000005 -0.0000000000 -0.0000000000 -0.0003161762  0.0844548829  0.0000000005 -0.0000000000 -0.0000000000 -0.0002261860  0.0000000021 -0.0000000000 -0.0000000000 -0.0000000000  0.0000000006 -0.0000000000 -0.0000000000  0.0000000006 -0.0000000000  0.0337790849
  0.2000000000  0.3333333333  0.0000000000  0.6666666667  0.6666666667  0.3333333333  0.1032514331  0.0237552819  0.0000000005 -0.0000000000 -0.0000000000 -0.0004891746  0.0842933228  0.0000000005 -0.0000000000 -0.0000000000 -0.0003769845  0.0000000021 -0.0000000000 -0.0000000000 -0.0000000000  0.0000000006 -0.0000000000 -0.0000000000  0.0000000006 -0.0000000000  0.0337481845
  0.2000000000  0.3333333333  0.0000000000  0.6666666667  0.6666666667  0.6666666667  0.1032007685  0.0235889616  0.0000000005 -0.0000000000 -0.0000000000 -0.0005817814  0.0843381531  0.0000000005 -0.0000000000 -0.0000000000 -0.0004605413  0.0000000021 -0.0000000000 -0.0000000000 -0.0000000000  0.0000000006  0.0000000000 -0.0000000000  0.0000000006 -0.0000000000  0.0338631491
  0.2000000000  0.3333333333  0.0000000000  0.6666666667  0.6666666667  1.0000000000  0.1027512473  0.0240560559  0.0000000005  0.0000000000 -0.0000000000 -0.0001129907  0.0847601218  0.0000000005  0.0000000000 -0.0000000000 -0.0000653893  0.0000000021 -0.0000000000 -0.0000000000 -0.0000000000  0.0000000006 -0.0000000000 -0.0000000000  0.0000000006  0.0000000000  0.0337750356
  0.2000000000  0.3333333333  0.0000000000  0.6666666667  1.0000000000  0.0000000000  0.1025428187  0.0241341908  0.0000000005  0.0000000000  0.0000000000 -0.0000958631  0.0849975370  0.0000000005  0.0000000000 -0.0000000000 -0.0000410127  0.0000000021 -0.0000000000 -0.0000000000 -0.0000000000  0.0000000006 -0.0000000000 -0.0000000000  0.0000000006  0.0000000000  0.0337523929
  0.2000000000  0.3333333333  0.0000000000  0.6666666667  1.0000000000  0.3333333333  0.1026161379  0.0241099648  0.0000000005  0.0000000000  0.0000000000 -0.0000776014  0.0849354867  0.0000000005  0.0000000000 -0.0000000000 -0.0000173784  0.0000000021 -0.0000000000 -0.0000000000 -0.0000000000  0.0000000006 -0.0000000000 -0.0000000000  0.0000000006  0.0000000000  0.0337604089
  0.2000000000  0.3333333333  0.0000000000  0.6666666667  1.0000000000  0.6666666667  0.1025528953  0.0241483528  0.0000000005  0.0000000000 -0.0000000000 -0.0000627455  0.0849599290  0.0000000005  0.0000000000 -0.0000000000 -0.0000133888  0.0000000021 -0.0000000000 -0.0000000000 -0.0000000000  0.0000000006 -0.0000000000 -0.0000000000  0.0000000006  0.0000000000  0.0337568898
  0.2000000000  0.3333333333  0.0000000000  0.6666666667  1.0000000000  1.0000000000  0.1027400451  0.0240815508  0.0000000005 -0.0000000000 -0.0000000000 -0.0000552965  0.0848710817  0.0000000005 -0.0000000000 -0.0000000000 -0.0000222138  0.0000000021 -0.0000000000 -0.0000000000 -0.0000000000  0.0000000006 -0.0000000000  0.0000000000  0.0000000006 -0.0000000000  0.0337665475
  0.2000000000  0.3333333333  0.0000000000  1.0000000000  0.0000000000  0.0000000000  0.0246081329  0.0246031104  0.0000000005  0.0000000000  0.0000000000 -0.0246021605  0.0246075657  0.0000000006  0.0000000000  0.0000000000 -0.0246018728  0.0000000032  0.0000000000  0.0000000000 -0.0000000002  0.0000000010  0.0000000000 -0.0000000000  0.0000000010 -0.0000000000  0.0246042948
  0.2000000000  0.3333333333  0.0000000000  1.0000000000  0.0000000000  0.3333333333  0.0245962624  0.0245913068  0.0000000005  0.0000000000  0.0000000000 -0.0245903765  0.0245956912  0.0000000006  0.0000000000  0.0000000000 -0.0245900874  0.0000000033  0.0000000000  0.0000000000 -0.0000000002  0.0000000010  0.0000000000  0.0000000000  0.0000000010  0.0000000000  0.0245924795
  0.2000000000  0.3333333333  0.0000000000  1.0000000000  0.0000000000  0.6666666667  0.0176608180  0.0176602743  0.0019727107 -0.0000142143  0.0000142145 -0.0176602297  0.0176607517  0.0019727222 -0.0000142143  0.0000142144 -0.0176601968  0.0472299409 -0.0000289397  0.0000289403 -0.0019726734  0.0014153073 -0.0014151640  0.0000142142  0.0014153645 -0.0000142143  0.0176604428
  0.2000000000  0.3333333333  0.0000000000  1.0000000000  0.0000000000  1.0000000000  0.0146449141  0.0146449113  0.0038429631 -0.0008979456  0.0008979456 -0.0146449112  0.0146449139  0.0038429631 -0.0008979456  0.0008979456 -0.0146449111  0.0553469197 -0.0004921345  0.0004921345 -0.0038429627  0.0033098496 -0.0033098486  0.0008979456  0.0033098496 -0.0008979456  0.0146449120
  0.2000000000  0.3333333333  0.0000000000  1.0000000000  0.3333333333  0.0000000000  0.1024499801  0.0235112829  0.0000000005 -0.0000000000  0.0000000000 -0.0009181945  0.0851598503  0.0000000004 -0.0000000000  0.0000000000 -0.0006700454  0.0000000021 -0.0000000000 -0.0000000000 -0.0000000000  0.0000000006 -0.0000000000 -0.0000000000  0.0000000006  0.0000000000  0.0347303727
  0.2000000000  0.3333333333  0.0000000000  1.0000000000  0.3333333333  0.3333333333  0.1025540777  0.0235059240  0.0000000005 -0.0000000000  0.0000000000 -0.0009172715  0.0851481456  0.0000000004 -0.0000000000  0.0000000000 -0.0006800073  0.0000000021 -0.0000000000 -0.0000000000 -0.0000000000  0.0000000006 -0.0000000000 -0.0000000000  0.0000000006  0.0000000000  0.0347132618
  0.2000000000  0.3333333333  0.0000000000  1.0000000000  0.3333333333  0.6666666667  0.1024699759  0.0235129669  0.0000000005 -0.0000000000  0.0000000000 -0.0008837422  0.0852349640  0.0000000004 -0.0000000000  0.0000000000 -0.0006473585  0.0000000021 -0.0000000000 -0.0000000000 -0.0000000000  0.0000000006 -0.0000000000 -0.0000000000  0.0000000006  0.0000000000  0.0347371060
  0.2000000000  0.3333333333  0.0000000000  1.0000000000  0.3333333333  1.0000000000  0.1031577169  0.0235043647  0.0000000005  0.0000000000  0.0000000000 -0.0000449721  0.0854994467  0.0000000005  0.0000000000  0.0000000000 -0.0002605635  0.0000000021 -0.0000000000 -0.0000000000 -0.0000000000  0.0000000006 -0.0000000000 -0.0000000000  0.0000000006  0.0000000000  0.0349808510
  0.2000000000  0.3333333333  0.0000000000  1.0000000000  0.6666666667  0.0000000000  0.1025186992  0.0241532948  0.0000000005  0.0000000000  0.0000000000 -0.0001666787  0.0848697206  0.0000000005  0.0000000000  0.0000000000 -0.0001493607  0.0000000021 -0.0000000000 -0.0000000000 -0.0000000000  0.0000000006 -0.0000000000 -0.0000000000  0.0000000006  0.0000000000  0.0337878892
  0.2000000000  0.3333333333  0.0000000000  1.0000000000  0.6666666667  0.3333333333  0.1025844114  0.0241342801  0.0000000005  0.0000000000  0.0000000000 -0.0001766939  0.0848238665  0.0000000005  0.0000000000  0.0000000000 -0.0001564962  0.0000000021 -0.0000000000 -0.0000000000 -0.0000000000  0.0000000006 -0.0000000000 -0.0000000000  0.0000000006  0.0000000000  0.0337977537
  0.2000000000  0.3333333333  0.0000000000  1.0000000000  0.6666666667  0.6666666667  0.1029444604  0.0235150243  0.0000000005 -0.0000000000  0.0000000000 -0.0003455795  0.0853744238  0.0000000005 -0.0000000000  0.0000000000 -0.0002291256  0.0000000021 -0.0000000000 -0.0000000000 -0.0000000000  0.0000000006 -0.0000000000  0.0000000000  0.0000000006 -0.0000000000  0.0346349996
  0.2000000000  0.3333333333  0.0000000000  1.0000000000  0.6666666667  1.0000000000  0.1025523616  0.0241688914  0.0000000005  0.0000000000  0.0000000000 -0.0000287850  0.0848894377  0.0000000005  0.0000000000  0.0000000000 -0.0000286544  0.0000000021 -0.0000000000 -0.0000000000 -0.0000000000  0.0000000006 -0.0000000000  0.0000000000  0.0000000006  0.0000000000  0.0337688372
  0.2000000000  0.3333333333  0.0000000000  1.0000000000  1.0000000000  0.0000000000  0.1026668856  0.0241441349  0.0000000005 -0.0000000000 -0.0000000000  0.0000042989  0.0847585769  0.0000000005 -0.0000000000  0.0000000000  0.0000062590  0.0000000021 -0.0000000000 -0.0000000000 -0.0000000000  0.0000000006 -0.0000000000  0.0000000000  0.0000000006 -0.0000000000  0.0338005308
  0.2000000000  0.3333333333  0.0000000000  1.0000000000  1.0000000000  0.3333333333  0.1027032812  0.0241286539  0.0000000005 -0.0000000000  0.0000000000  0.0000119047  0.0847315534  0.0000000005 -0.0000000000  0.0000000000  0.0000142193  0.0000000021 -0.0000000000 -0.0000000000 -0.0000000000  0.0000000006 -0.0000000000  0.0000000000  0.0000000006 -0.0000000000  0.0338077002
  0.2000000000  0.3333333333  0.0000000000  1.0000000000  1.0000000000  0.6666666667  0.1027526780  0.0240966640  0.0000000005 -0.0000000000  0.0000000000  0.0000249171  0.0847020970  0.0000000005 -0.0000000000  0.0000000000  0.0000301747  0.0000000021 -0.0000000000 -0.0000000000 -0.0000000000  0.0000000006 -0.0000000000  0.0000000000  0.0000000006 -0.0000000000  0.0338199303
  0.2000000000  0.3333333333  0.0000000000  1.0000000000  1.0000000000  1.0000000000  0.1025645645  0.0241737041  0.0000000005  0.0000000000 -0.0000000000  0.0000097726  0.0848840049  0.0000000005  0.0000000000 -0.0000000000  0.0000107636  0.0000000021 -0.0000000000 -0.0000000000  0.0000000000  0.0000000006 -0.0000000000 -0.0000000000  0.0000000006  0.0000000000  0.0337691878
  0.2000000000  0.3333333333  0.3333333333  0.0000000000  0.0000000000  0.0000000000  0.1161553392  0.0000000012  0.0000000008 -0.0000000000  0.0000000000  0.0000000000  0.0000000051  0.0000000006 -0.0000000000  0.0000000000 -0.0000000000  0.0000000034 -0.0000000000  0.0000000001  0.0000000000  0.0000000008  0.0000000000  0.0000000000  0.0000000010 -0.0000000000  0.0000000017
  0.2000000000  0.3333333333  0.3333333333  0.0000000000  0.0000000000  0.3333333333  0.0880207043  0.0000000005  0.0231237328 -0.0000000000  0.0007072898  0.0000000000  0.0000000021  0.0000000005 -0.0000000000 -0.0000000000 -0.0000000000  0.0982287071 -0.0000000000  0.0007260166  0.0000000000  0.0000000006  0.0000000000 -0.0000000000  0.0337158323  0.0000000000  0.0000000006
  0.2000000000  0.3333333333  0.3333333333  0.0000000000  0.0000000000  0.6666666667  0.0868850315  0.0000000005  0.0229980683  0.0000000000  0.0000206695 -0.0000000000  0.0000000021  0.0000000005  0.0000000000  0.0000000000  0.0000000000  0.1034984893  0.0000000000  0.0000242762 -0.0000000000  0.0000000006  0.0000000000  0.0000000000  0.0339978081  0.0000000000  0.0000000006
  0.2000000000  0.3333333333  0.3333333333  0.0000000000  0.0000000000  1.0000000000  0.0873812345  0.0000000005  0.0230138175  0.0000000000  0.0004173377 -0.0000000000  0.0000000022  0.0000000005  0.0000000001  0.0000000000 -0.0000000000  0.1011748908  0.0000000000  0.0003871961 -0.0000000000  0.0000000006 -0.0000000000 -0.0000000000  0.0339222343  0.0000000000  0.0000000006
  0.2000000000  0.3333333333  0.3333333333  0.0000000000  0.3333333333  0.0000000000  0.1042076866  0.0233575925  0.0000000005  0.0000000000 -0.0000000000  0.0004836667  0.0832940220  0.0000000005  0.0000000000 -0.0000000000  0.0004108197  0.0000000021 -0.0000000000 -0.0000000000  0.0000000000  0.0000000006 -0.0000000000 -0.0000000000  0.0000000006  0.0000000000  0.0336467386
  0.2000000000  0.3333333333  0.3333333333  0.0000000000  0.3333333333  0.3333333333  0.0877249617  0.0000000005  0.0228612063  0.0000000000  0.0004932687 -0.0000000000  0.0000000021  0.0000000005 -0.0000000000  0.0000000000 -0.0000000000  0.1010134679  0.0000000000  0.0005982750 -0.0000000000  0.0000000006  0.0000000000 -0.0000000000  0.0337787358  0.0000000000  0.0000000006
  0.2000000000  0.3333333333  0.3333333333  0.0000000000  0.3333333333  0.6666666667  0.0866265432  0.0000000005  0.0243427349 -0.0000000000  0.0000305990 -0.0000000000  0.0000000021  0.0000000005 -0.0000000000 -0.0000000000 -0.0000000000  0.1007491386 -0.0000000000 -0.0000266064 -0.0000000000  0.0000000006 -0.0000000000 -0.0000000000  0.0333805680  0.0000000000  0.0000000006
  0.2000000000  0.3333333333  0.3333333333  0.0000000000  0.3333333333  1.0000000000  0.0865682765  0.0000000005  0.0233051504  0.0000000000 -0.0000402229 -0.0000000000  0.0000000021  0.0000000005 -0.0000000000  0.0000000000 -0.0000000000  0.1033240156  0.0000000000 -0.0000233565 -0.0000000000  0.0000000006  0.0000000000 -0.0000000000  0.0344822881  0.0000000000  0.0000000006
  0.2000000000  0.3333333333  0.3333333333  0.0000000000  0.6666666667  0.0000000000  0.1035320609  0.0230177055  0.0000000005  0.0000000000 -0.0000000000  0.0000272605  0.0868889046  0.0000000005  0.0000000000 -0.0000000000  0.0000240290  0.0000000021 -0.0000000000 -0.0000000000  0.0000000000  0.0000000006 -0.0000000000 -0.0000000000  0.0000000006 -0.0000000000  0.0340084871
  0.2000000000  0.3333333333  0.3333333333  0.0000000000  0.6666666667  0.3333333333  0.1038859200  0.0235608823  0.0000000005  0.0000000000 -0.0000000000  0.0001214036  0.0840133104  0.0000000005  0.0000000000 -0.0000000000  0.0000951629  0.0000000021 -0.0000000000 -0.0000000000  0.0000000000  0.0000000006 -0.0000000000 -0.0000000000  0.0000000006  0.0000000000  0.0337105984
  0.2000000000  0.3333333333  0.3333333333  0.0000000000  0.6666666667  0.6666666667  0.0867577656  0.0000000005  0.0241413347 -0.0000000000  0.0000025312 -0.0000000000  0.0000000021  0.0000000005 -0.0000000000  0.0000000000 -0.0000000000  0.1003045950 -0.0000000000 -0.0000369740 -0.0000000000  0.0000000006 -0.0000000000 -0.0000000000  0.0335136179 -0.0000000000  0.0000000006
  0.2000000000  0.3333333333  0.3333333333  0.0000000000  0.6666666667  1.0000000000  0.0865285769  0.0000000005  0.0232961838  0.0000000000 -0.0000718456 -0.0000000000  0.0000000021  0.0000000005 -0.0000000000  0.0000000000 -0.0000000000  0.1035438179  0.0000000000 -0.0000523155 -0.0000000000  0.0000000006  0.0000000000 -0.0000000000  0.0345336099  0.0000000000  0.0000000006
  0.2000000000  0.3333333333  0.3333333333  0.0000000000  1.0000000000  0.0000000000  0.1030273163  0.0230333360  0.0000000005 -0.0000000000  0.0000000000  0.0005220924  0.0857613791  0.0000000005 -0.0000000000  0.0000000000  0.0005567633  0.0000000021 -0.0000000000 -0.0000000000  0.0000000000  0.0000000006 -0.0000000000  0.0000000000  0.0000000006 -0.0000000000  0.0336758625
  0.2000000000  0.3333333333  0.3333333333  0.0000000000  1.0000000000  0.3333333333  0.1017713176  0.0234690584  0.0000000005  0.0000000000 -0.0000000000  0.0007410856  0.0860044422  0.0000000005  0.0000000000 -0.0000000000  0.0006378343  0.0000000021 -0.0000000000 -0.0000000000 -0.0000000000  0.0000000006 -0.0000000000 -0.0000000000  0.0000000006  0.0000000000  0.0335879346
  0.2000000000  0.3333333333  0.3333333333  0.0000000000  1.0000000000  0.6666666667  0.1022328148  0.0221557285  0.0000000006  0.0000000000  0.0000000000  0.0004918833  0.0841930579  0.0000000006 -0.0000000000  0.0000000000  0.0005263555  0.0000000024 -0.0000000000  0.0000000000  0.0000000000  0.0000000007  0.0000000000  0.0000000000  0.0000000007 -0.0000000000  0.0335284273
  0.2000000000  0.3333333333  0.3333333333  0.0000000000  1.0000000000  1.0000000000  0.0263265587  0.0016294497  0.0028301491 -0.0000137104  0.0001686049 -0.0000449598  0.0727272071  0.0120764799 -0.0008196096 -0.0002882341 -0.0001068934  0.0557669976 -0.0007328101 -0.0008371271  0.0000071386  0.0221627582  0.0000382476 -0.0000119824  0.0021343647  0.0000031568  0.0008653674
  0.2000000000  0.3333333333  0.3333333333  0.3333333333  0.0000000000  0.0000000000  0.1161676069  0.0000000011  0.0000000008 -0.0000000000  0.0000000000 -0.0000000000  0.0000000049  0.0000000006 -0.0000000000  0.0000000000 -0.0000000000  0.0000000035 -0.0000000000  0.0000000000 -0.0000000000  0.0000000008 -0.0000000000  0.0000000000  0.0000000010 -0.0000000000  0.0000000016
  0.2000000000  0.3333333333  0.3333333333  0.3333333333  0.0000000000  0.3333333333  0.0887612584  0.0000000005  0.0229918662  0.0000000000  0.0002187690 -0.0000000000  0.0000000021  0.0000000005 -0.0000000000  0.0000000000 -0.0000000000  0.0995701811  0.0000000000  0.0000765318 -0.0000000000  0.0000000006 -0.0000000000 -0.0000000000  0.0344945407  0.0000000000  0.0000000006
  0.2000000000  0.3333333333  0.3333333333  0.3333333333  0.0000000000  0.6666666667  0.0865919380  0.0000000005  0.0232863570  0.0000000000 -0.0000060045 -0.0000000000  0.0000000021  0.0000000005 -0.0000000000  0.0000000000 -0.0000000000  0.1033274696  0.0000000000  0.0000173645 -0.0000000000  0.0000000006  0.0000000000 -0.0000000000  0.0344433853  0.0000000000  0.0000000006
  0.2000000000  0.3333333333  0.3333333333  0.3333333333  0.0000000000  1.0000000000  0.0864220871  0.0000000005  0.0232955555  0.0000000000 -0.0000455268 -0.0000000000  0.0000000021  0.0000000005 -0.0000000000  0.0000000000 -0.0000000000  0.1035335830  0.0000000000 -0.0000228227 -0.0000000000  0.0000000006  0.0000000000 -0.0000000000  0.0344960594  0.0000000000  0.0000000006
  0.2000000000  0.3333333333  0.3333333333  0.3333333333  0.3333333333  0.0000000000  0.1038966366  0.0227117612  0.0000000005 -0.0000000000  0.0000000000 -0.0001488842  0.0856519474  0.0000000005 -0.0000000000  0.0000000000  0.0000135946  0.0000000021 -0.0000000000 -0.0000000000  0.0000000000  0.0000000006 -0.0000000000 -0.0000000000  0.0000000006 -0.0000000000  0.0340119405
  0.2000000000  0.3333333333  0.3333333333  0.3333333333  0.3333333333  0.3333333333  0.0877477854  0.0000000004  0.0228850408 -0.0000000000  0.0009704491  0.0000000000  0.0000000021  0.0000000005 -0.0000000000  0.0000000000 -0.0000000000  0.1000923719 -0.0000000000  0.0010207417  0.0000000000  0.0000000006  0.0000000000 -0.0000000000  0.0341083064 -0.0000000000  0.0000000006
  0.2000000000  0.3333333333  0.3333333333  0.3333333333  0.3333333333  0.6666666667  0.0867292580  0.0000000005  0.0233484719  0.0000000000  0.0002036417 -0.0000000000  0.0000000021  0.0000000005 -0.0000000000  0.0000000000 -0.0000000000  0.1026943590  0.0000000000  0.0002007739 -0.0000000000  0.0000000006 -0.0000000000 -0.0000000000  0.0344074769  0.0000000000  0.0000000006
  0.2000000000  0.3333333333  0.3333333333  0.3333333333  0.3333333333  1.0000000000  0.0852864675  0.0000000005  0.0240125584 -0.0000000000  0.0002338345  0.0000000000  0.0000000021  0.0000000005 -0.0000000000 -0.0000000000 -0.0000000000  0.1024594722 -0.0000000000  0.0002109369  0.0000000000  0.0000000006  0.0000000000 -0.0000000000  0.0336945912 -0.0000000000  0.0000000006
  0.2000000000  0.3333333333  0.3333333333  0.3333333333  0.6666666667  0.0000000000  0.1035425008  0.0232934193  0.0000000005 -0.0000000000  0.0000000000 -0.0000654961  0.0865330986  0.0000000005 -0.0000000000  0.0000000000 -0.0000852929  0.0000000021 -0.0000000000 -0.0000000000  0.0000000000  0.0000000006 -0.0000000000  0.0000000000  0.0000000006  0.0000000000  0.0345266357
  0.2000000000  0.3333333333  0.3333333333  0.3333333333  0.6666666667  0.3333333333  0.1035193449  0.0230221090  0.0000000005 -0.0000000000  0.0000000000 -0.0000216482  0.0868917595  0.0000000005 -0.0000000000  0.0000000000 -0.0000226532  0.0000000021 -0.0000000000 -0.0000000000 -0.0000000000  0.0000000006 -0.0000000000  0.0000000000  0.0000000006  0.0000000000  0.0340026979
  0.2000000000  0.3333333333  0.3333333333  0.3333333333  0.6666666667  0.6666666667  0.0865220323  0.0000000005  0.0232956810 -0.0000000000 -0.0000507114  0.0000000000  0.0000000021  0.0000000005  0.0000000000  0.0000000000 -0.0000000000  0.1035419675 -0.0000000000 -0.0000304562  0.0000000000  0.0000000006 -0.0000000000 -0.0000000000  0.0345450033 -0.0000000000  0.0000000006
  0.2000000000  0.3333333333  0.3333333333  0.3333333333  0.6666666667  1.0000000000  0.0865391610  0.0000000005  0.0232902190  0.0000000000 -0.0000765800 -0.0000000000  0.0000000021  0.0000000005 -0.0000000000  0.0000000000 -0.0000000000  0.1035444759  0.0000000000 -0.0000554701 -0.0000000000  0.0000000006  0.0000000000 -0.0000000000  0.0345196823  0.0000000000  0.0000000006
  0.2000000000  0.3333333333  0.3333333333  0.3333333333  1.0000000000  0.0000000000  0.1035449240  0.0232948277  0.0000000005 -0.0000000000  0.0000000000 -0.0000489950  0.0865302338  0.0000000005 -0.0000000000  0.0000000000 -0.0000692599  0.0000000021 -0.0000000000 -0.0000000000  0.0000000000  0.0000000006 -0.0000000000  0.0000000000  0.0000000006  0.0000000000  0.0345314436
  0.2000000000  0.3333333333  0.3333333333  0.3333333333  1.0000000000  0.3333333333  0.1035280547  0.0230203785  0.0000000005 -0.0000000000  0.0000000000  0.0000381598  0.0868820358  0.0000000005 -0.0000000000  0.0000000000  0.0000335879  0.0000000021 -0.0000000000 -0.0000000000  0.0000000000  0.0000000006 -0.0000000000  0.0000000000  0.0000000006  0.0000000000  0.0340061724
  0.2000000000  0.3333333333  0.3333333333  0.3333333333  1.0000000000  0.6666666667  0.1018471814  0.0236131383  0.0000000005  0.0000000000 -0.0000000000  0.0005745131  0.0858724918  0.0000000005  0.0000000000 -0.0000000000  0.0005328143  0.0000000021 -0.0000000000 -0.0000000000 -0.0000000000  0.0000000006 -0.0000000000 -0.0000000000  0.0000000006  0.0000000000  0.0336776375
  0.2000000000  0.3333333333  0.3333333333  0.3333333333  1.0000000000  1.0000000000  0.0870875798  0.0000000005  0.0231205182 -0.0000000000  0.0007766178  0.0000000000  0.0000000021  0.0000000005  0.0000000000 -0.0000000000 -0.0000000000  0.1012926443 -0.0000000000  0.0007939696  0.0000000000  0.0000000006  0.0000000000 -0.0000000000  0.0345289571 -0.0000000000  0.0000000006
  0.2000000000  0.3333333333  0.3333333333  0.6666666667  0.0000000000  0.0000000000  0.0934460434  0.0210323448  0.0000000004 -0.0000000000 -0.0000000000 -0.0041721498  0.0788432779  0.0000000004 -0.0000000000 -0.0000000000 -0.0028979089  0.0000000021  0.0000000000  0.0000000000 -0.0000000000  0.0000000006  0.0000000000 -0.0000000000  0.0000000006 -0.0000000000  0.0308530911
  0.2000000000  0.3333333333  0.3333333333  0.6666666667  0.0000000000  0.3333333333  0.0866873913  0.0000000005  0.0232818145 -0.0000000000  0.0002301840 -0.0000000000  0.0000000021  0.0000000005 -0.0000000000  0.0000000000 -0.0000000000  0.1027416041 -0.0000000000  0.0001860159 -0.0000000000  0.0000000006  0.0000000000 -0.0000000000  0.0343622167 -0.0000000000  0.0000000006
  0.2000000000  0.3333333333  0.3333333333  0.6666666667  0.0000000000  0.6666666667  0.0868785834  0.0000000005  0.0230113621 -0.0000000000  0.0000214905 -0.0000000000  0.0000000021  0.0000000005 -0.0000000000  0.0000000000 -0.0000000000  0.1035005966 -0.0000000000  0.0000210780 -0.0000000000  0.0000000006  0.0000000000 -0.0000000000  0.0339969279 -0.0000000000  0.0000000006
  0.2000000000  0.3333333333  0.3333333333  0.6666666667  0.0000000000  1.0000000000  0.0868723001  0.0000000005  0.0230095482  0.0000000000 -0.0000069171 -0.0000000000  0.0000000021  0.0000000005  0.0000000000 -0.0000000000 -0.0000000000  0.1034981257  0.0000000000 -0.0000066607 -0.0000000000  0.0000000006  0.0000000000 -0.0000000000  0.0339964150  0.0000000000  0.0000000006
  0.2000000000  0.3333333333  0.3333333333  0.6666666667  0.3333333333  0.0000000000  0.1033054397  0.0235083091  0.0000000005 -0.0000000000  0.0000000000 -0.0006849658  0.0849190881  0.0000000004 -0.0000000000  0.0000000000 -0.0004732594  0.0000000021 -0.0000000000 -0.0000000000 -0.0000000000  0.0000000006 -0.0000000000 -0.0000000000  0.0000000006  0.0000000000  0.0347012653
  0.2000000000  0.3333333333  0.3333333333  0.6666666667  0.3333333333  0.3333333333  0.1025467819  0.0230524862  0.0000000005 -0.0000000000 -0.0000000000 -0.0009830929  0.0854122754  0.0000000005 -0.0000000000 -0.0000000000 -0.0007823667  0.0000000021 -0.0000000000 -0.0000000000 -0.0000000000  0.0000000006 -0.0000000000 -0.0000000000  0.0000000006 -0.0000000000  0.0339763234
  0.2000000000  0.3333333333  0.3333333333  0.6666666667  0.3333333333  0.6666666667  0.0852643167  0.0000000005  0.0236843988 -0.0000000000  0.0003627886  0.0000000000  0.0000000021  0.0000000005 -0.0000000000 -0.0000000000 -0.0000000000  0.1025322028 -0.0000000000  0.0004038777  0.0000000000  0.0000000006  0.0000000000 -0.0000000000  0.0338139136 -0.0000000000  0.0000000006
  0.2000000000  0.3333333333  0.3333333333  0.6666666667  0.3333333333  1.0000000000  0.0864903022  0.0000000005  0.0232977091 -0.0000000000  0.0000642074 -0.0000000000  0.0000000021  0.0000000005 -0.0000000000 -0.0000000000 -0.0000000000  0.1035409650 -0.0000000000  0.0000386939 -0.0000000000  0.0000000006  0.0000000000 -0.0000000000  0.0345205158 -0.0000000000  0.0000000006
  0.2000000000  0.3333333333  0.3333333333  0.6666666667  0.6666666667  0.0000000000  0.1027805092  0.0240848493  0.0000000005  0.0000000000  0.0000000000 -0.0001661962  0.0847673088  0.0000000005  0.0000000000 -0.0000000000 -0.0001022448  0.0000000021 -0.0000000000 -0.0000000000 -0.0000000000  0.0000000006 -0.0000000000 -0.0000000000  0.0000000006  0.0000000000  0.0337683121
  0.2000000000  0.3333333333  0.3333333333  0.6666666667  0.6666666667  0.3333333333  0.1034524616  0.0234549588  0.0000000005 -0.0000000000  0.0000000000 -0.0001033496  0.0853269319  0.0000000005 -0.0000000000  0.0000000000 -0.0000384894  0.0000000021 -0.0000000000 -0.0000000000  0.0000000000  0.0000000006 -0.0000000000  0.0000000000  0.0000000006 -0.0000000000  0.0345197351
  0.2000000000  0.3333333333  0.3333333333  0.6666666667  0.6666666667  0.6666666667  0.1026382884  0.0241104452  0.0000000005  0.0000000000 -0.0000000000  0.0000259666  0.0848758598  0.0000000005  0.0000000000 -0.0000000000  0.0000645987  0.0000000021 -0.0000000000 -0.0000000000 -0.0000000000  0.0000000006 -0.0000000000 -0.0000000000  0.0000000006  0.0000000000  0.0337762926
  0.2000000000  0.3333333333  0.3333333333  0.6666666667  0.6666666667  1.0000000000  0.0848247287  0.0000000005  0.0233944131 -0.0000000000  0.0001235946  0.0000000000  0.0000000021  0.0000000005  0.0000000000 -0.0000000000 -0.0000000000  0.1035749498 -0.0000000000  0.0000343346  0.0000000000  0.0000000006  0.0000000000 -0.0000000000  0.0347266654  0.0000000000  0.0000000006
  0.2000000000  0.3333333333  0.3333333333  0.6666666667  1.0000000000  0.0000000000  0.1024267447  0.0240958505  0.0000000005  0.0000000000 -0.0000000000  0.0001755167  0.0851402002  0.0000000005  0.0000000000 -0.0000000000  0.0002048891  0.0000000021 -0.0000000000 -0.0000000000 -0.0000000000  0.0000000006 -0.0000000000 -0.0000000000  0.0000000006  0.0000000000  0.0337567065
  0.2000000000  0.3333333333  0.3333333333  0.6666666667  1.0000000000  0.3333333333  0.1035600120  0.0231071887  0.0000000005 -0.0000000000  0.0000000000  0.0005897495  0.0859527308  0.0000000005 -0.0000000000  0.0000000000  0.0005325090  0.0000000021 -0.0000000000 -0.0000000000  0.0000000000  0.0000000006 -0.0000000000  0.0000000000  0.0000000006  0.0000000000  0.0340596548
  0.2000000000  0.3333333333  0.3333333333  0.6666666667  1.0000000000  0.6666666667  0.1035052807  0.0230057894  0.0000000005 -0.0000000000 -0.0000000000  0.0000137094  0.0868847046  0.0000000005 -0.0000000000 -0.0000000000  0.0000129343  0.0000000021  0.0000000000 -0.0000000000  0.0000000000  0.0000000006 -0.0000000000 -0.0000000000  0.0000000006  0.0000000000  0.0339989662
  0.2000000000  0.3333333333  0.3333333333  0.6666666667  1.0000000000  1.0000000000  0.1023603447  0.0240861609  0.0000000005  0.0000000000 -0.0000000000  0.0001608376  0.0851483805  0.0000000005  0.0000000000 -0.0000000000  0.0001805867  0.0000000021 -0.0000000000 -0.0000000000  0.0000000000  0.0000000006 -0.0000000000 -0.0000000000  0.0000000006  0.0000000000  0.0337737190
  0.2000000000  0.3333333333  0.3333333333  1.0000000000  0.0000000000  0.0000000000  0.0097005192  0.0097005141  0.0097003870 -0.0097003424  0.0097003424 -0.0097005139  0.0097005193  0.0097003870 -0.0097003423  0.0097003425 -0.0097005140  0.0097006800 -0.0097003468  0.0097003469 -0.0097003861  0.0097004420 -0.0097004393  0.0097003423  0.0097004421 -0.0097003423  0.0097005157
  0.2000000000  0.3333333333  0.3333333333  1.0000000000  0.0000000000  0.3333333333  0.0149611334  0.0149611304  0.0049066449 -0.0037826931  0.0037826931 -0.0149611303  0.0149611332  0.0049066450 -0.0037826931  0.0037826931 -0.0149611302  0.0376704614 -0.0033455628  0.0033455627 -0.0049066446  0.0051305011 -0.0051305001  0.0037826931  0.0051305012 -0.0037826931  0.0149611313
  0.2000000000  0.3333333333  0.3333333333  1.0000000000  0.0000000000  0.6666666667  0.0832777454  0.0000000005  0.0234571065  0.0000000000 -0.0001258960  0.0000000000  0.0000000021  0.0000000005 -0.0000000000 -0.0000000000 -0.0000000000  0.1043069364  0.0000000000 -0.0001624392  0.0000000000  0.0000000006  0.0000000000 -0.0000000000  0.0337434130  0.0000000000  0.0000000006
  0.2000000000  0.3333333333  0.3333333333  1.0000000000  0.0000000000  1.0000000000  0.0828993270  0.0000000005  0.0234173573  0.0000000000 -0.0003362180  0.0000000000  0.0000000021  0.0000000005 -0.0000000000 -0.0000000000 -0.0000000000  0.1043498441  0.0000000000 -0.0004247930  0.0000000000  0.0000000006  0.0000000000 -0.0000000000  0.0337423169  0.0000000000  0.0000000006
  0.2000000000  0.3333333333  0.3333333333  1.0000000000  0.3333333333  0.0000000000  0.1023760941  0.0235287071  0.0000000005 -0.0000000000  0.0000000000 -0.0008190430  0.0853004223  0.0000000004 -0.0000000000  0.0000000000 -0.0005670466  0.0000000021 -0.0000000000 -0.0000000000 -0.0000000000  0.0000000006 -0.0000000000 -0.0000000000  0.0000000006  0.0000000000  0.0347907424
  0.2000000000  0.3333333333  0.3333333333  1.0000000000  0.3333333333  0.3333333333  0.1008335294  0.0232769019  0.0000000005 -0.0000000000  0.0000000000 -0.0007071129  0.0873866753  0.0000000005 -0.0000000000  0.0000000000 -0.0005646241  0.0000000021 -0.0000000000  0.0000000000 -0.0000000000  0.0000000006 -0.0000000000  0.0000000000  0.0000000006 -0.0000000000  0.0342537772
  0.2000000000  0.3333333333  0.3333333333  1.0000000000  0.3333333333  0.6666666667  0.1025618597  0.0240657755  0.0000000005  0.0000000000  0.0000000000 -0.0002865764  0.0848876045  0.0000000005  0.0000000000  0.0000000000 -0.0002481872  0.0000000021 -0.0000000000 -0.0000000000 -0.0000000000  0.0000000006 -0.0000000000  0.0000000000  0.0000000006  0.0000000000  0.0337740753
  0.2000000000  0.3333333333  0.3333333333  1.0000000000  0.3333333333  1.0000000000  0.0840059177  0.0000000004  0.0236983034 -0.0000000000  0.0001581821  0.0000000000  0.0000000021  0.0000000005 -0.0000000000  0.0000000000 -0.0000000000  0.1035088907 -0.0000000000  0.0000603557  0.0000000000  0.0000000006  0.0000000000 -0.0000000000  0.0337584079 -0.0000000000  0.0000000006
  0.2000000000  0.3333333333  0.3333333333  1.0000000000  0.6666666667  0.0000000000  0.1031609837  0.0235181197  0.0000000005 -0.0000000000  0.0000000000 -0.0000756525  0.0855950385  0.0000000005 -0.0000000000  0.0000000000  0.0001589100  0.0000000021 -0.0000000000 -0.0000000000 -0.0000000000  0.0000000006 -0.0000000000 -0.0000000000  0.0000000006 -0.0000000000  0.0350054142
  0.2000000000  0.3333333333  0.3333333333  1.0000000000  0.6666666667  0.3333333333  0.1031595241  0.0235172030  0.0000000005 -0.0000000000  0.0000000000 -0.0000718475  0.0855917879  0.0000000005 -0.0000000000  0.0000000000  0.0001624444  0.0000000021 -0.0000000000 -0.0000000000  0.0000000000  0.0000000006 -0.0000000000 -0.0000000000  0.0000000006 -0.0000000000  0.0350045645
  0.2000000000  0.3333333333  0.3333333333  1.0000000000  0.6666666667  0.6666666667  0.1022929866  0.0240679600  0.0000000005  0.0000000000 -0.0000000000  0.0000801454  0.0851122732  0.0000000005  0.0000000000 -0.0000000000  0.0001004950  0.0000000021 -0.0000000000 -0.0000000000 -0.0000000000  0.0000000006 -0.0000000000  0.0000000000  0.0000000006  0.0000000000  0.0338335107
  0.2000000000  0.3333333333  0.3333333333  1.0000000000  0.6666666667  1.0000000000  0.1025923670  0.0241415714  0.0000000005  0.0000000000 -0.0000000000  0.0000373414  0.0848664689  0.0000000005  0.0000000000 -0.0000000000  0.0000492835  0.0000000021 -0.0000000000 -0.0000000000 -0.0000000000  0.0000000006 -0.0000000000 -0.0000000000  0.0000000006  0.0000000000  0.0337898731
  0.2000000000  0.3333333333  0.3333333333  1.0000000000  1.0000000000  0.0000000000  0.1025071701  0.0240649944  0.0000000005  0.0000000000 -0.0000000000  0.0001936125  0.0849627864  0.0000000005  0.0000000000 -0.0000000000  0.0002097227  0.0000000021 -0.0000000000 -0.0000000000  0.0000000000  0.0000000006 -0.0000000000 -0.0000000000  0.0000000006  0.0000000000  0.0338221404
  0.2000000000  0.3333333333  0.3333333333  1.0000000000  1.0000000000  0.3333333333  0.1022233379  0.0240083283  0.0000000005  0.0000000000 -0.0000000000  0.0002284903  0.0852178152  0.0000000005  0.0000000000 -0.0000000000  0.0002524723  0.0000000021 -0.0000000000 -0.0000000000  0.0000000000  0.0000000006 -0.0000000000 -0.0000000000  0.0000000006  0.0000000000  0.0338498787
  0.2000000000  0.3333333333  0.3333333333  1.0000000000  1.0000000000  0.6666666667  0.1031666568  0.0234571790  0.0000000005 -0.0000000000  0.0000000000  0.0003210008  0.0853419221  0.0000000005 -0.0000000000  0.0000000000  0.0004008000  0.0000000021 -0.0000000000 -0.0000000000  0.0000000000  0.0000000006 -0.0000000000  0.0000000000  0.0000000006 -0.0000000000  0.0347671828
  0.2000000000  0.3333333333  0.3333333333  1.0000000000  1.0000000000  1.0000000000  0.1032298510  0.0234546560  0.0000000005 -0.0000000000  0.0000000000  0.0003402014  0.0852570037  0.0000000005 -0.0000000000  0.0000000000  0.0004110619  0.0000000021 -0.0000000000 -0.0000000000  0.0000000000  0.0000000006 -0.0000000000  0.0000000000  0.0000000006 -0.0000000000  0.0347604147
  0.2000000000  0.3333333333  0.6666666667  0.0000000000  0.0000000000  0.0000000000  0.0870519331  0.0000000005  0.0226602264  0.0000000000  0.0016185627 -0.0000000000  0.0000000021  0.0000000005 -0.0000000000  0.0000000000 -0.0000000000  0.0985818217  0.0000000000  0.0016177738 -0.0000000000  0.0000000006 -0.0000000000 -0.0000000000  0.0339027212  0.0000000000  0.0000000006
  0.2000000000  0.3333333333  0.6666666667  0.0000000000  0.0000000000  0.3333333333  0.0870499723  0.0000000005  0.0231846699  0.0000000000  0.0009629704 -0.0000000000  0.0000000021  0.0000000005 -0.0000000000  0.0000000000 -0.0000000000  0.1005009109  0.0000000000  0.0009475980 -0.0000000000  0.0000000006 -0.0000000000 -0.0000000000  0.0343335181  0.0000000000  0.0000000006
  0.2000000000  0.3333333333  0.6666666667  0.0000000000  0.0000000000  0.6666666667  0.0868414766  0.0000000005  0.0241330378  0.0000000000  0.0001317423 -0.0000000000  0.0000000021  0.0000000005 -0.0000000000 -0.0000000000 -0.0000000000  0.1001466402  0.0000000000  0.0001269083 -0.0000000000  0.0000000006 -0.0000000000 -0.0000000000  0.0336882438 -0.0000000000  0.0000000006
  0.2000000000  0.3333333333  0.6666666667  0.0000000000  0.0000000000  1.0000000000  0.0855952156  0.0000000005  0.0242309602 -0.0000000000  0.0000836588  0.0000000000  0.0000000021  0.0000000005 -0.0000000000  0.0000000000 -0.0000000000  0.1017871155 -0.0000000000  0.0000556245  0.0000000000  0.0000000006  0.0000000000 -0.0000000000  0.0336785039  0.0000000000  0.0000000006
  0.2000000000  0.3333333333  0.6666666667  0.0000000000  0.3333333333  0.0000000000  0.0245901880  0.0000000006  0.0245858360 -0.0000000000  0.0245846233  0.0000000000  0.0000000033  0.0000000005 -0.0000000000  0.0000000002  0.0000000000  0.0245907608 -0.0000000000  0.0245849129  0.0000000000  0.0000000010  0.0000000000 -0.0000000000  0.0245869998 -0.0000000000  0.0000000010
  0.2000000000  0.3333333333  0.6666666667  0.0000000000  0.3333333333  0.3333333333  0.0869032882  0.0000000005  0.0234242087 -0.0000000000  0.0009210596  0.0000000000  0.0000000021  0.0000000005 -0.0000000000  0.0000000000 -0.0000000000  0.0997291191 -0.0000000000  0.0009646075  0.0000000000  0.0000000006  0.0000000000 -0.0000000000  0.0337662894 -0.0000000000  0.0000000006
  0.2000000000  0.3333333333  0.6666666667  0.0000000000  0.3333333333  0.6666666667  0.0868587751  0.0000000005  0.0240881891  0.0000000000  0.0001738973 -0.0000000000  0.0000000021  0.0000000005 -0.0000000000 -0.0000000000 -0.0000000000  0.1001294325  0.0000000000  0.0001781032 -0.0000000000  0.0000000006 -0.0000000000 -0.0000000000  0.0336845360 -0.0000000000  0.0000000006
  0.2000000000  0.3333333333  0.6666666667  0.0000000000  0.3333333333  1.0000000000  0.0857930795  0.0000000005  0.0241394009 -0.0000000000 -0.0001252180 -0.0000000000  0.0000000021  0.0000000005 -0.0000000000 -0.0000000000 -0.0000000000  0.1016369729 -0.0000000000 -0.0001655198 -0.0000000000  0.0000000006 -0.0000000000 -0.0000000000  0.0337198964  0.0000000000  0.0000000006
  0.2000000000  0.3333333333  0.6666666667  0.0000000000  0.6666666667  0.0000000000  0.1037335101  0.0230114274  0.0000000005 -0.0000000000  0.0000000000  0.0006569408  0.0857876758  0.0000000004 -0.0000000000  0.0000000000  0.0005865189  0.0000000021 -0.0000000000 -0.0000000000  0.0000000000  0.0000000006 -0.0000000000  0.0000000000  0.0000000006  0.0000000000  0.0339749047
  0.2000000000  0.3333333333  0.6666666667  0.0000000000  0.6666666667  0.3333333333  0.0870539336  0.0000000005  0.0232411614  0.0000000000  0.0008677511 -0.0000000000  0.0000000021  0.0000000005 -0.0000000000  0.0000000000 -0.0000000000  0.1007690218  0.0000000000  0.0008341492 -0.0000000000  0.0000000006 -0.0000000000 -0.0000000000  0.0344332005  0.0000000000  0.0000000006
  0.2000000000  0.3333333333  0.6666666667  0.0000000000  0.6666666667  0.6666666667  0.0872686654  0.0000000005  0.0232566798  0.0000000000  0.0005177626 -0.0000000000  0.0000000021  0.0000000005 -0.0000000000  0.0000000000 -0.0000000000  0.1012231998  0.0000000000  0.0003997610 -0.0000000000  0.0000000006 -0.0000000000 -0.0000000000  0.0347335534  0.0000000000  0.0000000006
  0.2000000000  0.3333333333  0.6666666667  0.0000000000  0.6666666667  1.0000000000  0.0855987933  0.0000000005  0.0235136710  0.0000000000  0.0001825452 -0.0000000000  0.0000000021  0.0000000005 -0.0000000000  0.0000000000 -0.0000000000  0.1031661637  0.0000000000 -0.0000465434 -0.0000000000  0.0000000006 -0.0000000000 -0.0000000000  0.0350015126 -0.0000000000  0.0000000006
  0.2000000000  0.3333333333  0.6666666667  0.0000000000  1.0000000000  0.0000000000  0.1015085155  0.0233331369  0.0000000005  0.0000000000 -0.0000000000  0.0009398633  0.0861713955  0.0000000005  0.0000000000 -0.0000000000  0.0008090082  0.0000000021 -0.0000000000 -0.0000000000 -0.0000000000  0.0000000006 -0.0000000000 -0.0000000000  0.0000000006  0.0000000000  0.0336285436
  0.2000000000  0.3333333333  0.6666666667  0.0000000000  1.0000000000  0.3333333333  0.0864644701  0.0000000005  0.0234982838  0.0000000000  0.0009957031 -0.0000000000  0.0000000021  0.0000000005 -0.0000000000  0.0000000000 -0.0000000000  0.1006054234  0.0000000000  0.0010761537 -0.0000000000  0.0000000006 -0.0000000000 -0.0000000000  0.0337490467  0.0000000000  0.0000000006
  0.2000000000  0.3333333333  0.6666666667  0.0000000000  1.0000000000  0.6666666667  0.0862649361  0.0000000005  0.0236549204  0.0000000000  0.0004607683 -0.0000000000  0.0000000021  0.0000000005 -0.0000000000  0.0000000000 -0.0000000000  0.1008658401  0.0000000000  0.0004122605 -0.0000000000  0.0000000006 -0.0000000000 -0.0000000000  0.0339510518  0.0000000000  0.0000000006
  0.2000000000  0.3333333333  0.6666666667  0.0000000000  1.0000000000  1.0000000000  0.0871886197  0.0000000005  0.0231073570  0.0000000000  0.0002337084 -0.0000000000  0.0000000021  0.0000000005 -0.0000000000  0.0000000000 -0.0000000000  0.1015174964  0.0000000000  0.0001382217 -0.0000000000  0.0000000006 -0.0000000000 -0.0000000000  0.0339903702  0.0000000000  0.0000000006
  0.2000000000  0.3333333333  0.6666666667  0.3333333333  0.0000000000  0.0000000000  0.0849891391  0.0000000005  0.0228409112 -0.0000000000  0.0026874693 -0.0000000000  0.0000000021  0.0000000005 -0.0000000000  0.0000000000 -0.0000000000  0.0945543063 -0.0000000000  0.0027484244 -0.0000000000  0.0000000006  0.0000000000 -0.0000000000  0.0322891132  0.0000000000  0.0000000006
  0.2000000000  0.3333333333  0.6666666667  0.3333333333  0.0000000000  0.3333333333  0.0870770619  0.0000000004  0.0230633369 -0.0000000000  0.0009348271  0.0000000000  0.0000000021  0.0000000005 -0.0000000000  0.0000000000 -0.0000000000  0.1010868688 -0.0000000000  0.0009727358  0.0000000000  0.0000000006  0.0000000000 -0.0000000000  0.0344358014 -0.0000000000  0.0000000006
  0.2000000000  0.3333333333  0.6666666667  0.3333333333  0.0000000000  0.6666666667  0.0855080441  0.0000000005  0.0241399451 -0.0000000000  0.0003429520  0.0000000000  0.0000000021  0.0000000005 -0.0000000000 -0.0000000000 -0.0000000000  0.1019138834 -0.0000000000  0.0003225065  0.0000000000  0.0000000006  0.0000000000 -0.0000000000  0.0337016284 -0.0000000000  0.0000000006
  0.2000000000  0.3333333333  0.6666666667  0.3333333333  0.0000000000  1.0000000000  0.0847244005  0.0000000005  0.0240861782 -0.0000000000  0.0000560278  0.0000000000  0.0000000021  0.0000000005 -0.0000000000  0.0000000000 -0.0000000000  0.1027758750 -0.0000000000  0.0000240228  0.0000000000  0.0000000006  0.0000000000 -0.0000000000  0.0338033167 -0.0000000000  0.0000000006
  0.2000000000  0.3333333333  0.6666666667  0.3333333333  0.3333333333  0.0000000000  0.0860147462  0.0000000004  0.0230075090 -0.0000000000  0.0017673260  0.0000000000  0.0000000021  0.0000000005 -0.0000000000  0.0000000000 -0.0000000000  0.0981890545 -0.0000000000  0.0018106522  0.0000000000  0.0000000006  0.0000000000 -0.0000000000  0.0341065367 -0.0000000000  0.0000000006
  0.2000000000  0.3333333333  0.6666666667  0.3333333333  0.3333333333  0.3333333333  0.0869432979  0.0000000004  0.0231161753 -0.0000000000  0.0008912585  0.0000000000  0.0000000021  0.0000000005 -0.0000000000  0.0000000000 -0.0000000000  0.1013231562 -0.0000000000  0.0009249829  0.0000000000  0.0000000006  0.0000000000 -0.0000000000  0.0344625892 -0.0000000000  0.0000000006
  0.2000000000  0.3333333333  0.6666666667  0.3333333333  0.3333333333  0.6666666667  0.0854066275  0.0000000005  0.0240036347 -0.0000000000  0.0003245025  0.0000000000  0.0000000021  0.0000000005 -0.0000000000 -0.0000000000 -0.0000000000  0.1021356773 -0.0000000000  0.0003185582  0.0000000000  0.0000000006  0.0000000000 -0.0000000000  0.0337666742 -0.0000000000  0.0000000006
  0.2000000000  0.3333333333  0.6666666667  0.3333333333  0.3333333333  1.0000000000  0.0849865421  0.0000000005  0.0240687709 -0.0000000000  0.0000820213  0.0000000000  0.0000000021  0.0000000005 -0.0000000000 -0.0000000000 -0.0000000000  0.1025512536 -0.0000000000  0.0000510405  0.0000000000  0.0000000006  0.0000000000 -0.0000000000  0.0337977314 -0.0000000000  0.0000000006
  0.2000000000  0.3333333333  0.6666666667  0.3333333333  0.6666666667  0.0000000000  0.1024191582  0.0237897435  0.0000000005  0.0000000000 -0.0000000000  0.0004023553  0.0852541241  0.0000000005  0.0000000000 -0.0000000000  0.0004141001  0.0000000021 -0.0000000000 -0.0000000000  0.0000000000  0.0000000006 -0.0000000000 -0.0000000000  0.0000000006  0.0000000000  0.0336051340
  0.2000000000  0.3333333333  0.6666666667  0.3333333333  0.6666666667  0.3333333333  0.0869142156  0.0000000004  0.0231272826 -0.0000000000  0.0008776879  0.0000000000  0.0000000021  0.0000000005 -0.0000000000  0.0000000000 -0.0000000000  0.1013759647 -0.0000000000  0.0009115114  0.0000000000  0.0000000006  0.0000000000 -0.0000000000  0.0344684482 -0.0000000000  0.0000000006
  0.2000000000  0.3333333333  0.6666666667  0.3333333333  0.6666666667  0.6666666667  0.0853535772  0.0000000005  0.0239991970 -0.0000000000  0.0003066216  0.0000000000  0.0000000021  0.0000000005 -0.0000000000 -0.0000000000 -0.0000000000  0.1022090850 -0.0000000000  0.0002974932  0.0000000000  0.0000000006  0.0000000000 -0.0000000000  0.0337776144 -0.0000000000  0.0000000006
  0.2000000000  0.3333333333  0.6666666667  0.3333333333  0.6666666667  1.0000000000  0.0849970817  0.0000000005  0.0240554260 -0.0000000000  0.0000937988  0.0000000000  0.0000000021  0.0000000005 -0.0000000000 -0.0000000000 -0.0000000000  0.1025501833 -0.0000000000  0.0000626727  0.0000000000  0.0000000006  0.0000000000 -0.0000000000  0.0338052561 -0.0000000000  0.0000000006
  0.2000000000  0.3333333333  0.6666666667  0.3333333333  1.0000000000  0.0000000000  0.1014010155  0.0235203674  0.0000000005  0.0000000000 -0.0000000000  0.0007808566  0.0862034151  0.0000000005  0.0000000000 -0.0000000000  0.0007142648  0.0000000021 -0.0000000000 -0.0000000000 -0.0000000000  0.0000000006 -0.0000000000 -0.0000000000  0.0000000006  0.0000000000  0.0336677884
  0.2000000000  0.3333333333  0.6666666667  0.3333333333  1.0000000000  0.3333333333  0.0869281463  0.0000000004  0.0231267880 -0.0000000000  0.0008612534  0.0000000000  0.0000000021  0.0000000005 -0.0000000000  0.0000000000 -0.0000000000  0.1013942496 -0.0000000000  0.0008972796  0.0000000000  0.0000000006  0.0000000000 -0.0000000000  0.0344755765 -0.0000000000  0.0000000006
  0.2000000000  0.3333333333  0.6666666667  0.3333333333  1.0000000000  0.6666666667  0.0853680872  0.0000000005  0.0239898184 -0.0000000000  0.0002995501  0.0000000000  0.0000000021  0.0000000005 -0.0000000000 -0.0000000000 -0.0000000000  0.1022023085 -0.0000000000  0.0002883880  0.0000000000  0.0000000006  0.0000000000 -0.0000000000  0.0337828171 -0.0000000000  0.0000000006
  0.2000000000  0.3333333333  0.6666666667  0.3333333333  1.0000000000  1.0000000000  0.0861635695  0.0000000005  0.0230869534 -0.0000000000  0.0000395852 -0.0000000000  0.0000000021  0.0000000005 -0.0000000000 -0.0000000000 -0.0000000000  0.1035316772 -0.0000000000  0.0000013633 -0.0000000000  0.0000000006  0.0000000000 -0.0000000000  0.0339609223 -0.0000000000  0.0000000006
  0.2000000000  0.3333333333  0.6666666667  0.6666666667  0.0000000000  0.0000000000  0.0097015278  0.0097013960  0.0097015226 -0.0097013517  0.0097015225 -0.0097013517  0.0097016881  0.0097013958 -0.0097013559  0.0097013949 -0.0097013562  0.0097015279 -0.0097013514  0.0097015226 -0.0097013516  0.0097014512 -0.0097013516  0.0097014485  0.0097015243 -0.0097013515  0.0097014512
  0.2000000000  0.3333333333  0.6666666667  0.6666666667  0.0000000000  0.3333333333  0.0862622034  0.0000000004  0.0232495629 -0.0000000000  0.0008059304  0.0000000000  0.0000000021  0.0000000005 -0.0000000000  0.0000000000 -0.0000000000  0.1023090573 -0.0000000000  0.0008414131  0.0000000000  0.0000000006  0.0000000000 -0.0000000000  0.0345368599 -0.0000000000  0.0000000006
  0.2000000000  0.3333333333  0.6666666667  0.6666666667  0.0000000000  0.6666666667  0.0847695824  0.0000000005  0.0240767370 -0.0000000000  0.0001137833  0.0000000000  0.0000000021  0.0000000005 -0.0000000000  0.0000000000 -0.0000000000  0.1027738557 -0.0000000000  0.0000801629  0.0000000000  0.0000000006  0.0000000000 -0.0000000000  0.0337816386 -0.0000000000  0.0000000006
  0.2000000000  0.3333333333  0.6666666667  0.6666666667  0.0000000000  1.0000000000  0.0844463027  0.0000000005  0.0240002800  0.0000000000 -0.0001318943  0.0000000000  0.0000000021  0.0000000005 -0.0000000000 -0.0000000000 -0.0000000000  0.1030774102  0.0000000000 -0.0001955949  0.0000000000  0.0000000006  0.0000000000 -0.0000000000  0.0337943534 -0.0000000000  0.0000000006
  0.2000000000  0.3333333333  0.6666666667  0.6666666667  0.3333333333  0.0000000000  0.0096984717  0.0096983357  0.0096984654 -0.0096982900  0.0096984650 -0.0096982905  0.0096986350  0.0096983350 -0.0096982934  0.0096983339 -0.0096982950  0.0096984722 -0.0096982892  0.0096984653 -0.0096982899  0.0096983923 -0.0096982899  0.0096983886  0.0096984675 -0.0096982895  0.0096983925
  0.2000000000  0.3333333333  0.6666666667  0.6666666667  0.3333333333  0.3333333333  0.0860730596  0.0000000004  0.0232902321 -0.0000000000  0.0007999541  0.0000000000  0.0000000021  0.0000000005 -0.0000000000  0.0000000000 -0.0000000000  0.1026011137 -0.0000000000  0.0008380958  0.0000000000  0.0000000006  0.0000000000 -0.0000000000  0.0345572737 -0.0000000000  0.0000000006
  0.2000000000  0.3333333333  0.6666666667  0.6666666667  0.3333333333  0.6666666667  0.0864645023  0.0000000005  0.0233112058 -0.0000000000  0.0001238041 -0.0000000000  0.0000000021  0.0000000005 -0.0000000000  0.0000000000 -0.0000000000  0.1035204666 -0.0000000000  0.0001177892 -0.0000000000  0.0000000006  0.0000000000 -0.0000000000  0.0345405635 -0.0000000000  0.0000000006
  0.2000000000  0.3333333333  0.6666666667  0.6666666667  0.3333333333  1.0000000000  0.0845007297  0.0000000005  0.0240142875  0.0000000000 -0.0001281913  0.0000000000  0.0000000021  0.0000000005 -0.0000000000 -0.0000000000 -0.0000000000  0.1030251227  0.0000000000 -0.0001915930  0.0000000000  0.0000000006  0.0000000000 -0.0000000000  0.0337922227 -0.0000000000  0.0000000006
  0.2000000000  0.3333333333  0.6666666667  0.6666666667  0.6666666667  0.0000000000  0.1031665398  0.0235133162  0.0000000005 -0.0000000000  0.0000000000 -0.0000443592  0.0855988489  0.0000000005 -0.0000000000  0.0000000000  0.0001843347  0.0000000021 -0.0000000000 -0.0000000000  0.0000000000  0.0000000006 -0.0000000000 -0.0000000000  0.0000000006 -0.0000000000  0.0350012116
  0.2000000000  0.3333333333  0.6666666667  0.6666666667  0.6666666667  0.3333333333  0.0860576070  0.0000000004  0.0232982072 -0.0000000000  0.0007826719  0.0000000000  0.0000000021  0.0000000005 -0.0000000000  0.0000000000 -0.0000000000  0.1026529357 -0.0000000000  0.0008181229  0.0000000000  0.0000000006  0.0000000000 -0.0000000000  0.0345678110 -0.0000000000  0.0000000006
  0.2000000000  0.3333333333  0.6666666667  0.6666666667  0.6666666667  0.6666666667  0.0865385781  0.0000000005  0.0232911098 -0.0000000000  0.0000859083 -0.0000000000  0.0000000021  0.0000000005 -0.0000000000 -0.0000000000 -0.0000000000  0.1035426331 -0.0000000000  0.0000655617 -0.0000000000  0.0000000006  0.0000000000 -0.0000000000  0.0345206865 -0.0000000000  0.0000000006
  0.2000000000  0.3333333333  0.6666666667  0.6666666667  0.6666666667  1.0000000000  0.0864971793  0.0000000005  0.0232934763 -0.0000000000  0.0000604394 -0.0000000000  0.0000000021  0.0000000005 -0.0000000000 -0.0000000000 -0.0000000000  0.1035385314 -0.0000000000  0.0000316851 -0.0000000000  0.0000000006  0.0000000000 -0.0000000000  0.0345064494 -0.0000000000  0.0000000006
  0.2000000000  0.3333333333  0.6666666667  0.6666666667  1.0000000000  0.0000000000  0.0995561491  0.0229557986  0.0000000005 -0.0000000000  0.0000000000 -0.0001445565  0.0889644949  0.0000000005 -0.0000000000  0.0000000000  0.0000288143  0.0000000021 -0.0000000000  0.0000000000  0.0000000000  0.0000000006 -0.0000000000  0.0000000000  0.0000000006 -0.0000000000  0.0345559715
  0.2000000000  0.3333333333  0.6666666667  0.6666666667  1.0000000000  0.3333333333  0.1015546616  0.0226034818  0.0000000005 -0.0000000000 -0.0000000000  0.0006337663  0.0870359000  0.0000000005 -0.0000000000 -0.0000000000  0.0005600715  0.0000000021 -0.0000000000 -0.0000000000  0.0000000000  0.0000000006 -0.0000000000  0.0000000000  0.0000000006  0.0000000000  0.0339605108
  0.2000000000  0.3333333333  0.6666666667  0.6666666667  1.0000000000  0.6666666667  0.0864847228  0.0000000005  0.0232978932 -0.0000000000  0.0000502700 -0.0000000000  0.0000000021  0.0000000005 -0.0000000000 -0.0000000000  0.0000000000  0.1035329723 -0.0000000000  0.0000256842 -0.0000000000  0.0000000006 -0.0000000000  0.0000000000  0.0345353666 -0.0000000000  0.0000000006
  0.2000000000  0.3333333333  0.6666666667  0.6666666667  1.0000000000  1.0000000000  0.0852632657  0.0000000005  0.0234598281 -0.0000000000 -0.0001882524 -0.0000000000  0.0000000021  0.0000000005 -0.0000000000 -0.0000000000 -0.0000000000  0.1034315222 -0.0000000000 -0.0002042536 -0.0000000000  0.0000000006 -0.0000000000 -0.0000000000  0.0344832642 -0.0000000000  0.0000000006
  0.2000000000  0.3333333333  0.6666666667  1.0000000000  0.0000000000  0.0000000000  0.0097098112  0.0097098067  0.0097096790 -0.0097096368  0.0097096368 -0.0097098066  0.0097098113  0.0097096790 -0.0097096367  0.0097096369 -0.0097098066  0.0097099692 -0.0097096402  0.0097096402 -0.0097096783  0.0097097368 -0.0097097345  0.0097096368  0.0097097368 -0.0097096368  0.0097098081
  0.2000000000  0.3333333333  0.6666666667  1.0000000000  0.0000000000  0.3333333333  0.0097015298  0.0097015242  0.0097013965 -0.0097013532  0.0097013533 -0.0097015241  0.0097015300  0.0097013963 -0.0097013529  0.0097013533 -0.0097015242  0.0097016891 -0.0097013567  0.0097013572 -0.0097013953  0.0097014538 -0.0097014508  0.0097013531  0.0097014540 -0.0097013531  0.0097015261
  0.2000000000  0.3333333333  0.6666666667  1.0000000000  0.0000000000  0.6666666667  0.0838467064  0.0000000005  0.0236595525 -0.0000000000 -0.0003552496 -0.0000000000  0.0000000021  0.0000000005 -0.0000000000 -0.0000000000 -0.0000000000  0.1034376074 -0.0000000000 -0.0004127988 -0.0000000000  0.0000000006 -0.0000000000 -0.0000000000  0.0339745200 -0.0000000000  0.0000000006
  0.2000000000  0.3333333333  0.6666666667  1.0000000000  0.0000000000  1.0000000000  0.0848173005  0.0000000004  0.0233176036  0.0000000000 -0.0007530666  0.0000000000  0.0000000021  0.0000000005 -0.0000000000 -0.0000000000 -0.0000000000  0.1036665056  0.0000000000 -0.0008022488  0.0000000000  0.0000000006  0.0000000000 -0.0000000000  0.0345955173  0.0000000000  0.0000000006
  0.2000000000  0.3333333333  0.6666666667  1.0000000000  0.3333333333  0.0000000000  0.0097011723  0.0097010401  0.0097011665 -0.0097009955  0.0097011662 -0.0097009958  0.0097013327  0.0097010396 -0.0097009994  0.0097010386 -0.0097010005  0.0097011728 -0.0097009949  0.0097011664 -0.0097009955  0.0097010955 -0.0097009955  0.0097010922  0.0097011684 -0.0097009952  0.0097010956
  0.2000000000  0.3333333333  0.6666666667  1.0000000000  0.3333333333  0.3333333333  0.0097016132  0.0097016071  0.0097014806 -0.0097014357  0.0097014362 -0.0097016068  0.0097016138  0.0097014801 -0.0097014351  0.0097014358 -0.0097016071  0.0097017737 -0.0097014395  0.0097014410 -0.0097014791  0.0097015358 -0.0097015324  0.0097014357  0.0097015361 -0.0097014354  0.0097016092
  0.2000000000  0.3333333333  0.6666666667  1.0000000000  0.3333333333  0.6666666667  0.0865208469  0.0000000005  0.0232893364 -0.0000000000  0.0000526994 -0.0000000000  0.0000000021  0.0000000005 -0.0000000000 -0.0000000000 -0.0000000000  0.1035469551 -0.0000000000  0.0000274997 -0.0000000000  0.0000000006  0.0000000000 -0.0000000000  0.0345114283 -0.0000000000  0.0000000006
  0.2000000000  0.3333333333  0.6666666667  1.0000000000  0.3333333333  1.0000000000  0.0849425115  0.0000000004  0.0233495461  0.0000000000 -0.0007073262  0.0000000000  0.0000000021  0.0000000005 -0.0000000000 -0.0000000000 -0.0000000000  0.1036029761  0.0000000000 -0.0007852727  0.0000000000  0.0000000006  0.0000000000 -0.0000000000  0.0345519939  0.0000000000  0.0000000006
  0.2000000000  0.3333333333  0.6666666667  1.0000000000  0.6666666667  0.0000000000  0.1013354285  0.0240515804  0.0000000005  0.0000000000 -0.0000000000  0.0001449887  0.0858906840  0.0000000005  0.0000000000 -0.0000000000  0.0001920291  0.0000000021 -0.0000000000 -0.0000000000  0.0000000000  0.0000000006 -0.0000000000 -0.0000000000  0.0000000006  0.0000000000  0.0338192430
  0.2000000000  0.3333333333  0.6666666667  1.0000000000  0.6666666667  0.3333333333  0.1011624318  0.0232442548  0.0000000005 -0.0000000000  0.0000000000  0.0003159282  0.0872970448  0.0000000005 -0.0000000000  0.0000000000  0.0004621147  0.0000000021 -0.0000000000 -0.0000000000  0.0000000000  0.0000000006 -0.0000000000  0.0000000000  0.0000000006 -0.0000000000  0.0347478618
  0.2000000000  0.3333333333  0.6666666667  1.0000000000  0.6666666667  0.6666666667  0.0845127211  0.0000000005  0.0239849433 -0.0000000000 -0.0000461892  0.0000000000  0.0000000021  0.0000000005 -0.0000000000 -0.0000000000 -0.0000000000  0.1030048200 -0.0000000000 -0.0000794332  0.0000000000  0.0000000006  0.0000000000 -0.0000000000  0.0337882184 -0.0000000000  0.0000000006
  0.2000000000  0.3333333333  0.6666666667  1.0000000000  0.6666666667  1.0000000000  0.0858346476  0.0000000004  0.0230566606 -0.0000000000 -0.0006573453 -0.0000000000  0.0000000021  0.0000000005 -0.0000000000 -0.0000000000 -0.0000000000  0.1037078735 -0.0000000000 -0.0007520276 -0.0000000000  0.0000000006 -0.0000000000 -0.0000000000  0.0340150759 -0.0000000000  0.0000000006
  0.2000000000  0.3333333333  0.6666666667  1.0000000000  1.0000000000  0.0000000000  0.1012352442  0.0232390823  0.0000000005 -0.0000000000  0.0000000000  0.0003747812  0.0873045316  0.0000000005 -0.0000000000  0.0000000000  0.0005072110  0.0000000021 -0.0000000000 -0.0000000000  0.0000000000  0.0000000006 -0.0000000000  0.0000000000  0.0000000006 -0.0000000000  0.0347508634
  0.2000000000  0.3333333333  0.6666666667  1.0000000000  1.0000000000  0.3333333333  0.1024671220  0.0234382409  0.0000000005 -0.0000000000  0.0000000000  0.0002238173  0.0860424088  0.0000000005 -0.0000000000  0.0000000000  0.0003682053  0.0000000021 -0.0000000000 -0.0000000000  0.0000000000  0.0000000006 -0.0000000000  0.0000000000  0.0000000006 -0.0000000000  0.0348204199
  0.2000000000  0.3333333333  0.6666666667  1.0000000000  1.0000000000  0.6666666667  0.1015864499  0.0231718173  0.0000000005  0.0000000000 -0.0000000000  0.0007529217  0.0860191849  0.0000000005  0.0000000000 -0.0000000000  0.0006888490  0.0000000021 -0.0000000000 -0.0000000000  0.0000000000  0.0000000006 -0.0000000000 -0.0000000000  0.0000000006  0.0000000000  0.0341872148
  0.2000000000  0.3333333333  0.6666666667  1.0000000000  1.0000000000  1.0000000000  0.0842629543  0.0000000005  0.0237691901  0.0000000000 -0.0003930602  0.0000000000  0.0000000021  0.0000000005 -0.0000000000 -0.0000000000 -0.0000000000  0.1032431750  0.0000000000 -0.0004825601  0.0000000000  0.0000000006  0.0000000000 -0.0000000000  0.0338319284  0.0000000000  0.0000000006
  0.2000000000  0.3333333333  1.0000000000  0.0000000000  0.0000000000  0.0000000000  0.0245935088  0.0000000006  0.0245891344  0.0000000000  0.0245879170 -0.0000000000  0.0000000033  0.0000000005  0.0000000000  0.0000000002 -0.0000000000  0.0245940804  0.0000000000  0.0245882062 -0.0000000000  0.0000000010 -0.0000000000 -0.0000000000  0.0245903042  0.0000000000  0.0000000010
  0.2000000000  0.3333333333  1.0000000000  0.0000000000  0.0000000000  0.3333333333  0.0855750064  0.0000000004  0.0235087616  0.0000000000  0.0006530302  0.0000000000  0.0000000021  0.0000000005 -0.0000000000  0.0000000000 -0.0000000000  0.1017605502  0.0000000000  0.0009545834  0.0000000000  0.0000000006 -0.0000000000 -0.0000000000  0.0347422428 -0.0000000000  0.0000000006
  0.2000000000  0.3333333333  1.0000000000  0.0000000000  0.0000000000  0.6666666667  0.0865820604  0.0000000005  0.0242623048  0.0000000000  0.0000804215  0.0000000000  0.0000000021  0.0000000005 -0.0000000000  0.0000000000 -0.0000000000  0.1003586356  0.0000000000  0.0001109537  0.0000000000  0.0000000006  0.0000000000 -0.0000000000  0.0336427193 -0.0000000000  0.0000000006
  0.2000000000  0.3333333333  1.0000000000  0.0000000000  0.0000000000  1.0000000000  0.0865668211  0.0000000005  0.0243009301  0.0000000000 -0.0000000000 -0.0000000000  0.0000000021  0.0000000005 -0.0000000000  0.0000000000 -0.0000000000  0.1003531365  0.0000000000 -0.0000000000 -0.0000000000  0.0000000006 -0.0000000000 -0.0000000000  0.0336242518 -0.0000000000  0.0000000006
  0.2000000000  0.3333333333  1.0000000000  0.0000000000  0.3333333333  0.0000000000  0.0245903775  0.0000000006  0.0245860147 -0.0000000000  0.0245847996  0.0000000000  0.0000000033  0.0000000005 -0.0000000000  0.0000000002  0.0000000000  0.0245909514 -0.0000000000  0.0245850898  0.0000000000  0.0000000010  0.0000000000 -0.0000000000  0.0245871826 -0.0000000000  0.0000000010
  0.2000000000  0.3333333333  1.0000000000  0.0000000000  0.3333333333  0.3333333333  0.0856097299  0.0000000004  0.0235158097  0.0000000000  0.0006475757  0.0000000000  0.0000000021  0.0000000005 -0.0000000000  0.0000000000 -0.0000000000  0.1018621271  0.0000000000  0.0009261383  0.0000000000  0.0000000006 -0.0000000000 -0.0000000000  0.0347313064 -0.0000000000  0.0000000006
  0.2000000000  0.3333333333  1.0000000000  0.0000000000  0.3333333333  0.6666666667  0.0857440330  0.0000000005  0.0242344787  0.0000000000  0.0000200559  0.0000000000  0.0000000021  0.0000000005 -0.0000000000 -0.0000000000 -0.0000000000  0.1013718721  0.0000000000  0.0000395080  0.0000000000  0.0000000006  0.0000000000 -0.0000000000  0.0336775409 -0.0000000000  0.0000000006
  0.2000000000  0.3333333333  1.0000000000  0.0000000000  0.3333333333  1.0000000000  0.0864628617  0.0000000005  0.0243260138 -0.0000000000 -0.0000000000 -0.0000000000  0.0000000021  0.0000000005 -0.0000000000 -0.0000000000 -0.0000000000  0.1005176391 -0.0000000000 -0.0000000000  0.0000000000  0.0000000006 -0.0000000000 -0.0000000000  0.0335884760  0.0000000000  0.0000000006
  0.2000000000  0.3333333333  1.0000000000  0.0000000000  0.6666666667  0.0000000000  0.0246085537  0.0000000006  0.0246041228  0.0000000000  0.0246028911 -0.0000000000  0.0000000032  0.0000000005  0.0000000000  0.0000000002 -0.0000000000  0.0246091199  0.0000000000  0.0246031782 -0.0000000000  0.0000000010  0.0000000000 -0.0000000000  0.0246053007 -0.0000000000  0.0000000010
  0.2000000000  0.3333333333  1.0000000000  0.0000000000  0.6666666667  0.3333333333  0.0849164741  0.0000000004  0.0235371581  0.0000000000  0.0009195458 -0.0000000000  0.0000000021  0.0000000005 -0.0000000000  0.0000000000 -0.0000000000  0.1016683973  0.0000000000  0.0008786216 -0.0000000000  0.0000000006 -0.0000000000 -0.0000000000  0.0347257056  0.0000000000  0.0000000006
  0.2000000000  0.3333333333  1.0000000000  0.0000000000  0.6666666667  0.6666666667  0.0862100689  0.0000000005  0.0243123021  0.0000000000  0.0001007337  0.0000000000  0.0000000021  0.0000000005 -0.0000000000 -0.0000000000 -0.0000000000  0.1008420916  0.0000000000  0.0001223690  0.0000000000  0.0000000006  0.0000000000 -0.0000000000  0.0335915343 -0.0000000000  0.0000000006
  0.2000000000  0.3333333333  1.0000000000  0.0000000000  0.6666666667  1.0000000000  0.0864864391  0.0000000005  0.0243093088 -0.0000000000 -0.0000000000 -0.0000000000  0.0000000021  0.0000000005 -0.0000000000 -0.0000000000 -0.0000000000  0.1004910713 -0.0000000000 -0.0000000000  0.0000000000  0.0000000006 -0.0000000000 -0.0000000000  0.0335971385  0.0000000000  0.0000000006
  0.2000000000  0.3333333333  1.0000000000  0.0000000000  1.0000000000  0.0000000000  0.0246081210  0.0000000006  0.0246036830  0.0000000000  0.0246024501 -0.0000000000  0.0000000032  0.0000000005  0.0000000000  0.0000000002 -0.0000000000  0.0246086906  0.0000000000  0.0246027388 -0.0000000000  0.0000000010  0.0000000000 -0.0000000000  0.0246048665 -0.0000000000  0.0000000010
  0.2000000000  0.3333333333  1.0000000000  0.0000000000  1.0000000000  0.3333333333  0.0856672197  0.0000000005  0.0236221234 -0.0000000000  0.0011441929  0.0000000000  0.0000000021  0.0000000005 -0.0000000000 -0.0000000000 -0.0000000000  0.1009842672 -0.0000000000  0.0012602128  0.0000000000  0.0000000006  0.0000000000 -0.0000000000  0.0337136835 -0.0000000000  0.0000000006
  0.2000000000  0.3333333333  1.0000000000  0.0000000000  1.0000000000  0.6666666667  0.0861648434  0.0000000005  0.0243047592  0.0000000000  0.0000876022  0.0000000000  0.0000000021  0.0000000005 -0.0000000000 -0.0000000000 -0.0000000000  0.1008983296  0.0000000000  0.0001056407  0.0000000000  0.0000000006  0.0000000000 -0.0000000000  0.0336032933 -0.0000000000  0.0000000006
  0.2000000000  0.3333333333  1.0000000000  0.0000000000  1.0000000000  1.0000000000  0.0865531633  0.0000000005  0.0243043149  0.0000000000 -0.0000000000 -0.0000000000  0.0000000021  0.0000000005 -0.0000000000 -0.0000000000 -0.0000000000  0.1003693812  0.0000000000 -0.0000000000 -0.0000000000  0.0000000006 -0.0000000000 -0.0000000000  0.0336184019 -0.0000000000  0.0000000006
  0.2000000000  0.3333333333  1.0000000000  0.3333333333  0.0000000000  0.0000000000  0.0246090455  0.0000000006  0.0246045954 -0.0000000000  0.0246033601  0.0000000000  0.0000000032  0.0000000005 -0.0000000000  0.0000000002 -0.0000000000  0.0246096111 -0.0000000000  0.0246036470  0.0000000000  0.0000000010 -0.0000000000 -0.0000000000  0.0246057795  0.0000000000  0.0000000010
  0.2000000000  0.3333333333  1.0000000000  0.3333333333  0.0000000000  0.3333333333  0.0855765120  0.0000000004  0.0232606224 -0.0000000000  0.0009228518  0.0000000000  0.0000000021  0.0000000005 -0.0000000000  0.0000000000 -0.0000000000  0.1027688147 -0.0000000000  0.0009937198  0.0000000000  0.0000000006  0.0000000000 -0.0000000000  0.0345011140 -0.0000000000  0.0000000006
  0.2000000000  0.3333333333  1.0000000000  0.3333333333  0.0000000000  0.6666666667  0.0848113918  0.0000000005  0.0239891582 -0.0000000000  0.0003110870  0.0000000000  0.0000000021  0.0000000005 -0.0000000000  0.0000000000 -0.0000000000  0.1026093655 -0.0000000000  0.0003115837  0.0000000000  0.0000000006  0.0000000000 -0.0000000000  0.0338482932 -0.0000000000  0.0000000006
  0.2000000000  0.3333333333  1.0000000000  0.3333333333  0.0000000000  1.0000000000  0.0848371930  0.0000000005  0.0241496290 -0.0000000000  0.0000717362  0.0000000000  0.0000000021  0.0000000005 -0.0000000000  0.0000000000 -0.0000000000  0.1025915876 -0.0000000000  0.0000789221  0.0000000000  0.0000000006  0.0000000000 -0.0000000000  0.0337947143  0.0000000000  0.0000000006
  0.2000000000  0.3333333333  1.0000000000  0.3333333333  0.3333333333  0.0000000000  0.0245952888  0.0000000006  0.0245909079 -0.0000000000  0.0245896892  0.0000000000  0.0000000033  0.0000000005 -0.0000000000  0.0000000002  0.0000000000  0.0245958602 -0.0000000000  0.0245899783  0.0000000000  0.0000000010  0.0000000000 -0.0000000000  0.0245920795 -0.0000000000  0.0000000010
  0.2000000000  0.3333333333  1.0000000000  0.3333333333  0.3333333333  0.3333333333  0.0855645093  0.0000000004  0.0232820325 -0.0000000000  0.0008645037  0.0000000000  0.0000000021  0.0000000005 -0.0000000000  0.0000000000 -0.0000000000  0.1029394764 -0.0000000000  0.0009244564  0.0000000000  0.0000000006  0.0000000000 -0.0000000000  0.0345500918 -0.0000000000  0.0000000006
  0.2000000000  0.3333333333  1.0000000000  0.3333333333  0.3333333333  0.6666666667  0.0848737638  0.0000000005  0.0239949370 -0.0000000000  0.0002849788  0.0000000000  0.0000000021  0.0000000005 -0.0000000000  0.0000000000 -0.0000000000  0.1025976415 -0.0000000000  0.0002847256  0.0000000000  0.0000000006  0.0000000000 -0.0000000000  0.0338439503 -0.0000000000  0.0000000006
  0.2000000000  0.3333333333  1.0000000000  0.3333333333  0.3333333333  1.0000000000  0.0848370507  0.0000000005  0.0241504155 -0.0000000000  0.0000707536  0.0000000000  0.0000000021  0.0000000005 -0.0000000000  0.0000000000 -0.0000000000  0.1025917302 -0.0000000000  0.0000778607  0.0000000000  0.0000000006  0.0000000000 -0.0000000000  0.0337948445  0.0000000000  0.0000000006
  0.2000000000  0.3333333333  1.0000000000  0.3333333333  0.6666666667  0.0000000000  0.0245959122  0.0000000006  0.0245915340 -0.0000000000  0.0245903157  0.0000000000  0.0000000033  0.0000000005 -0.0000000000  0.0000000002  0.0000000000  0.0245964833 -0.0000000000  0.0245906046  0.0000000000  0.0000000010  0.0000000000 -0.0000000000  0.0245927043 -0.0000000000  0.0000000010
  0.2000000000  0.3333333333  1.0000000000  0.3333333333  0.6666666667  0.3333333333  0.0855767701  0.0000000004  0.0232856019 -0.0000000000  0.0008498902  0.0000000000  0.0000000021  0.0000000005 -0.0000000000  0.0000000000 -0.0000000000  0.1029591120 -0.0000000000  0.0009065495  0.0000000000  0.0000000006  0.0000000000 -0.0000000000  0.0345587624 -0.0000000000  0.0000000006
  0.2000000000  0.3333333333  1.0000000000  0.3333333333  0.6666666667  0.6666666667  0.0848914361  0.0000000005  0.0239943558 -0.0000000000  0.0002844946  0.0000000000  0.0000000021  0.0000000005 -0.0000000000  0.0000000000 -0.0000000000  0.1025922589 -0.0000000000  0.0002837160  0.0000000000  0.0000000006  0.0000000000 -0.0000000000  0.0338445379 -0.0000000000  0.0000000006
  0.2000000000  0.3333333333  1.0000000000  0.3333333333  0.6666666667  1.0000000000  0.0848364868  0.0000000005  0.0241517405 -0.0000000000  0.0000693079  0.0000000000  0.0000000021  0.0000000005 -0.0000000000  0.0000000000 -0.0000000000  0.1025876850 -0.0000000000  0.0000762132  0.0000000000  0.0000000006  0.0000000000 -0.0000000000  0.0337945364  0.0000000000  0.0000000006
  0.2000000000  0.3333333333  1.0000000000  0.3333333333  1.0000000000  0.0000000000  0.0245965014  0.0000000006  0.0245921147 -0.0000000000  0.0245908946  0.0000000000  0.0000000033  0.0000000005 -0.0000000000  0.0000000002  0.0000000000  0.0245970725 -0.0000000000  0.0245911836  0.0000000000  0.0000000010  0.0000000000 -0.0000000000  0.0245932876 -0.0000000000  0.0000000010
  0.2000000000  0.3333333333  1.0000000000  0.3333333333  1.0000000000  0.3333333333  0.0856682054  0.0000000004  0.0232743497 -0.0000000000  0.0008648465  0.0000000000  0.0000000021  0.0000000005 -0.0000000000  0.0000000000 -0.0000000000  0.1028065155 -0.0000000000  0.0009199687  0.0000000000  0.0000000006  0.0000000000 -0.0000000000  0.0345346464 -0.0000000000  0.0000000006
  0.2000000000  0.3333333333  1.0000000000  0.3333333333  1.0000000000  0.6666666667  0.0848979340  0.0000000005  0.0240022958 -0.0000000000  0.0002702079  0.0000000000  0.0000000021  0.0000000005 -0.0000000000  0.0000000000 -0.0000000000  0.1025935197 -0.0000000000  0.0002679100  0.0000000000  0.0000000006  0.0000000000 -0.0000000000  0.0338432494 -0.0000000000  0.0000000006
  0.2000000000  0.3333333333  1.0000000000  0.3333333333  1.0000000000  1.0000000000  0.0847746351  0.0000000005  0.0241412634 -0.0000000000  0.0000536145  0.0000000000  0.0000000021  0.0000000005 -0.0000000000  0.0000000000 -0.0000000000  0.1026489735 -0.0000000000  0.0000637913  0.0000000000  0.0000000006  0.0000000000 -0.0000000000  0.0338019374  0.0000000000  0.0000000006
  0.2000000000  0.3333333333  1.0000000000  0.6666666667  0.0000000000  0.0000000000  0.0246084396  0.0000000006  0.0246040156 -0.0000000000  0.0246027857  0.0000000000  0.0000000032  0.0000000005 -0.0000000000  0.0000000002  0.0000000000  0.0246090042 -0.0000000000  0.0246030721  0.0000000000  0.0000000010 -0.0000000000 -0.0000000000  0.0246051908  0.0000000000  0.0000000010
  0.2000000000  0.3333333333  1.0000000000  0.6666666667  0.0000000000  0.3333333333  0.0849337228  0.0000000004  0.0234744618 -0.0000000000  0.0006819463 -0.0000000000  0.0000000021  0.0000000005 -0.0000000000  0.0000000000 -0.0000000000  0.1031641187 -0.0000000000  0.0008840214 -0.0000000000  0.0000000006  0.0000000000 -0.0000000000  0.0346536583  0.0000000000  0.0000000006
  0.2000000000  0.3333333333  1.0000000000  0.6666666667  0.0000000000  0.6666666667  0.0856426974  0.0000000005  0.0233906686 -0.0000000000  0.0001396082 -0.0000000000  0.0000000021  0.0000000005 -0.0000000000 -0.0000000000 -0.0000000000  0.1034709281 -0.0000000000  0.0001902878 -0.0000000000  0.0000000006 -0.0000000000 -0.0000000000  0.0345899302 -0.0000000000  0.0000000006
  0.2000000000  0.3333333333  1.0000000000  0.6666666667  0.0000000000  1.0000000000  0.0846829904  0.0000000005  0.0241180667 -0.0000000000 -0.0000397856 -0.0000000000  0.0000000021  0.0000000005 -0.0000000000 -0.0000000000 -0.0000000000  0.1027552156 -0.0000000000 -0.0000352035 -0.0000000000  0.0000000006 -0.0000000000 -0.0000000000  0.0338102711 -0.0000000000  0.0000000006
  0.2000000000  0.3333333333  1.0000000000  0.6666666667  0.3333333333  0.0000000000  0.0246080851  0.0000000006  0.0246036483 -0.0000000000  0.0246024156  0.0000000000  0.0000000032  0.0000000005 -0.0000000000  0.0000000002  0.0000000000  0.0246086490 -0.0000000000  0.0246027017  0.0000000000  0.0000000010 -0.0000000000 -0.0000000000  0.0246048266  0.0000000000  0.0000000010
  0.2000000000  0.3333333333  1.0000000000  0.6666666667  0.3333333333  0.3333333333  0.0850421385  0.0000000004  0.0234964852 -0.0000000000  0.0006294898 -0.0000000000  0.0000000021  0.0000000005 -0.0000000000  0.0000000000 -0.0000000000  0.1029620608 -0.0000000000  0.0008373216 -0.0000000000  0.0000000006  0.0000000000 -0.0000000000  0.0346817667  0.0000000000  0.0000000006
  0.2000000000  0.3333333333  1.0000000000  0.6666666667  0.3333333333  0.6666666667  0.0846144777  0.0000000005  0.0240886667 -0.0000000000  0.0000985189  0.0000000000  0.0000000021  0.0000000005 -0.0000000000  0.0000000000 -0.0000000000  0.1028298895 -0.0000000000  0.0001208657  0.0000000000  0.0000000006  0.0000000000 -0.0000000000  0.0338119360 -0.0000000000  0.0000000006
  0.2000000000  0.3333333333  1.0000000000  0.6666666667  0.3333333333  1.0000000000  0.0846710862  0.0000000005  0.0241046251 -0.0000000000 -0.0000621301 -0.0000000000  0.0000000021  0.0000000005 -0.0000000000 -0.0000000000 -0.0000000000  0.1027820329 -0.0000000000 -0.0000573547 -0.0000000000  0.0000000006 -0.0000000000 -0.0000000000  0.0338134952 -0.0000000000  0.0000000006
  0.2000000000  0.3333333333  1.0000000000  0.6666666667  0.6666666667  0.0000000000  0.0850153083  0.0000000004  0.0231250963  0.0000000000  0.0016801150 -0.0000000000  0.0000000021  0.0000000005 -0.0000000000  0.0000000000  0.0000000000  0.1002053430  0.0000000000  0.0018539653 -0.0000000000  0.0000000006 -0.0000000000 -0.0000000000  0.0342114421  0.0000000000  0.0000000006
  0.2000000000  0.3333333333  1.0000000000  0.6666666667  0.6666666667  0.3333333333  0.0852358720  0.0000000004  0.0235069458  0.0000000000  0.0003598923 -0.0000000000  0.0000000021  0.0000000005 -0.0000000000  0.0000000000 -0.0000000000  0.1031513174  0.0000000000  0.0001732510 -0.0000000000  0.0000000006 -0.0000000000 -0.0000000000  0.0349279022  0.0000000000  0.0000000006
  0.2000000000  0.3333333333  1.0000000000  0.6666666667  0.6666666667  0.6666666667  0.0846195983  0.0000000005  0.0240887314 -0.0000000000  0.0000883993  0.0000000000  0.0000000021  0.0000000005 -0.0000000000  0.0000000000 -0.0000000000  0.1028313937 -0.0000000000  0.0001086035  0.0000000000  0.0000000006  0.0000000000 -0.0000000000  0.0338125248 -0.0000000000  0.0000000006
  0.2000000000  0.3333333333  1.0000000000  0.6666666667  0.6666666667  1.0000000000  0.0846713926  0.0000000005  0.0241022343 -0.0000000000 -0.0000662676 -0.0000000000  0.0000000021  0.0000000005 -0.0000000000 -0.0000000000 -0.0000000000  0.1027824786 -0.0000000000 -0.0000607732 -0.0000000000  0.0000000006 -0.0000000000 -0.0000000000  0.0338138818 -0.0000000000  0.0000000006
  0.2000000000  0.3333333333  1.0000000000  0.6666666667  1.0000000000  0.0000000000  0.0848787612  0.0000000004  0.0231627200  0.0000000000  0.0016925178 -0.0000000000  0.0000000021  0.0000000005 -0.0000000000  0.0000000000  0.0000000000  0.1002191240  0.0000000000  0.0018736614 -0.0000000000  0.0000000006 -0.0000000000 -0.0000000000  0.0342139915  0.0000000000  0.0000000006
  0.2000000000  0.3333333333  1.0000000000  0.6666666667  1.0000000000  0.3333333333  0.0850031604  0.0000000004  0.0234966244 -0.0000000000  0.0005810873 -0.0000000000  0.0000000021  0.0000000005 -0.0000000000  0.0000000000 -0.0000000000  0.1030869667 -0.0000000000  0.0007885603 -0.0000000000  0.0000000006  0.0000000000 -0.0000000000  0.0346804803  0.0000000000  0.0000000006
  0.2000000000  0.3333333333  1.0000000000  0.6666666667  1.0000000000  0.6666666667  0.0846335329  0.0000000005  0.0240933048 -0.0000000000  0.0000767901  0.0000000000  0.0000000021  0.0000000005 -0.0000000000  0.0000000000 -0.0000000000  0.1028147466 -0.0000000000  0.0000948443  0.0000000000  0.0000000006  0.0000000000 -0.0000000000  0.0338120877 -0.0000000000  0.0000000006
  0.2000000000  0.3333333333  1.0000000000  0.6666666667  1.0000000000  1.0000000000  0.0848654785  0.0000000005  0.0240407460  0.0000000000 -0.0001253980  0.0000000000  0.0000000021  0.0000000005 -0.0000000000 -0.0000000000 -0.0000000000  0.1026732296  0.0000000000 -0.0001117708  0.0000000000  0.0000000006  0.0000000000 -0.0000000000  0.0338211355  0.0000000000  0.0000000006
  0.2000000000  0.3333333333  1.0000000000  1.0000000000  0.0000000000  0.0000000000  0.0097084388  0.0097081485  0.0097081487 -0.0097081478  0.0097081099 -0.0097081095  0.0097082811  0.0097082762 -0.0097082762  0.0097081064 -0.0097081062  0.0097082811 -0.0097082761  0.0097081065 -0.0097081065  0.0097082777 -0.0097081063  0.0097081064  0.0097082065 -0.0097082040  0.0097082065
  0.2000000000  0.3333333333  1.0000000000  1.0000000000  0.0000000000  0.3333333333  0.0097013863  0.0097013806  0.0097012541 -0.0097012101  0.0097012101 -0.0097013804  0.0097013864  0.0097012540 -0.0097012099  0.0097012101 -0.0097013805  0.0097015457 -0.0097012141  0.0097012145 -0.0097012529  0.0097013098 -0.0097013067  0.0097012100  0.0097013099 -0.0097012099  0.0097013824
  0.2000000000  0.3333333333  1.0000000000  1.0000000000  0.0000000000  0.6666666667  0.0843425372  0.0000000005  0.0239078433 -0.0000000000 -0.0002912367 -0.0000000000  0.0000000021  0.0000000005 -0.0000000000 -0.0000000000 -0.0000000000  0.1028642627 -0.0000000000 -0.0003076994 -0.0000000000  0.0000000006 -0.0000000000 -0.0000000000  0.0339018929 -0.0000000000  0.0000000006
  0.2000000000  0.3333333333  1.0000000000  1.0000000000  0.0000000000  1.0000000000  0.0852153756  0.0000000004  0.0233368211 -0.0000000000 -0.0007191037 -0.0000000000  0.0000000021  0.0000000005 -0.0000000000 -0.0000000000 -0.0000000000  0.1034674856 -0.0000000000 -0.0007514402 -0.0000000000  0.0000000006 -0.0000000000 -0.0000000000  0.0346392788 -0.0000000000  0.0000000006
  0.2000000000  0.3333333333  1.0000000000  1.0000000000  0.3333333333  0.0000000000  0.0097131250  0.0097129927  0.0097131204 -0.0097129505  0.0097131204 -0.0097129503  0.0097132830  0.0097129927 -0.0097129538  0.0097129920 -0.0097129537  0.0097131249 -0.0097129504  0.0097131203 -0.0097129504  0.0097130503 -0.0097129504  0.0097130481  0.0097131218 -0.0097129503  0.0097130503
  0.2000000000  0.3333333333  1.0000000000  1.0000000000  0.3333333333  0.3333333333  0.0855920755  0.0000000005  0.0235194588 -0.0000000000 -0.0001511071 -0.0000000000  0.0000000021  0.0000000005 -0.0000000000  0.0000000000 -0.0000000000  0.1031589830 -0.0000000000  0.0000854337 -0.0000000000  0.0000000006 -0.0000000000 -0.0000000000  0.0350066469  0.0000000000  0.0000000006
  0.2000000000  0.3333333333  1.0000000000  1.0000000000  0.3333333333  0.6666666667  0.0857212924  0.0000000005  0.0232233003  0.0000000000 -0.0006261486 -0.0000000000  0.0000000021  0.0000000005 -0.0000000000 -0.0000000000 -0.0000000000  0.1034621456  0.0000000000 -0.0005696414 -0.0000000000  0.0000000006  0.0000000000 -0.0000000000  0.0340239801  0.0000000000  0.0000000006
  0.2000000000  0.3333333333  1.0000000000  1.0000000000  0.3333333333  1.0000000000  0.0853530790  0.0000000004  0.0233129906  0.0000000000 -0.0007256708  0.0000000000  0.0000000021  0.0000000005 -0.0000000000 -0.0000000000 -0.0000000000  0.1034030382  0.0000000000 -0.0007526743  0.0000000000  0.0000000006  0.0000000000 -0.0000000000  0.0346448857  0.0000000000  0.0000000006
  0.2000000000  0.3333333333  1.0000000000  1.0000000000  0.6666666667  0.0000000000  0.0097031876  0.0097030532  0.0097031824 -0.0097030093  0.0097031823 -0.0097030092  0.0097033492  0.0097030532 -0.0097030133  0.0097030522 -0.0097030132  0.0097031875 -0.0097030092  0.0097031823 -0.0097030093  0.0097031108 -0.0097030092  0.0097031081  0.0097031840 -0.0097030092  0.0097031108
  0.2000000000  0.3333333333  1.0000000000  1.0000000000  0.6666666667  0.3333333333  0.0853200425  0.0000000005  0.0234209797 -0.0000000000  0.0000221992 -0.0000000000  0.0000000021  0.0000000005 -0.0000000000 -0.0000000000 -0.0000000000  0.1034920085 -0.0000000000  0.0000901562 -0.0000000000  0.0000000006 -0.0000000000 -0.0000000000  0.0346429313 -0.0000000000  0.0000000006
  0.2000000000  0.3333333333  1.0000000000  1.0000000000  0.6666666667  0.6666666667  0.0850481005  0.0000000005  0.0239732351  0.0000000000 -0.0002170966  0.0000000000  0.0000000021  0.0000000005 -0.0000000000 -0.0000000000 -0.0000000000  0.1024984313  0.0000000000 -0.0001980314  0.0000000000  0.0000000006  0.0000000000 -0.0000000000  0.0338414285  0.0000000000  0.0000000006
  0.2000000000  0.3333333333  1.0000000000  1.0000000000  0.6666666667  1.0000000000  0.0863765578  0.0000000005  0.0233079154  0.0000000000 -0.0001342259 -0.0000000000  0.0000000021  0.0000000005 -0.0000000000 -0.0000000000 -0.0000000000  0.1035138456  0.0000000000 -0.0001293621 -0.0000000000  0.0000000006  0.0000000000 -0.0000000000  0.0345253747  0.0000000000  0.0000000006
  0.2000000000  0.3333333333  1.0000000000  1.0000000000  1.0000000000  0.0000000000  0.0097108885  0.0097107543  0.0097108839 -0.0097107113  0.0097108838 -0.0097107112  0.0097110490  0.0097107542 -0.0097107147  0.0097107535 -0.0097107147  0.0097108885 -0.0097107111  0.0097108838 -0.0097107112  0.0097108126 -0.0097107112  0.0097108103  0.0097108853 -0.0097107112  0.0097108126
  0.2000000000  0.3333333333  1.0000000000  1.0000000000  1.0000000000  0.3333333333  0.0864985942  0.0000000005  0.0232790976 -0.0000000000  0.0000660227 -0.0000000000  0.0000000021  0.0000000005 -0.0000000000  0.0000000000 -0.0000000000  0.1035108543 -0.0000000000  0.0000474500 -0.0000000000  0.0000000006 -0.0000000000  0.0000000000  0.0345285692 -0.0000000000  0.0000000006
  0.2000000000  0.3333333333  1.0000000000  1.0000000000  1.0000000000  0.6666666667  0.0851517542  0.0000000005  0.0240465907  0.0000000000 -0.0002100038  0.0000000000  0.0000000021  0.0000000005 -0.0000000000 -0.0000000000 -0.0000000000  0.1023134817  0.0000000000 -0.0002055426  0.0000000000  0.0000000006  0.0000000000 -0.0000000000  0.0338158436  0.0000000000  0.0000000006
  0.2000000000  0.3333333333  1.0000000000  1.0000000000  1.0000000000  1.0000000000  0.0852560054  0.0000000004  0.0234562824  0.0000000000 -0.0005730345 -0.0000000000  0.0000000021  0.0000000005 -0.0000000000 -0.0000000000 -0.0000000000  0.1032806649  0.0000000000 -0.0007139091 -0.0000000000  0.0000000006  0.0000000000 -0.0000000000  0.0345910583  0.0000000000  0.0000000006
