  0.2000000000  1.0000000000  0.0000000000  0.0000000000  0.0000000000  0.0000000000  0.1160699917  0.0000000014  0.0000000008  0.0000000000 -0.0000000000 -0.0000000000  0.0000000059  0.0000000006 -0.0000000000  0.0000000000 -0.0000000000  0.0000000035 -0.0000000000 -0.0000000000 -0.0000000000  0.0000000009 -0.0000000000 -0.0000000000  0.0000000010 -0.0000000000  0.0000000018
  0.2000000000  1.0000000000  0.0000000000  0.0000000000  0.0000000000  0.3333333333  0.1161957377  0.0000000010  0.0000000008  0.0000000000 -0.0000000000 -0.0000000000  0.0000000042  0.0000000005  0.0000000001  0.0000000000 -0.0000000000  0.0000000032  0.0000000000 -0.0000000000  0.0000000000  0.0000000008 -0.0000000000 -0.0000000000  0.0000000010  0.0000000000  0.0000000013
  0.2000000000  1.0000000000  0.0000000000  0.0000000000  0.0000000000  0.6666666667  0.1161920240  0.0000000009  0.0000000008  0.0000000000 -0.0000000000 -0.0000000000  0.0000000038  0.0000000005  0.0000000001  0.0000000000 -0.0000000000  0.0000000032  0.0000000000 -0.0000000000  0.0000000000  0.0000000008 -0.0000000000 -0.0000000000  0.0000000010  0.0000000000  0.0000000012
  0.2000000000  1.0000000000  0.0000000000  0.0000000000  0.0000000000  1.0000000000  0.1162129022  0.0000000011  0.0000000008  0.0000000000 -0.0000000000 -0.0000000000  0.0000000047  0.0000000005 -0.0000000000 -0.0000000000 -0.0000000000  0.0000000032  0.0000000000 -0.0000000000 -0.0000000000  0.0000000008 -0.0000000000 -0.0000000000  0.0000000010  0.0000000000  0.0000000015
  0.2000000000  1.0000000000  0.0000000000  0.0000000000  0.3333333333  0.0000000000  0.1041511661  0.0236135141  0.0000000005  0.0000000000 -0.0000000000 -0.0000000000  0.0834145591  0.0000000005  0.0000000000 -0.0000000000 -0.0000000000  0.0000000021 -0.0000000000 -0.0000000000 -0.0000000000  0.0000000006 -0.0000000000 -0.0000000000  0.0000000006  0.0000000000  0.0336987295
  0.2000000000  1.0000000000  0.0000000000  0.0000000000  0.3333333333  0.3333333333  0.1040377961  0.0233663241  0.0000000005  0.0000000000 -0.0000000000 -0.0000000000  0.0840977115  0.0000000005  0.0000000000 -0.0000000000 -0.0000000000  0.0000000021 -0.0000000000 -0.0000000000  0.0000000000  0.0000000006 -0.0000000000 -0.0000000000  0.0000000006  0.0000000000  0.0337557572
  0.2000000000  1.0000000000  0.0000000000  0.0000000000  0.3333333333  0.6666666667  0.0000000021  0.0000000005  0.0000000005 -0.0000000000 -0.0000000000 -0.0000000000  0.1010709588  0.0245755873 -0.0000492039 -0.0000000000 -0.0000000000  0.0859657995 -0.0000563440 -0.0000000000  0.0000000000  0.0334333035 -0.0000000000 -0.0000000000  0.0000000006  0.0000000000  0.0000000006
  0.2000000000  1.0000000000  0.0000000000  0.0000000000  0.3333333333  1.0000000000  0.0000000021  0.0000000005  0.0000000005 -0.0000000000 -0.0000000000 -0.0000000000  0.1010503910  0.0245718631 -0.0000146742  0.0000000000 -0.0000000000  0.0860040833  0.0000017947 -0.0000000000  0.0000000000  0.0334389640 -0.0000000000 -0.0000000000  0.0000000006 -0.0000000000  0.0000000006
  0.2000000000  1.0000000000  0.0000000000  0.0000000000  0.6666666667  0.0000000000  0.1035279887  0.0230314532  0.0000000005  0.0000000000 -0.0000000000 -0.0000000000  0.0867241564  0.0000000005  0.0000000000 -0.0000000000 -0.0000000000  0.0000000021 -0.0000000000 -0.0000000000 -0.0000000000  0.0000000006 -0.0000000000 -0.0000000000  0.0000000006 -0.0000000000  0.0339804438
  0.2000000000  1.0000000000  0.0000000000  0.0000000000  0.6666666667  0.3333333333  0.0000000021  0.0000000005  0.0000000005 -0.0000000000 -0.0000000000 -0.0000000000  0.1010130812  0.0244814559 -0.0009718389 -0.0000000000 -0.0000000000  0.0844756950 -0.0004941990 -0.0000000000 -0.0000000000  0.0331513331 -0.0000000000 -0.0000000000  0.0000000006 -0.0000000000  0.0000000006
  0.2000000000  1.0000000000  0.0000000000  0.0000000000  0.6666666667  0.6666666667  0.0000000021  0.0000000005  0.0000000005 -0.0000000000 -0.0000000000 -0.0000000000  0.1009133136  0.0245860721 -0.0005646352 -0.0000000000 -0.0000000000  0.0851702548 -0.0003638527 -0.0000000000 -0.0000000000  0.0333457331 -0.0000000000 -0.0000000000  0.0000000006 -0.0000000000  0.0000000006
  0.2000000000  1.0000000000  0.0000000000  0.0000000000  0.6666666667  1.0000000000  0.0000000021  0.0000000005  0.0000000005 -0.0000000000 -0.0000000000 -0.0000000000  0.1010785911  0.0245786295 -0.0000671832 -0.0000000000 -0.0000000000  0.0859858661 -0.0000331810 -0.0000000000 -0.0000000000  0.0334278524 -0.0000000000 -0.0000000000  0.0000000006 -0.0000000000  0.0000000006
  0.2000000000  1.0000000000  0.0000000000  0.0000000000  1.0000000000  0.0000000000  0.0000000033  0.0000000004  0.0000000004 -0.0000000000 -0.0000000000 -0.0000000000  0.0241067210  0.0241025213 -0.0241016068  0.0000000000 -0.0000000000  0.0241071167 -0.0241017945 -0.0000000000 -0.0000000000  0.0241040119 -0.0000000000 -0.0000000000  0.0000000010  0.0000000000  0.0000000010
  0.2000000000  1.0000000000  0.0000000000  0.0000000000  1.0000000000  0.3333333333  0.0000000021  0.0000000005  0.0000000005 -0.0000000000 -0.0000000000 -0.0000000000  0.1009219896  0.0244311503 -0.0011301507 -0.0000000000 -0.0000000000  0.0841359858 -0.0005903426 -0.0000000000  0.0000000000  0.0330756493 -0.0000000000 -0.0000000000  0.0000000006 -0.0000000000  0.0000000006
  0.2000000000  1.0000000000  0.0000000000  0.0000000000  1.0000000000  0.6666666667  0.0000000021  0.0000000005  0.0000000005 -0.0000000000 -0.0000000000 -0.0000000000  0.1010410999  0.0245325127 -0.0008179163 -0.0000000000 -0.0000000000  0.0847563390 -0.0004280647 -0.0000000000  0.0000000000  0.0332166895 -0.0000000000 -0.0000000000  0.0000000006  0.0000000000  0.0000000006
  0.2000000000  1.0000000000  0.0000000000  0.0000000000  1.0000000000  1.0000000000  0.0000000021  0.0000000005  0.0000000005 -0.0000000000 -0.0000000000 -0.0000000000  0.1009351373  0.0245869419 -0.0005105703  0.0000000000 -0.0000000000  0.0852572482 -0.0003371593 -0.0000000000 -0.0000000000  0.0333581890 -0.0000000000 -0.0000000000  0.0000000006  0.0000000000  0.0000000006
  0.2000000000  1.0000000000  0.0000000000  0.3333333333  0.0000000000  0.0000000000  0.1161959299  0.0000000009  0.0000000008  0.0000000000 -0.0000000000 -0.0000000001  0.0000000040  0.0000000005  0.0000000000 -0.0000000000 -0.0000000001  0.0000000032  0.0000000000 -0.0000000000 -0.0000000000  0.0000000008 -0.0000000000  0.0000000000  0.0000000010  0.0000000000  0.0000000013
  0.2000000000  1.0000000000  0.0000000000  0.3333333333  0.0000000000  0.3333333333  0.1161976584  0.0000000009  0.0000000008  0.0000000000 -0.0000000000 -0.0000000001  0.0000000038  0.0000000005  0.0000000001 -0.0000000000 -0.0000000000  0.0000000032  0.0000000000 -0.0000000000 -0.0000000000  0.0000000008 -0.0000000000 -0.0000000000  0.0000000010  0.0000000000  0.0000000012
  0.2000000000  1.0000000000  0.0000000000  0.3333333333  0.0000000000  0.6666666667  0.1162077189  0.0000000010  0.0000000008 -0.0000000000  0.0000000000  0.0000000000  0.0000000043  0.0000000005 -0.0000000000  0.0000000000  0.0000000001  0.0000000032 -0.0000000000  0.0000000000  0.0000000000  0.0000000008  0.0000000000  0.0000000000  0.0000000010 -0.0000000000  0.0000000014
  0.2000000000  1.0000000000  0.0000000000  0.3333333333  0.0000000000  1.0000000000  0.0473393891  0.0019720626  0.0019720745  0.0019720254  0.0000001120  0.0000001120  0.0176381114  0.0176375672  0.0176375235  0.0000001984  0.0000001984  0.0176380432  0.0176374897  0.0000001984  0.0000001984  0.0176377363  0.0000001984  0.0000001984  0.0014259546  0.0014258115  0.0014260119
  0.2000000000  1.0000000000  0.0000000000  0.3333333333  0.3333333333  0.0000000000  0.1042834000  0.0232508293  0.0000000005 -0.0000000000 -0.0000000000 -0.0006858390  0.0830589046  0.0000000005 -0.0000000000 -0.0000000000 -0.0005439907  0.0000000021 -0.0000000000 -0.0000000000 -0.0000000000  0.0000000006 -0.0000000000 -0.0000000000  0.0000000006 -0.0000000000  0.0336530692
  0.2000000000  1.0000000000  0.0000000000  0.3333333333  0.3333333333  0.3333333333  0.1040746033  0.0233800102  0.0000000005  0.0000000000  0.0000000000 -0.0002801654  0.0839152698  0.0000000005  0.0000000000  0.0000000000 -0.0002314393  0.0000000021 -0.0000000000 -0.0000000000 -0.0000000000  0.0000000006 -0.0000000000  0.0000000000  0.0000000006  0.0000000000  0.0337711620
  0.2000000000  1.0000000000  0.0000000000  0.3333333333  0.3333333333  0.6666666667  0.0000000021  0.0000000005  0.0000000005 -0.0000000000 -0.0000000000 -0.0000000000  0.1030178968  0.0240537525 -0.0000352139 -0.0000000000 -0.0000000000  0.0843457166 -0.0000304253 -0.0000000000 -0.0000000000  0.0338245667 -0.0000000000 -0.0000000000  0.0000000006 -0.0000000000  0.0000000006
  0.2000000000  1.0000000000  0.0000000000  0.3333333333  0.3333333333  1.0000000000  0.0000000021  0.0000000005  0.0000000005  0.0000000000 -0.0000000000 -0.0000000000  0.1032159939  0.0239858247  0.0001076111  0.0000000000 -0.0000000000  0.0842764180  0.0001128427  0.0000000000 -0.0000000000  0.0338405197 -0.0000000000  0.0000000000  0.0000000006 -0.0000000000  0.0000000006
  0.2000000000  1.0000000000  0.0000000000  0.3333333333  0.6666666667  0.0000000000  0.1038240856  0.0234935365  0.0000000005  0.0000000000  0.0000000000 -0.0000532019  0.0842831224  0.0000000005  0.0000000000  0.0000000000 -0.0000370089  0.0000000021 -0.0000000000 -0.0000000000 -0.0000000000  0.0000000006 -0.0000000000 -0.0000000000  0.0000000006  0.0000000000  0.0337640367
  0.2000000000  1.0000000000  0.0000000000  0.3333333333  0.6666666667  0.3333333333  0.0000000021  0.0000000005  0.0000000004 -0.0000000000 -0.0000000000 -0.0000000000  0.1036947357  0.0232965932 -0.0008300410  0.0000000000  0.0000000000  0.0848256864 -0.0007881090  0.0000000000  0.0000000000  0.0346227887  0.0000000000  0.0000000000  0.0000000006 -0.0000000000  0.0000000006
  0.2000000000  1.0000000000  0.0000000000  0.3333333333  0.6666666667  0.6666666667  0.0000000021  0.0000000005  0.0000000004 -0.0000000000 -0.0000000000 -0.0000000000  0.1032984616  0.0234931681 -0.0007221355 -0.0000000000  0.0000000000  0.0848340109 -0.0005042310 -0.0000000000  0.0000000000  0.0347110148 -0.0000000000  0.0000000000  0.0000000006 -0.0000000000  0.0000000006
  0.2000000000  1.0000000000  0.0000000000  0.3333333333  0.6666666667  1.0000000000  0.0000000021  0.0000000005  0.0000000005  0.0000000000 -0.0000000000 -0.0000000000  0.1031499121  0.0235105881 -0.0000554942 -0.0000000000  0.0000000000  0.0855724271  0.0001784787 -0.0000000000  0.0000000000  0.0349984631 -0.0000000000 -0.0000000000  0.0000000006 -0.0000000000  0.0000000006
  0.2000000000  1.0000000000  0.0000000000  0.3333333333  1.0000000000  0.0000000000  0.1035319961  0.0230182821  0.0000000005  0.0000000000 -0.0000000000  0.0000361345  0.0868912013  0.0000000005  0.0000000000 -0.0000000000  0.0000318921  0.0000000021 -0.0000000000 -0.0000000000  0.0000000000  0.0000000006 -0.0000000000 -0.0000000000  0.0000000006 -0.0000000000  0.0340091264
  0.2000000000  1.0000000000  0.0000000000  0.3333333333  1.0000000000  0.3333333333  0.0000000021  0.0000000005  0.0000000004 -0.0000000000 -0.0000000000 -0.0000000000  0.1036178142  0.0232864964 -0.0009354643  0.0000000000  0.0000000000  0.0845195187 -0.0008630774  0.0000000000  0.0000000000  0.0345483086  0.0000000000  0.0000000000  0.0000000006 -0.0000000000  0.0000000006
  0.2000000000  1.0000000000  0.0000000000  0.3333333333  1.0000000000  0.6666666667  0.0000000021  0.0000000005  0.0000000004 -0.0000000000 -0.0000000000 -0.0000000000  0.1036350324  0.0233188024 -0.0008612174  0.0000000000  0.0000000000  0.0847523436 -0.0007910803  0.0000000000  0.0000000000  0.0345797779  0.0000000000  0.0000000000  0.0000000006 -0.0000000000  0.0000000006
  0.2000000000  1.0000000000  0.0000000000  0.3333333333  1.0000000000  1.0000000000  0.0000000021  0.0000000005  0.0000000004 -0.0000000000 -0.0000000000 -0.0000000000  0.1036678979  0.0233249142 -0.0007558416  0.0000000000  0.0000000000  0.0849801841 -0.0007253261  0.0000000000  0.0000000000  0.0346467024  0.0000000000  0.0000000000  0.0000000006 -0.0000000000  0.0000000006
  0.2000000000  1.0000000000  0.0000000000  0.6666666667  0.0000000000  0.0000000000  0.0846201323  0.0102987408  0.0000000007  0.0000000000 -0.0000000000 -0.0096884122  0.0272683110  0.0000000006  0.0000000000  0.0000000000 -0.0108872876  0.0000000029  0.0000000000 -0.0000000000 -0.0000000001  0.0000000009  0.0000000000  0.0000000000  0.0000000009  0.0000000000  0.0147541391
  0.2000000000  1.0000000000  0.0000000000  0.6666666667  0.0000000000  0.3333333333  0.1035627581  0.0232105220  0.0000000005 -0.0000000000 -0.0000000000 -0.0008304569  0.0846791842  0.0000000005 -0.0000000000 -0.0000000000 -0.0008032471  0.0000000022 -0.0000000001  0.0000000000 -0.0000000000  0.0000000006 -0.0000000000 -0.0000000000  0.0000000006 -0.0000000000  0.0345962009
  0.2000000000  1.0000000000  0.0000000000  0.6666666667  0.0000000000  0.6666666667  0.1037523895  0.0231027062  0.0000000005  0.0000000000  0.0000000000 -0.0013265328  0.0832572461  0.0000000004  0.0000000000  0.0000000000 -0.0010602485  0.0000000021 -0.0000000000 -0.0000000000 -0.0000000000  0.0000000006 -0.0000000000  0.0000000000  0.0000000006  0.0000000000  0.0338766598
  0.2000000000  1.0000000000  0.0000000000  0.6666666667  0.0000000000  1.0000000000  0.0462452023  0.0014831983  0.0014832041  0.0014831683 -0.0000003842 -0.0000003679  0.0173659648  0.0173650876  0.0173649971  0.0000041927  0.0000042203  0.0173659291  0.0173649793  0.0000041757  0.0000042033  0.0173653884  0.0000042115  0.0000041789  0.0013071685  0.0013068974  0.0013072061
  0.2000000000  1.0000000000  0.0000000000  0.6666666667  0.3333333333  0.0000000000  0.1039222152  0.0235991970  0.0000000005  0.0000000000  0.0000000000 -0.0004309540  0.0834491548  0.0000000005  0.0000000000  0.0000000000 -0.0003363294  0.0000000021 -0.0000000000 -0.0000000000 -0.0000000000  0.0000000006 -0.0000000000  0.0000000000  0.0000000006  0.0000000000  0.0337940040
  0.2000000000  1.0000000000  0.0000000000  0.6666666667  0.3333333333  0.3333333333  0.1035109657  0.0230251967  0.0000000005 -0.0000000000  0.0000000000 -0.0000934967  0.0867795846  0.0000000005 -0.0000000000  0.0000000000 -0.0000941666  0.0000000021 -0.0000000000 -0.0000000000 -0.0000000000  0.0000000006 -0.0000000000  0.0000000000  0.0000000006  0.0000000000  0.0339888242
  0.2000000000  1.0000000000  0.0000000000  0.6666666667  0.3333333333  0.6666666667  0.1025105375  0.0239847434  0.0000000005  0.0000000000 -0.0000000000  0.0000236626  0.0849576033  0.0000000005  0.0000000000 -0.0000000000  0.0000920520  0.0000000021 -0.0000000000 -0.0000000000  0.0000000000  0.0000000006 -0.0000000000  0.0000000000  0.0000000006  0.0000000000  0.0337508075
  0.2000000000  1.0000000000  0.0000000000  0.6666666667  0.3333333333  1.0000000000  0.0000000021  0.0000000005  0.0000000005  0.0000000000 -0.0000000000 -0.0000000000  0.1034038810  0.0234426780  0.0004168707 -0.0000000000 -0.0000000000  0.0852033505  0.0003061333 -0.0000000000 -0.0000000000  0.0346230987 -0.0000000000 -0.0000000000  0.0000000006 -0.0000000000  0.0000000006
  0.2000000000  1.0000000000  0.0000000000  0.6666666667  0.6666666667  0.0000000000  0.1038404067  0.0235762188  0.0000000005 -0.0000000000 -0.0000000000 -0.0000938941  0.0839482750  0.0000000005 -0.0000000000 -0.0000000000 -0.0000600214  0.0000000021 -0.0000000000 -0.0000000000 -0.0000000000  0.0000000006 -0.0000000000 -0.0000000000  0.0000000006 -0.0000000000  0.0337263307
  0.2000000000  1.0000000000  0.0000000000  0.6666666667  0.6666666667  0.3333333333  0.1035176874  0.0230227542  0.0000000005 -0.0000000000 -0.0000000000  0.0000372183  0.0868956500  0.0000000005 -0.0000000000 -0.0000000000  0.0000376360  0.0000000021 -0.0000000000 -0.0000000000  0.0000000000  0.0000000006 -0.0000000000 -0.0000000000  0.0000000006  0.0000000000  0.0340024017
  0.2000000000  1.0000000000  0.0000000000  0.6666666667  0.6666666667  0.6666666667  0.0000000021  0.0000000005  0.0000000005 -0.0000000000 -0.0000000000 -0.0000000000  0.1027208031  0.0239428342 -0.0000731895  0.0000000000 -0.0000000000  0.0845219808 -0.0000222853  0.0000000000 -0.0000000000  0.0338640627  0.0000000000  0.0000000000  0.0000000006 -0.0000000000  0.0000000006
  0.2000000000  1.0000000000  0.0000000000  0.6666666667  0.6666666667  1.0000000000  0.0000000021  0.0000000005  0.0000000005  0.0000000000 -0.0000000000 -0.0000000000  0.1031634651  0.0235140782 -0.0000504132 -0.0000000000  0.0000000000  0.0855949171  0.0001798004 -0.0000000000  0.0000000000  0.0350018102 -0.0000000000 -0.0000000000  0.0000000006 -0.0000000000  0.0000000006
  0.2000000000  1.0000000000  0.0000000000  0.6666666667  1.0000000000  0.0000000000  0.1035393683  0.0232961202  0.0000000005 -0.0000000000 -0.0000000000  0.0000808011  0.0865293987  0.0000000005 -0.0000000000 -0.0000000000  0.0000987498  0.0000000021 -0.0000000000 -0.0000000000 -0.0000000000  0.0000000006 -0.0000000000 -0.0000000000  0.0000000006  0.0000000000  0.0345305859
  0.2000000000  1.0000000000  0.0000000000  0.6666666667  1.0000000000  0.3333333333  0.1032014124  0.0233595907  0.0000000005  0.0000000000 -0.0000000000  0.0004659787  0.0860451875  0.0000000004  0.0000000000 -0.0000000000  0.0004502307  0.0000000021 -0.0000000000 -0.0000000000  0.0000000000  0.0000000006 -0.0000000000 -0.0000000000  0.0000000006  0.0000000000  0.0345249351
  0.2000000000  1.0000000000  0.0000000000  0.6666666667  1.0000000000  0.6666666667  0.0000000021  0.0000000005  0.0000000005 -0.0000000000  0.0000000000 -0.0000000000  0.1016065848  0.0229963482 -0.0006855983 -0.0000000000  0.0000000000  0.0870113859 -0.0003908950 -0.0000000000  0.0000000000  0.0344160852 -0.0000000000  0.0000000000  0.0000000006 -0.0000000000  0.0000000006
  0.2000000000  1.0000000000  0.0000000000  0.6666666667  1.0000000000  1.0000000000  0.0000000021  0.0000000005  0.0000000005  0.0000000000 -0.0000000000 -0.0000000000  0.1031551534  0.0235158685 -0.0000714483 -0.0000000000  0.0000000000  0.0855833300  0.0001637138 -0.0000000000  0.0000000000  0.0350031788 -0.0000000000 -0.0000000000  0.0000000006 -0.0000000000  0.0000000006
  0.2000000000  1.0000000000  0.0000000000  1.0000000000  0.0000000000  0.0000000000  0.0097076932  0.0097076879  0.0097075606 -0.0097075183  0.0097075186 -0.0097076877  0.0097076935  0.0097075603 -0.0097075179  0.0097075184 -0.0097076879  0.0097078508 -0.0097075212  0.0097075221 -0.0097075594  0.0097076186 -0.0097076158  0.0097075183  0.0097076189 -0.0097075181  0.0097076896
  0.2000000000  1.0000000000  0.0000000000  1.0000000000  0.0000000000  0.3333333333  0.0097152237  0.0097150917  0.0097152193 -0.0097150493  0.0097152192 -0.0097150492  0.0097153820  0.0097150917 -0.0097150528  0.0097150910 -0.0097150528  0.0097152237 -0.0097150492  0.0097152192 -0.0097150493  0.0097151490 -0.0097150492  0.0097151469  0.0097152206 -0.0097150492  0.0097151490
  0.2000000000  1.0000000000  0.0000000000  1.0000000000  0.0000000000  0.6666666667  0.0000000021  0.0000000005  0.0000000004  0.0000000000 -0.0000000000 -0.0000000000  0.1028718547  0.0232858499  0.0009043958 -0.0000000000  0.0000000000  0.0856365207  0.0008516906 -0.0000000000  0.0000000000  0.0345566936  0.0000000000 -0.0000000000  0.0000000006 -0.0000000000  0.0000000006
  0.2000000000  1.0000000000  0.0000000000  1.0000000000  0.0000000000  1.0000000000  0.0000000021  0.0000000005  0.0000000004  0.0000000000 -0.0000000000 -0.0000000000  0.1016276434  0.0234971433  0.0011348308  0.0000000000 -0.0000000000  0.0845767756  0.0011314089  0.0000000000 -0.0000000000  0.0346381953 -0.0000000000  0.0000000000  0.0000000006 -0.0000000000  0.0000000006
  0.2000000000  1.0000000000  0.0000000000  1.0000000000  0.3333333333  0.0000000000  0.1035294752  0.0232995756  0.0000000005 -0.0000000000  0.0000000000 -0.0000836314  0.0864532680  0.0000000005 -0.0000000000  0.0000000000 -0.0000967760  0.0000000021 -0.0000000000 -0.0000000000  0.0000000000  0.0000000006 -0.0000000000  0.0000000000  0.0000000006  0.0000000000  0.0345240044
  0.2000000000  1.0000000000  0.0000000000  1.0000000000  0.3333333333  0.3333333333  0.1037660414  0.0230039913  0.0000000005 -0.0000000000  0.0000000000  0.0000346973  0.0855953467  0.0000000004 -0.0000000000  0.0000000000 -0.0000043556  0.0000000021  0.0000000000 -0.0000000000  0.0000000000  0.0000000006 -0.0000000000  0.0000000000  0.0000000006 -0.0000000000  0.0341171982
  0.2000000000  1.0000000000  0.0000000000  1.0000000000  0.3333333333  0.6666666667  0.0000000021  0.0000000005  0.0000000005  0.0000000000 -0.0000000000 -0.0000000000  0.1027522242  0.0239478978  0.0002720072 -0.0000000000  0.0000000000  0.0847214218  0.0002643010 -0.0000000000  0.0000000000  0.0338547839  0.0000000000 -0.0000000000  0.0000000006 -0.0000000000  0.0000000006
  0.2000000000  1.0000000000  0.0000000000  1.0000000000  0.3333333333  1.0000000000  0.0000000021  0.0000000005  0.0000000005  0.0000000000 -0.0000000000 -0.0000000000  0.1029586754  0.0235053216  0.0005842724 -0.0000000000 -0.0000000000  0.0850397490  0.0003385614 -0.0000000000 -0.0000000000  0.0347596044  0.0000000000 -0.0000000000  0.0000000006 -0.0000000000  0.0000000006
  0.2000000000  1.0000000000  0.0000000000  1.0000000000  0.6666666667  0.0000000000  0.1035346560  0.0232955371  0.0000000005 -0.0000000000 -0.0000000000  0.0001051057  0.0864844677  0.0000000005 -0.0000000000 -0.0000000000  0.0001208130  0.0000000021 -0.0000000000 -0.0000000000  0.0000000000  0.0000000006 -0.0000000000 -0.0000000000  0.0000000006  0.0000000000  0.0345199603
  0.2000000000  1.0000000000  0.0000000000  1.0000000000  0.6666666667  0.3333333333  0.1035375610  0.0232944390  0.0000000005 -0.0000000000 -0.0000000000  0.0001031138  0.0865188527  0.0000000005 -0.0000000000 -0.0000000000  0.0001203725  0.0000000021 -0.0000000000 -0.0000000000  0.0000000000  0.0000000006 -0.0000000000 -0.0000000000  0.0000000006  0.0000000000  0.0345228000
  0.2000000000  1.0000000000  0.0000000000  1.0000000000  0.6666666667  0.6666666667  0.1025472394  0.0238716933  0.0000000005  0.0000000000 -0.0000000000  0.0002759229  0.0851346103  0.0000000005  0.0000000000 -0.0000000000  0.0002624160  0.0000000021 -0.0000000000 -0.0000000000 -0.0000000000  0.0000000006 -0.0000000000 -0.0000000000  0.0000000006  0.0000000000  0.0338512221
  0.2000000000  1.0000000000  0.0000000000  1.0000000000  0.6666666667  1.0000000000  0.0000000021  0.0000000005  0.0000000005  0.0000000000 -0.0000000000 -0.0000000000  0.1027076468  0.0240453930  0.0002309708 -0.0000000000  0.0000000000  0.0847378099  0.0002152046 -0.0000000000  0.0000000000  0.0338060844  0.0000000000 -0.0000000000  0.0000000006 -0.0000000000  0.0000000006
  0.2000000000  1.0000000000  0.0000000000  1.0000000000  1.0000000000  0.0000000000  0.1036353403  0.0233560637  0.0000000005  0.0000000000 -0.0000000000  0.0006635696  0.0850734726  0.0000000004  0.0000000000 -0.0000000000  0.0006437198  0.0000000021 -0.0000000000 -0.0000000000  0.0000000000  0.0000000006 -0.0000000000 -0.0000000000  0.0000000006  0.0000000000  0.0346589188
  0.2000000000  1.0000000000  0.0000000000  1.0000000000  1.0000000000  0.3333333333  0.1033620547  0.0233493030  0.0000000005  0.0000000000 -0.0000000000  0.0007323653  0.0853817695  0.0000000004  0.0000000000 -0.0000000000  0.0006969974  0.0000000021 -0.0000000000 -0.0000000000  0.0000000000  0.0000000006 -0.0000000000 -0.0000000000  0.0000000006  0.0000000000  0.0346182111
  0.2000000000  1.0000000000  0.0000000000  1.0000000000  1.0000000000  0.6666666667  0.1029625864  0.0233227921  0.0000000005  0.0000000000 -0.0000000000  0.0008015355  0.0857772364  0.0000000004  0.0000000000 -0.0000000000  0.0007645305  0.0000000021 -0.0000000000 -0.0000000000  0.0000000000  0.0000000006 -0.0000000000 -0.0000000000  0.0000000006  0.0000000000  0.0345760194
  0.2000000000  1.0000000000  0.0000000000  1.0000000000  1.0000000000  1.0000000000  0.0000000021  0.0000000005  0.0000000005  0.0000000000 -0.0000000000 -0.0000000000  0.1025958617  0.0240305047  0.0001501816  0.0000000000 -0.0000000000  0.0848321875  0.0001688793  0.0000000000 -0.0000000000  0.0338362777 -0.0000000000  0.0000000000  0.0000000006 -0.0000000000  0.0000000006
  0.2000000000  1.0000000000  0.3333333333  0.0000000000  0.0000000000  0.0000000000  0.1161932390  0.0000000010  0.0000000008 -0.0000000000 -0.0000000000  0.0000000001  0.0000000040  0.0000000005 -0.0000000000 -0.0000000000  0.0000000001  0.0000000032 -0.0000000000 -0.0000000000  0.0000000000  0.0000000008  0.0000000000  0.0000000000  0.0000000010 -0.0000000000  0.0000000013
  0.2000000000  1.0000000000  0.3333333333  0.0000000000  0.0000000000  0.3333333333  0.1162002327  0.0000000009  0.0000000008  0.0000000000  0.0000000000  0.0000000000  0.0000000038  0.0000000005  0.0000000001  0.0000000000  0.0000000000  0.0000000032  0.0000000000  0.0000000000  0.0000000000  0.0000000008  0.0000000000  0.0000000000  0.0000000010  0.0000000000  0.0000000012
  0.2000000000  1.0000000000  0.3333333333  0.0000000000  0.0000000000  0.6666666667  0.1162026007  0.0000000009  0.0000000008  0.0000000000 -0.0000000000  0.0000000000  0.0000000037  0.0000000005  0.0000000001 -0.0000000000  0.0000000000  0.0000000033  0.0000000000 -0.0000000000 -0.0000000000  0.0000000008 -0.0000000000 -0.0000000000  0.0000000010  0.0000000000  0.0000000012
  0.2000000000  1.0000000000  0.3333333333  0.0000000000  0.0000000000  1.0000000000  0.0994029059  0.0156910406  0.0000000005  0.0000000000  0.0000000000 -0.0001422605  0.0593920270  0.0000000005 -0.0000000000  0.0000000000  0.0000739000  0.0000000024 -0.0000000001  0.0000000000  0.0000000000  0.0000000007 -0.0000000000 -0.0000000000  0.0000000007 -0.0000000001  0.0287613386
  0.2000000000  1.0000000000  0.3333333333  0.0000000000  0.3333333333  0.0000000000  0.1038914850  0.0229272564  0.0000000005  0.0000000000 -0.0000000000  0.0009114436  0.0851223479  0.0000000004  0.0000000000 -0.0000000000  0.0008151757  0.0000000021 -0.0000000000 -0.0000000000  0.0000000000  0.0000000006 -0.0000000000 -0.0000000000  0.0000000006  0.0000000000  0.0339495801
  0.2000000000  1.0000000000  0.3333333333  0.0000000000  0.3333333333  0.3333333333  0.1028985848  0.0234888921  0.0000000005  0.0000000000 -0.0000000000  0.0007239910  0.0848176564  0.0000000005  0.0000000000 -0.0000000000  0.0006015344  0.0000000021 -0.0000000000 -0.0000000000  0.0000000000  0.0000000006 -0.0000000000 -0.0000000000  0.0000000006  0.0000000000  0.0336885368
  0.2000000000  1.0000000000  0.3333333333  0.0000000000  0.3333333333  0.6666666667  0.0000000021  0.0000000005  0.0000000005  0.0000000000 -0.0000000000 -0.0000000000  0.1034079186  0.0233194361 -0.0005975902  0.0000000000  0.0000000000  0.0838254611 -0.0006521156  0.0000000000  0.0000000000  0.0346265313 -0.0000000000  0.0000000000  0.0000000006  0.0000000000  0.0000000006
  0.2000000000  1.0000000000  0.3333333333  0.0000000000  0.3333333333  1.0000000000  0.0000000021  0.0000000005  0.0000000005 -0.0000000000 -0.0000000000 -0.0000000000  0.1031628363  0.0235142757  0.0000510370 -0.0000000000 -0.0000000000  0.0855940714 -0.0001794037 -0.0000000000 -0.0000000000  0.0350020070  0.0000000000 -0.0000000000  0.0000000006 -0.0000000000  0.0000000006
  0.2000000000  1.0000000000  0.3333333333  0.0000000000  0.6666666667  0.0000000000  0.1037720782  0.0230109631  0.0000000005  0.0000000000 -0.0000000000  0.0008079489  0.0856824858  0.0000000004  0.0000000000 -0.0000000000  0.0007146557  0.0000000021 -0.0000000000 -0.0000000000  0.0000000000  0.0000000006 -0.0000000000 -0.0000000000  0.0000000006  0.0000000000  0.0340239116
  0.2000000000  1.0000000000  0.3333333333  0.0000000000  0.6666666667  0.3333333333  0.0000000021  0.0000000005  0.0000000004 -0.0000000000 -0.0000000000 -0.0000000000  0.1036360288  0.0232982564 -0.0008674607  0.0000000000  0.0000000000  0.0847922885 -0.0008043927  0.0000000000  0.0000000000  0.0345761383  0.0000000000  0.0000000000  0.0000000006 -0.0000000000  0.0000000006
  0.2000000000  1.0000000000  0.3333333333  0.0000000000  0.6666666667  0.6666666667  0.0000000021  0.0000000005  0.0000000004 -0.0000000000 -0.0000000000 -0.0000000000  0.1036621104  0.0233187664 -0.0008091797  0.0000000000  0.0000000000  0.0848773490 -0.0007721626  0.0000000000  0.0000000000  0.0346413590  0.0000000000  0.0000000000  0.0000000006 -0.0000000000  0.0000000006
  0.2000000000  1.0000000000  0.3333333333  0.0000000000  0.6666666667  1.0000000000  0.0000000021  0.0000000005  0.0000000005 -0.0000000000 -0.0000000000 -0.0000000000  0.1033800903  0.0236093257 -0.0007156086 -0.0000000000 -0.0000000000  0.0840703040 -0.0005804462 -0.0000000000 -0.0000000000  0.0338123930 -0.0000000000 -0.0000000000  0.0000000006 -0.0000000000  0.0000000006
  0.2000000000  1.0000000000  0.3333333333  0.0000000000  1.0000000000  0.0000000000  0.0000000021  0.0000000005  0.0000000005 -0.0000000000 -0.0000000000 -0.0000000000  0.0997223968  0.0239784254 -0.0016799474 -0.0000000000 -0.0000000000  0.0821051774 -0.0011700507 -0.0000000000 -0.0000000000  0.0326493935  0.0000000000 -0.0000000000  0.0000000006 -0.0000000000  0.0000000006
  0.2000000000  1.0000000000  0.3333333333  0.0000000000  1.0000000000  0.3333333333  0.0000000021  0.0000000005  0.0000000004 -0.0000000000 -0.0000000000 -0.0000000000  0.1033242754  0.0232619924 -0.0011910272  0.0000000000  0.0000000000  0.0840923610 -0.0010314689  0.0000000000  0.0000000000  0.0343023513  0.0000000000  0.0000000000  0.0000000006 -0.0000000000  0.0000000006
  0.2000000000  1.0000000000  0.3333333333  0.0000000000  1.0000000000  0.6666666667  0.0000000021  0.0000000005  0.0000000004 -0.0000000000 -0.0000000000 -0.0000000000  0.1036548113  0.0233094551 -0.0008470773 -0.0000000000 -0.0000000000  0.0847595106 -0.0007979983 -0.0000000000 -0.0000000000  0.0346112615 -0.0000000000 -0.0000000000  0.0000000006 -0.0000000000  0.0000000006
  0.2000000000  1.0000000000  0.3333333333  0.0000000000  1.0000000000  1.0000000000  0.0000000021  0.0000000005  0.0000000004 -0.0000000000 -0.0000000000 -0.0000000000  0.1036607616  0.0233203026 -0.0008139869  0.0000000000  0.0000000000  0.0848844584 -0.0007687809  0.0000000000  0.0000000000  0.0346296556  0.0000000000  0.0000000000  0.0000000006 -0.0000000000  0.0000000006
  0.2000000000  1.0000000000  0.3333333333  0.3333333333  0.0000000000  0.0000000000  0.1160948371  0.0000000012  0.0000000009 -0.0000000000  0.0000000000 -0.0000000000  0.0000000051  0.0000000006 -0.0000000000  0.0000000000  0.0000000000  0.0000000041 -0.0000000000  0.0000000000 -0.0000000000  0.0000000009 -0.0000000000  0.0000000000  0.0000000013 -0.0000000000  0.0000000016
  0.2000000000  1.0000000000  0.3333333333  0.3333333333  0.0000000000  0.3333333333  0.0882802252  0.0000000005  0.0225563689 -0.0000000000  0.0012042711  0.0000000000  0.0000000021  0.0000000005 -0.0000000000  0.0000000000 -0.0000000000  0.0971594030 -0.0000000000  0.0011596954  0.0000000000  0.0000000006  0.0000000000 -0.0000000000  0.0339103695  0.0000000000  0.0000000006
  0.2000000000  1.0000000000  0.3333333333  0.3333333333  0.0000000000  0.6666666667  0.0885446023  0.0000000005  0.0229460028  0.0000000000  0.0007721184 -0.0000000000  0.0000000021  0.0000000005 -0.0000000000  0.0000000000 -0.0000000000  0.0985148751  0.0000000000  0.0006860464 -0.0000000000  0.0000000006 -0.0000000000 -0.0000000000  0.0344232529  0.0000000000  0.0000000006
  0.2000000000  1.0000000000  0.3333333333  0.3333333333  0.0000000000  1.0000000000  0.0884041502  0.0000000005  0.0228969374 -0.0000000000  0.0008416424  0.0000000000  0.0000000021  0.0000000005 -0.0000000000  0.0000000000 -0.0000000000  0.0987019197 -0.0000000000  0.0007330326  0.0000000000  0.0000000006  0.0000000000 -0.0000000000  0.0343057969 -0.0000000000  0.0000000006
  0.2000000000  1.0000000000  0.3333333333  0.3333333333  0.3333333333  0.0000000000  0.1038418591  0.0229866737  0.0000000005  0.0000000000 -0.0000000000  0.0007259491  0.0853286493  0.0000000004  0.0000000000 -0.0000000000  0.0006507041  0.0000000021 -0.0000000000 -0.0000000000  0.0000000000  0.0000000006 -0.0000000000 -0.0000000000  0.0000000006  0.0000000000  0.0339241403
  0.2000000000  1.0000000000  0.3333333333  0.3333333333  0.3333333333  0.3333333333  0.1013485924  0.0245494121  0.0000000005  0.0000000000  0.0000000000  0.0000210026  0.0860536269  0.0000000005  0.0000000000  0.0000000000  0.0000179097  0.0000000021 -0.0000000000 -0.0000000000  0.0000000000  0.0000000006 -0.0000000000 -0.0000000000  0.0000000006  0.0000000000  0.0332221827
  0.2000000000  1.0000000000  0.3333333333  0.3333333333  0.3333333333  0.6666666667  0.0000000021  0.0000000005  0.0000000005 -0.0000000000 -0.0000000000 -0.0000000000  0.1031889556  0.0239809262 -0.0000934059 -0.0000000000 -0.0000000000  0.0842209790 -0.0000841092 -0.0000000000 -0.0000000000  0.0338278529 -0.0000000000 -0.0000000000  0.0000000006 -0.0000000000  0.0000000006
  0.2000000000  1.0000000000  0.3333333333  0.3333333333  0.3333333333  1.0000000000  0.0000000021  0.0000000005  0.0000000005 -0.0000000000 -0.0000000000 -0.0000000000  0.1035382478  0.0233090689  0.0000615267 -0.0000000000 -0.0000000000  0.0863650254  0.0000745204 -0.0000000000 -0.0000000000  0.0345401560 -0.0000000000 -0.0000000000  0.0000000006 -0.0000000000  0.0000000006
  0.2000000000  1.0000000000  0.3333333333  0.3333333333  0.6666666667  0.0000000000  0.1037412024  0.0230317221  0.0000000005  0.0000000000 -0.0000000000  0.0007791765  0.0857792080  0.0000000004  0.0000000000 -0.0000000000  0.0006926612  0.0000000021 -0.0000000000 -0.0000000000  0.0000000000  0.0000000006 -0.0000000000 -0.0000000000  0.0000000006  0.0000000000  0.0340356334
  0.2000000000  1.0000000000  0.3333333333  0.3333333333  0.6666666667  0.3333333333  0.0000000021  0.0000000005  0.0000000004 -0.0000000000 -0.0000000000 -0.0000000000  0.1036421625  0.0233009145 -0.0008980705  0.0000000000  0.0000000000  0.0846193692 -0.0008249913  0.0000000000  0.0000000000  0.0345592917  0.0000000000  0.0000000000  0.0000000006 -0.0000000000  0.0000000006
  0.2000000000  1.0000000000  0.3333333333  0.3333333333  0.6666666667  0.6666666667  0.0000000021  0.0000000005  0.0000000004 -0.0000000000 -0.0000000000 -0.0000000000  0.1036788794  0.0233127242 -0.0008059905 -0.0000000000 -0.0000000000  0.0849172827 -0.0007645132 -0.0000000000 -0.0000000000  0.0346338334 -0.0000000000 -0.0000000000  0.0000000006 -0.0000000000  0.0000000006
  0.2000000000  1.0000000000  0.3333333333  0.3333333333  0.6666666667  1.0000000000  0.0000000021  0.0000000005  0.0000000005 -0.0000000000 -0.0000000000 -0.0000000000  0.1033176516  0.0239096656 -0.0002311373  0.0000000000  0.0000000000  0.0839616771 -0.0001835369  0.0000000000  0.0000000000  0.0338264205  0.0000000000  0.0000000000  0.0000000006 -0.0000000000  0.0000000006
  0.2000000000  1.0000000000  0.3333333333  0.3333333333  1.0000000000  0.0000000000  0.0000000033  0.0000000004  0.0000000004 -0.0000000000  0.0000000000  0.0000000000  0.0241102892  0.0241060695 -0.0241051511  0.0000000000  0.0000000000  0.0241106866 -0.0241053397  0.0000000000 -0.0000000000  0.0241075680  0.0000000000  0.0000000000  0.0000000010  0.0000000000  0.0000000010
  0.2000000000  1.0000000000  0.3333333333  0.3333333333  1.0000000000  0.3333333333  0.0000000021  0.0000000005  0.0000000004 -0.0000000000 -0.0000000000 -0.0000000000  0.1033797872  0.0232824271 -0.0012228905  0.0000000000  0.0000000000  0.0838918425 -0.0010327417  0.0000000000  0.0000000000  0.0342463929  0.0000000000  0.0000000000  0.0000000006 -0.0000000000  0.0000000006
  0.2000000000  1.0000000000  0.3333333333  0.3333333333  1.0000000000  0.6666666667  0.0000000021  0.0000000005  0.0000000004 -0.0000000000 -0.0000000000 -0.0000000000  0.1036972867  0.0232941294 -0.0008324483  0.0000000000  0.0000000000  0.0848174991 -0.0007901668  0.0000000000  0.0000000000  0.0346200860  0.0000000000  0.0000000000  0.0000000006 -0.0000000000  0.0000000006
  0.2000000000  1.0000000000  0.3333333333  0.3333333333  1.0000000000  1.0000000000  0.0000000021  0.0000000005  0.0000000004 -0.0000000000 -0.0000000000 -0.0000000000  0.1036787862  0.0233128424 -0.0008077170 -0.0000000000 -0.0000000000  0.0849185250 -0.0007656861 -0.0000000000 -0.0000000000  0.0346339315 -0.0000000000 -0.0000000000  0.0000000006 -0.0000000000  0.0000000006
  0.2000000000  1.0000000000  0.3333333333  0.6666666667  0.0000000000  0.0000000000  0.0867793377  0.0000000005  0.0225557208 -0.0000000000  0.0017640111  0.0000000000  0.0000000021  0.0000000005 -0.0000000000  0.0000000000 -0.0000000000  0.0989433676 -0.0000000000  0.0018055108  0.0000000000  0.0000000006  0.0000000000 -0.0000000000  0.0338441062 -0.0000000000  0.0000000006
  0.2000000000  1.0000000000  0.3333333333  0.6666666667  0.0000000000  0.3333333333  0.0867546988  0.0000000005  0.0226865328 -0.0000000000  0.0016862230  0.0000000000  0.0000000021  0.0000000005 -0.0000000000  0.0000000000 -0.0000000000  0.0993504308 -0.0000000000  0.0017486958  0.0000000000  0.0000000006  0.0000000000 -0.0000000000  0.0339079240 -0.0000000000  0.0000000006
  0.2000000000  1.0000000000  0.3333333333  0.6666666667  0.0000000000  0.6666666667  0.0865031949  0.0000000004  0.0227802886 -0.0000000000  0.0016563581  0.0000000000  0.0000000021  0.0000000005 -0.0000000000  0.0000000000 -0.0000000000  0.1001893996 -0.0000000000  0.0017684967  0.0000000000  0.0000000006  0.0000000000 -0.0000000000  0.0339692487 -0.0000000000  0.0000000006
  0.2000000000  1.0000000000  0.3333333333  0.6666666667  0.0000000000  1.0000000000  0.0868299510  0.0000000005  0.0230823496  0.0000000000  0.0010356366 -0.0000000000  0.0000000021  0.0000000005 -0.0000000000  0.0000000000 -0.0000000000  0.1009936713  0.0000000000  0.0010314532 -0.0000000000  0.0000000006 -0.0000000000 -0.0000000000  0.0344144409  0.0000000000  0.0000000006
  0.2000000000  1.0000000000  0.3333333333  0.6666666667  0.3333333333  0.0000000000  0.1036286613  0.0231850970  0.0000000005 -0.0000000000  0.0000000000  0.0002643151  0.0861751643  0.0000000005 -0.0000000000  0.0000000000  0.0002139066  0.0000000021 -0.0000000000 -0.0000000000  0.0000000000  0.0000000006 -0.0000000000  0.0000000000  0.0000000006  0.0000000000  0.0343142439
  0.2000000000  1.0000000000  0.3333333333  0.6666666667  0.3333333333  0.3333333333  0.1034159645  0.0234661127  0.0000000005  0.0000000000 -0.0000000000  0.0003048555  0.0852856764  0.0000000005  0.0000000000 -0.0000000000  0.0004150856  0.0000000021 -0.0000000000 -0.0000000000  0.0000000000  0.0000000006 -0.0000000000 -0.0000000000  0.0000000006  0.0000000000  0.0347145142
  0.2000000000  1.0000000000  0.3333333333  0.6666666667  0.3333333333  0.6666666667  0.0000000021  0.0000000005  0.0000000005  0.0000000000 -0.0000000000 -0.0000000000  0.1030263538  0.0240099056  0.0000076968 -0.0000000000 -0.0000000000  0.0844019110  0.0000048113 -0.0000000000 -0.0000000000  0.0338226722  0.0000000000 -0.0000000000  0.0000000006 -0.0000000000  0.0000000006
  0.2000000000  1.0000000000  0.3333333333  0.6666666667  0.3333333333  1.0000000000  0.0000000021  0.0000000005  0.0000000005  0.0000000000 -0.0000000000 -0.0000000000  0.1031831260  0.0238835179  0.0002628705  0.0000000000 -0.0000000000  0.0841195704  0.0002770749  0.0000000000 -0.0000000000  0.0339268274 -0.0000000000  0.0000000000  0.0000000006 -0.0000000000  0.0000000006
  0.2000000000  1.0000000000  0.3333333333  0.6666666667  0.6666666667  0.0000000000  0.1035799007  0.0230185236  0.0000000005 -0.0000000000  0.0000000000  0.0003340285  0.0862919361  0.0000000005 -0.0000000000 -0.0000000000  0.0003046834  0.0000000021 -0.0000000000 -0.0000000000  0.0000000000  0.0000000006 -0.0000000000  0.0000000000  0.0000000006  0.0000000000  0.0339579835
  0.2000000000  1.0000000000  0.3333333333  0.6666666667  0.6666666667  0.3333333333  0.1011662628  0.0230668161  0.0000000005  0.0000000000 -0.0000000000  0.0008556357  0.0872187343  0.0000000005  0.0000000000 -0.0000000000  0.0008167432  0.0000000021 -0.0000000000  0.0000000000  0.0000000000  0.0000000006 -0.0000000000 -0.0000000000  0.0000000006  0.0000000000  0.0344994118
  0.2000000000  1.0000000000  0.3333333333  0.6666666667  0.6666666667  0.6666666667  0.0000000021  0.0000000005  0.0000000005 -0.0000000000 -0.0000000000 -0.0000000000  0.1033169013  0.0239168103 -0.0001264227 -0.0000000000 -0.0000000000  0.0840546271 -0.0001169368 -0.0000000000 -0.0000000000  0.0338357201 -0.0000000000 -0.0000000000  0.0000000006 -0.0000000000  0.0000000006
  0.2000000000  1.0000000000  0.3333333333  0.6666666667  0.6666666667  1.0000000000  0.0000000022  0.0000000005  0.0000000005 -0.0000000000 -0.0000000001  0.0000000000  0.1034156372  0.0229678959 -0.0000004476 -0.0000000000  0.0000000000  0.0867701402 -0.0000003647 -0.0000000000  0.0000000000  0.0339764015  0.0000000000 -0.0000000000  0.0000000006 -0.0000000000  0.0000000006
  0.2000000000  1.0000000000  0.3333333333  0.6666666667  1.0000000000  0.0000000000  0.1011411665  0.0230128042  0.0000000005 -0.0000000000  0.0000000000  0.0011137383  0.0868531008  0.0000000004 -0.0000000000  0.0000000000  0.0010603767  0.0000000021 -0.0000000000 -0.0000000000  0.0000000000  0.0000000006 -0.0000000000  0.0000000000  0.0000000006 -0.0000000000  0.0343657374
  0.2000000000  1.0000000000  0.3333333333  0.6666666667  1.0000000000  0.3333333333  0.1009648028  0.0230085774  0.0000000005  0.0000000000 -0.0000000000  0.0008920380  0.0872696036  0.0000000005  0.0000000000  0.0000000000  0.0008492257  0.0000000021 -0.0000000000  0.0000000000 -0.0000000000  0.0000000006 -0.0000000000  0.0000000000  0.0000000006 -0.0000000000  0.0344651438
  0.2000000000  1.0000000000  0.3333333333  0.6666666667  1.0000000000  0.6666666667  0.0000000021  0.0000000005  0.0000000005 -0.0000000000 -0.0000000000 -0.0000000000  0.1037423016  0.0236332954 -0.0005335200 -0.0000000000 -0.0000000000  0.0833577298 -0.0004368022 -0.0000000000 -0.0000000000  0.0338393481 -0.0000000000 -0.0000000000  0.0000000006 -0.0000000000  0.0000000006
  0.2000000000  1.0000000000  0.3333333333  0.6666666667  1.0000000000  1.0000000000  0.0000000021  0.0000000005  0.0000000005 -0.0000000000 -0.0000000000 -0.0000000000  0.1033670338  0.0234453481 -0.0006385438 -0.0000000000  0.0000000000  0.0850628300 -0.0004834778 -0.0000000000  0.0000000000  0.0345907431  0.0000000000  0.0000000000  0.0000000006 -0.0000000000  0.0000000006
  0.2000000000  1.0000000000  0.3333333333  1.0000000000  0.0000000000  0.0000000000  0.0097002449  0.0097001128  0.0097002396 -0.0097000684  0.0097002396 -0.0097000683  0.0097004056  0.0097001127 -0.0097000728  0.0097001118 -0.0097000729  0.0097002449 -0.0097000682  0.0097002395 -0.0097000683  0.0097001681 -0.0097000683  0.0097001653  0.0097002413 -0.0097000682  0.0097001681
  0.2000000000  1.0000000000  0.3333333333  1.0000000000  0.0000000000  0.3333333333  0.0852665477  0.0000000004  0.0230247193 -0.0000000000  0.0016315067  0.0000000000  0.0000000021  0.0000000005 -0.0000000000  0.0000000000 -0.0000000000  0.1013706338 -0.0000000000  0.0018213682  0.0000000000  0.0000000006  0.0000000000 -0.0000000000  0.0339124662 -0.0000000000  0.0000000006
  0.2000000000  1.0000000000  0.3333333333  1.0000000000  0.0000000000  0.6666666667  0.0850930947  0.0000000004  0.0234211836 -0.0000000000  0.0010697745  0.0000000000  0.0000000021  0.0000000005 -0.0000000000  0.0000000000  0.0000000000  0.1013730142 -0.0000000000  0.0010173780  0.0000000000  0.0000000006  0.0000000000 -0.0000000000  0.0347904079 -0.0000000000  0.0000000006
  0.2000000000  1.0000000000  0.3333333333  1.0000000000  0.0000000000  1.0000000000  0.0000000021  0.0000000005  0.0000000004  0.0000000000 -0.0000000000 -0.0000000000  0.1012046184  0.0234362282  0.0009761326  0.0000000000 -0.0000000000  0.0853379127  0.0010349623  0.0000000000 -0.0000000000  0.0347724197 -0.0000000000  0.0000000000  0.0000000006 -0.0000000000  0.0000000006
  0.2000000000  1.0000000000  0.3333333333  1.0000000000  0.3333333333  0.0000000000  0.1035679915  0.0233020305  0.0000000005 -0.0000000000  0.0000000000  0.0000984263  0.0862150650  0.0000000005 -0.0000000000  0.0000000000  0.0000754869  0.0000000021 -0.0000000000 -0.0000000000  0.0000000000  0.0000000006 -0.0000000000  0.0000000000  0.0000000006 -0.0000000000  0.0345388346
  0.2000000000  1.0000000000  0.3333333333  1.0000000000  0.3333333333  0.3333333333  0.1014910120  0.0232532496  0.0000000005  0.0000000000 -0.0000000000  0.0005255107  0.0870084688  0.0000000005  0.0000000000 -0.0000000000  0.0006093302  0.0000000021 -0.0000000000 -0.0000000000  0.0000000000  0.0000000006 -0.0000000000 -0.0000000000  0.0000000006  0.0000000000  0.0346965426
  0.2000000000  1.0000000000  0.3333333333  1.0000000000  0.3333333333  0.6666666667  0.0000000021  0.0000000005  0.0000000005 -0.0000000000 -0.0000000000 -0.0000000000  0.1026735409  0.0239346855  0.0002323807 -0.0000000000  0.0000000000  0.0849633145  0.0002170604 -0.0000000000  0.0000000000  0.0338364927  0.0000000000 -0.0000000000  0.0000000006 -0.0000000000  0.0000000006
  0.2000000000  1.0000000000  0.3333333333  1.0000000000  0.3333333333  1.0000000000  0.0000000021  0.0000000005  0.0000000005  0.0000000000 -0.0000000000 -0.0000000000  0.1030803573  0.0235200273  0.0005178032 -0.0000000000 -0.0000000000  0.0852416072  0.0002837906 -0.0000000000 -0.0000000000  0.0348113101  0.0000000000 -0.0000000000  0.0000000006 -0.0000000000  0.0000000006
  0.2000000000  1.0000000000  0.3333333333  1.0000000000  0.6666666667  0.0000000000  0.1031319865  0.0233013554  0.0000000005  0.0000000000 -0.0000000000  0.0008459617  0.0855326239  0.0000000004  0.0000000000 -0.0000000000  0.0007986427  0.0000000021 -0.0000000000 -0.0000000000  0.0000000000  0.0000000006 -0.0000000000 -0.0000000000  0.0000000006  0.0000000000  0.0345982126
  0.2000000000  1.0000000000  0.3333333333  1.0000000000  0.6666666667  0.3333333333  0.1025365105  0.0232780831  0.0000000005  0.0000000000 -0.0000000000  0.0007891861  0.0861726651  0.0000000004  0.0000000000 -0.0000000000  0.0007581120  0.0000000021 -0.0000000000 -0.0000000000  0.0000000000  0.0000000006 -0.0000000000 -0.0000000000  0.0000000006  0.0000000000  0.0345796794
  0.2000000000  1.0000000000  0.3333333333  1.0000000000  0.6666666667  0.6666666667  0.1011309715  0.0230697728  0.0000000005  0.0000000000 -0.0000000000  0.0009163812  0.0870488880  0.0000000004  0.0000000000 -0.0000000000  0.0008791179  0.0000000021 -0.0000000000 -0.0000000000  0.0000000000  0.0000000006 -0.0000000000 -0.0000000000  0.0000000006  0.0000000000  0.0344611965
  0.2000000000  1.0000000000  0.3333333333  1.0000000000  0.6666666667  1.0000000000  0.0000000021  0.0000000005  0.0000000005  0.0000000000 -0.0000000000 -0.0000000000  0.1028967140  0.0240788372  0.0000666045 -0.0000000000  0.0000000000  0.0845534590  0.0000661233 -0.0000000000  0.0000000000  0.0338037334  0.0000000000 -0.0000000000  0.0000000006 -0.0000000000  0.0000000006
  0.2000000000  1.0000000000  0.3333333333  1.0000000000  1.0000000000  0.0000000000  0.1020365368  0.0232540363  0.0000000005 -0.0000000000  0.0000000000  0.0011660227  0.0853486361  0.0000000004 -0.0000000000  0.0000000000  0.0011028223  0.0000000021 -0.0000000000 -0.0000000000  0.0000000000  0.0000000006 -0.0000000000  0.0000000000  0.0000000006 -0.0000000000  0.0345034096
  0.2000000000  1.0000000000  0.3333333333  1.0000000000  1.0000000000  0.3333333333  0.1018287054  0.0231509749  0.0000000005  0.0000000000 -0.0000000000  0.0010131654  0.0864403634  0.0000000004  0.0000000000 -0.0000000000  0.0009636954  0.0000000021 -0.0000000000 -0.0000000000  0.0000000000  0.0000000006 -0.0000000000 -0.0000000000  0.0000000006  0.0000000000  0.0344350190
  0.2000000000  1.0000000000  0.3333333333  1.0000000000  1.0000000000  0.6666666667  0.1018323806  0.0231837097  0.0000000005 -0.0000000000  0.0000000000  0.0009637313  0.0864689956  0.0000000005 -0.0000000000  0.0000000000  0.0009259196  0.0000000021 -0.0000000000 -0.0000000000  0.0000000000  0.0000000006 -0.0000000000  0.0000000000  0.0000000006 -0.0000000000  0.0344613122
  0.2000000000  1.0000000000  0.3333333333  1.0000000000  1.0000000000  1.0000000000  0.1019607000  0.0231973301  0.0000000005  0.0000000000 -0.0000000000  0.0009637218  0.0864376332  0.0000000004  0.0000000000 -0.0000000000  0.0009177585  0.0000000021 -0.0000000000 -0.0000000000  0.0000000000  0.0000000006 -0.0000000000 -0.0000000000  0.0000000006  0.0000000000  0.0344592982
  0.2000000000  1.0000000000  0.6666666667  0.0000000000  0.0000000000  0.0000000000  0.0845979645  0.0103111337  0.0000000007 -0.0000000000 -0.0000000000  0.0096962705  0.0272649635  0.0000000006 -0.0000000000  0.0000000000  0.0108925481  0.0000000029 -0.0000000000 -0.0000000000  0.0000000001  0.0000000009 -0.0000000000 -0.0000000000  0.0000000009 -0.0000000000  0.0147522504
  0.2000000000  1.0000000000  0.6666666667  0.0000000000  0.0000000000  0.3333333333  0.1040244237  0.0232422654  0.0000000005 -0.0000000000  0.0000000000  0.0010884208  0.0826829607  0.0000000004 -0.0000000000  0.0000000000  0.0008706560  0.0000000021 -0.0000000000 -0.0000000000  0.0000000000  0.0000000006 -0.0000000000  0.0000000000  0.0000000006 -0.0000000000  0.0339133598
  0.2000000000  1.0000000000  0.6666666667  0.0000000000  0.0000000000  0.6666666667  0.1041759602  0.0231709507  0.0000000005 -0.0000000000  0.0000000000  0.0010256718  0.0827553000  0.0000000004 -0.0000000000  0.0000000000  0.0008372619  0.0000000021 -0.0000000000 -0.0000000000  0.0000000000  0.0000000006 -0.0000000000  0.0000000000  0.0000000006 -0.0000000000  0.0338929344
  0.2000000000  1.0000000000  0.6666666667  0.0000000000  0.0000000000  1.0000000000  0.1040976131  0.0234052694  0.0000000005 -0.0000000000  0.0000000000  0.0005040892  0.0829453975  0.0000000004 -0.0000000000  0.0000000000  0.0003856078  0.0000000021 -0.0000000000 -0.0000000000  0.0000000000  0.0000000006 -0.0000000000  0.0000000000  0.0000000006 -0.0000000000  0.0338100659
  0.2000000000  1.0000000000  0.6666666667  0.0000000000  0.3333333333  0.0000000000  0.1036962123  0.0231624285  0.0000000005  0.0000000000 -0.0000000000  0.0010943786  0.0840843845  0.0000000004  0.0000000000 -0.0000000000  0.0009433233  0.0000000021 -0.0000000000 -0.0000000000  0.0000000000  0.0000000006 -0.0000000000 -0.0000000000  0.0000000006  0.0000000000  0.0342432525
  0.2000000000  1.0000000000  0.6666666667  0.0000000000  0.3333333333  0.3333333333  0.1036383682  0.0231287468  0.0000000005  0.0000000000 -0.0000000000  0.0010167589  0.0843880423  0.0000000004  0.0000000000 -0.0000000000  0.0008252121  0.0000000021 -0.0000000000 -0.0000000000  0.0000000000  0.0000000006 -0.0000000000 -0.0000000000  0.0000000006  0.0000000000  0.0339294899
  0.2000000000  1.0000000000  0.6666666667  0.0000000000  0.3333333333  0.6666666667  0.1036943492  0.0233232798  0.0000000005  0.0000000000 -0.0000000000  0.0007612777  0.0850595469  0.0000000004  0.0000000000 -0.0000000000  0.0007216216  0.0000000021 -0.0000000000 -0.0000000000  0.0000000000  0.0000000006 -0.0000000000 -0.0000000000  0.0000000006  0.0000000000  0.0346167169
  0.2000000000  1.0000000000  0.6666666667  0.0000000000  0.3333333333  1.0000000000  0.1030715271  0.0239479261  0.0000000005 -0.0000000000 -0.0000000000  0.0000464506  0.0845434181  0.0000000005 -0.0000000000 -0.0000000000 -0.0000117899  0.0000000021 -0.0000000000 -0.0000000000  0.0000000000  0.0000000006 -0.0000000000 -0.0000000000  0.0000000006 -0.0000000000  0.0337785155
  0.2000000000  1.0000000000  0.6666666667  0.0000000000  0.6666666667  0.0000000000  0.1036563601  0.0232908724  0.0000000005  0.0000000000 -0.0000000000  0.0008012081  0.0850044759  0.0000000005  0.0000000000 -0.0000000000  0.0007635748  0.0000000021 -0.0000000000  0.0000000000  0.0000000000  0.0000000006 -0.0000000000 -0.0000000000  0.0000000006 -0.0000000000  0.0346262925
  0.2000000000  1.0000000000  0.6666666667  0.0000000000  0.6666666667  0.3333333333  0.0000000021  0.0000000005  0.0000000004 -0.0000000000 -0.0000000000 -0.0000000000  0.1035027282  0.0232936802 -0.0008867762 -0.0000000000 -0.0000000000  0.0848917233 -0.0008280781 -0.0000000000 -0.0000000000  0.0345739222 -0.0000000000 -0.0000000000  0.0000000006 -0.0000000000  0.0000000006
  0.2000000000  1.0000000000  0.6666666667  0.0000000000  0.6666666667  0.6666666667  0.0000000021  0.0000000005  0.0000000004 -0.0000000000 -0.0000000000 -0.0000000000  0.1035758400  0.0233156931 -0.0008143525  0.0000000000  0.0000000000  0.0850869447 -0.0007656892  0.0000000000  0.0000000000  0.0346259041  0.0000000000  0.0000000000  0.0000000006 -0.0000000000  0.0000000006
  0.2000000000  1.0000000000  0.6666666667  0.0000000000  0.6666666667  1.0000000000  0.0000000021  0.0000000005  0.0000000004 -0.0000000000 -0.0000000000 -0.0000000000  0.1035799313  0.0233717602 -0.0006541546  0.0000000000  0.0000000000  0.0848816280 -0.0006283287  0.0000000000  0.0000000000  0.0346111813  0.0000000000  0.0000000000  0.0000000006 -0.0000000000  0.0000000006
  0.2000000000  1.0000000000  0.6666666667  0.0000000000  1.0000000000  0.0000000000  0.0000000021  0.0000000005  0.0000000004 -0.0000000000 -0.0000000000 -0.0000000000  0.1015282838  0.0233695683 -0.0017342024 -0.0000000000 -0.0000000000  0.0836604810 -0.0015173833 -0.0000000000 -0.0000000000  0.0342350122 -0.0000000000 -0.0000000000  0.0000000006 -0.0000000000  0.0000000006
  0.2000000000  1.0000000000  0.6666666667  0.0000000000  1.0000000000  0.3333333333  0.0000000021  0.0000000005  0.0000000004 -0.0000000000 -0.0000000000 -0.0000000000  0.1032251044  0.0232602960 -0.0009917985  0.0000000000  0.0000000000  0.0848688971 -0.0009218900  0.0000000000  0.0000000000  0.0345111305  0.0000000000  0.0000000000  0.0000000006 -0.0000000000  0.0000000006
  0.2000000000  1.0000000000  0.6666666667  0.0000000000  1.0000000000  0.6666666667  0.0000000021  0.0000000005  0.0000000004 -0.0000000000 -0.0000000000 -0.0000000000  0.1034778327  0.0232987306 -0.0008376034  0.0000000000  0.0000000000  0.0851445107 -0.0007945646  0.0000000000  0.0000000000  0.0346198994  0.0000000000  0.0000000000  0.0000000006 -0.0000000000  0.0000000006
  0.2000000000  1.0000000000  0.6666666667  0.0000000000  1.0000000000  1.0000000000  0.0000000021  0.0000000005  0.0000000004 -0.0000000000 -0.0000000000 -0.0000000000  0.1035715774  0.0233120587 -0.0008188708  0.0000000000  0.0000000000  0.0850814692 -0.0007703496  0.0000000000  0.0000000000  0.0346232389  0.0000000000  0.0000000000  0.0000000006 -0.0000000000  0.0000000006
  0.2000000000  1.0000000000  0.6666666667  0.3333333333  0.0000000000  0.0000000000  0.0868786444  0.0000000005  0.0226890962  0.0000000000  0.0016272054 -0.0000000000  0.0000000021  0.0000000005 -0.0000000000  0.0000000000 -0.0000000000  0.0986260846  0.0000000000  0.0016280154 -0.0000000000  0.0000000006 -0.0000000000 -0.0000000000  0.0338801234  0.0000000000  0.0000000006
  0.2000000000  1.0000000000  0.6666666667  0.3333333333  0.0000000000  0.3333333333  0.0871325646  0.0000000005  0.0227965875 -0.0000000000  0.0014478584  0.0000000000  0.0000000021  0.0000000005 -0.0000000000  0.0000000000 -0.0000000000  0.0992202034 -0.0000000000  0.0014634803  0.0000000000  0.0000000006  0.0000000000 -0.0000000000  0.0340519912 -0.0000000000  0.0000000006
  0.2000000000  1.0000000000  0.6666666667  0.3333333333  0.0000000000  0.6666666667  0.0876752014  0.0000000005  0.0229759603 -0.0000000000  0.0010013540  0.0000000000  0.0000000021  0.0000000005 -0.0000000000  0.0000000000 -0.0000000000  0.0999311772 -0.0000000000  0.0009763138  0.0000000000  0.0000000006  0.0000000000 -0.0000000000  0.0343885443 -0.0000000000  0.0000000006
  0.2000000000  1.0000000000  0.6666666667  0.3333333333  0.0000000000  1.0000000000  0.0875964605  0.0000000005  0.0231157522 -0.0000000000  0.0008022017  0.0000000000  0.0000000021  0.0000000005 -0.0000000000  0.0000000000 -0.0000000000  0.1004499805 -0.0000000000  0.0007584290  0.0000000000  0.0000000006  0.0000000000 -0.0000000000  0.0345003019 -0.0000000000  0.0000000006
  0.2000000000  1.0000000000  0.6666666667  0.3333333333  0.3333333333  0.0000000000  0.0871173644  0.0000000005  0.0228065724  0.0000000000  0.0011804201 -0.0000000000  0.0000000021  0.0000000005  0.0000000000  0.0000000000  0.0000000000  0.0997036657  0.0000000000  0.0011209657 -0.0000000000  0.0000000006 -0.0000000000  0.0000000000  0.0343523345  0.0000000000  0.0000000006
  0.2000000000  1.0000000000  0.6666666667  0.3333333333  0.3333333333  0.3333333333  0.0868130521  0.0000000004  0.0228938480  0.0000000000  0.0014338252 -0.0000000000  0.0000000021  0.0000000005 -0.0000000000  0.0000000000 -0.0000000000  0.0999790918  0.0000000000  0.0015076646 -0.0000000000  0.0000000006 -0.0000000000 -0.0000000000  0.0340499396  0.0000000000  0.0000000006
  0.2000000000  1.0000000000  0.6666666667  0.3333333333  0.3333333333  0.6666666667  0.0874702516  0.0000000005  0.0230217997 -0.0000000000  0.0009130366  0.0000000000  0.0000000021  0.0000000005 -0.0000000000  0.0000000000 -0.0000000000  0.1005970504 -0.0000000000  0.0009288066  0.0000000000  0.0000000006  0.0000000000 -0.0000000000  0.0344331233 -0.0000000000  0.0000000006
  0.2000000000  1.0000000000  0.6666666667  0.3333333333  0.3333333333  1.0000000000  0.0871250859  0.0000000005  0.0232676316 -0.0000000000  0.0004523968 -0.0000000000  0.0000000021  0.0000000005 -0.0000000000 -0.0000000000 -0.0000000000  0.0988456093 -0.0000000000  0.0004405882 -0.0000000000  0.0000000006 -0.0000000000 -0.0000000000  0.0338322242  0.0000000000  0.0000000006
  0.2000000000  1.0000000000  0.6666666667  0.3333333333  0.6666666667  0.0000000000  0.1008116654  0.0229610186  0.0000000005 -0.0000000000 -0.0000000000  0.0009180964  0.0872499063  0.0000000005 -0.0000000000  0.0000000000  0.0008770606  0.0000000021 -0.0000000000  0.0000000000 -0.0000000000  0.0000000006 -0.0000000000  0.0000000000  0.0000000006 -0.0000000000  0.0344334506
  0.2000000000  1.0000000000  0.6666666667  0.3333333333  0.6666666667  0.3333333333  0.0000000021  0.0000000005  0.0000000004 -0.0000000000 -0.0000000000 -0.0000000000  0.1036765953  0.0233067009 -0.0008368981 -0.0000000000 -0.0000000000  0.0848387992 -0.0007796831 -0.0000000000 -0.0000000000  0.0346011249 -0.0000000000 -0.0000000000  0.0000000006 -0.0000000000  0.0000000006
  0.2000000000  1.0000000000  0.6666666667  0.3333333333  0.6666666667  0.6666666667  0.0000000021  0.0000000005  0.0000000004 -0.0000000000 -0.0000000000 -0.0000000000  0.1036650716  0.0233184908 -0.0008182504 -0.0000000000 -0.0000000000  0.0849053193 -0.0007636893 -0.0000000000 -0.0000000000  0.0346132732 -0.0000000000 -0.0000000000  0.0000000006 -0.0000000000  0.0000000006
  0.2000000000  1.0000000000  0.6666666667  0.3333333333  0.6666666667  1.0000000000  0.0000000021  0.0000000005  0.0000000005 -0.0000000000 -0.0000000000 -0.0000000000  0.1034510798  0.0237443638 -0.0004695113  0.0000000000  0.0000000000  0.0838338076 -0.0003768538  0.0000000000  0.0000000000  0.0338490438  0.0000000000  0.0000000000  0.0000000006 -0.0000000000  0.0000000006
  0.2000000000  1.0000000000  0.6666666667  0.3333333333  1.0000000000  0.0000000000  0.0000000021  0.0000000005  0.0000000004 -0.0000000000 -0.0000000000 -0.0000000000  0.1031077807  0.0232164168 -0.0014670937 -0.0000000000 -0.0000000000  0.0833519100 -0.0012413929 -0.0000000000 -0.0000000000  0.0342102870 -0.0000000000 -0.0000000000  0.0000000006 -0.0000000000  0.0000000006
  0.2000000000  1.0000000000  0.6666666667  0.3333333333  1.0000000000  0.3333333333  0.0000000021  0.0000000005  0.0000000004 -0.0000000000 -0.0000000000 -0.0000000000  0.1035330151  0.0232778422 -0.0010268452 -0.0000000000 -0.0000000000  0.0843180873 -0.0009231451 -0.0000000000 -0.0000000000  0.0344731924 -0.0000000000 -0.0000000000  0.0000000006 -0.0000000000  0.0000000006
  0.2000000000  1.0000000000  0.6666666667  0.3333333333  1.0000000000  0.6666666667  0.0000000021  0.0000000005  0.0000000004 -0.0000000000 -0.0000000000 -0.0000000000  0.1036603845  0.0233074101 -0.0008628265 -0.0000000000 -0.0000000000  0.0847078139 -0.0008030180 -0.0000000000 -0.0000000000  0.0345914943 -0.0000000000 -0.0000000000  0.0000000006 -0.0000000000  0.0000000006
  0.2000000000  1.0000000000  0.6666666667  0.3333333333  1.0000000000  1.0000000000  0.0000000021  0.0000000005  0.0000000004 -0.0000000000 -0.0000000000 -0.0000000000  0.1036832170  0.0233107212 -0.0008139063  0.0000000000  0.0000000000  0.0849175789 -0.0007657932  0.0000000000  0.0000000000  0.0346240486  0.0000000000  0.0000000000  0.0000000006 -0.0000000000  0.0000000006
  0.2000000000  1.0000000000  0.6666666667  0.6666666667  0.0000000000  0.0000000000  0.0246001304  0.0000000006  0.0245954829  0.0000000000  0.0245942025 -0.0000000000  0.0000000032  0.0000000005 -0.0000000000  0.0000000002 -0.0000000000  0.0246007107  0.0000000000  0.0245944968 -0.0000000000  0.0000000010  0.0000000000 -0.0000000000  0.0245967314 -0.0000000000  0.0000000010
  0.2000000000  1.0000000000  0.6666666667  0.6666666667  0.0000000000  0.3333333333  0.0847224682  0.0000000004  0.0233712079  0.0000000000  0.0014644333 -0.0000000000  0.0000000021  0.0000000005 -0.0000000000  0.0000000000 -0.0000000000  0.1003795286  0.0000000000  0.0015219558 -0.0000000000  0.0000000006 -0.0000000000 -0.0000000000  0.0343625210  0.0000000000  0.0000000006
  0.2000000000  1.0000000000  0.6666666667  0.6666666667  0.0000000000  0.6666666667  0.0854633109  0.0000000004  0.0232352396  0.0000000000  0.0011514865 -0.0000000000  0.0000000021  0.0000000005 -0.0000000000  0.0000000000 -0.0000000000  0.1017662256  0.0000000000  0.0012263624 -0.0000000000  0.0000000006 -0.0000000000 -0.0000000000  0.0344580468  0.0000000000  0.0000000006
  0.2000000000  1.0000000000  0.6666666667  0.6666666667  0.0000000000  1.0000000000  0.0860027606  0.0000000005  0.0232512567 -0.0000000000  0.0009007161  0.0000000000  0.0000000021  0.0000000005 -0.0000000000  0.0000000000 -0.0000000000  0.1023191463 -0.0000000000  0.0009428860  0.0000000000  0.0000000006  0.0000000000 -0.0000000000  0.0344968933 -0.0000000000  0.0000000006
  0.2000000000  1.0000000000  0.6666666667  0.6666666667  0.3333333333  0.0000000000  0.0856877691  0.0000000004  0.0229916059  0.0000000000  0.0016808973 -0.0000000000  0.0000000021  0.0000000005 -0.0000000000  0.0000000000  0.0000000000  0.0990360025  0.0000000000  0.0017851047 -0.0000000000  0.0000000006 -0.0000000000 -0.0000000000  0.0343292058  0.0000000000  0.0000000006
  0.2000000000  1.0000000000  0.6666666667  0.6666666667  0.3333333333  0.3333333333  0.0854363103  0.0000000004  0.0231968302  0.0000000000  0.0012891350 -0.0000000000  0.0000000021  0.0000000005 -0.0000000000  0.0000000000 -0.0000000000  0.1012827798  0.0000000000  0.0013790462 -0.0000000000  0.0000000006 -0.0000000000 -0.0000000000  0.0343973047  0.0000000000  0.0000000006
  0.2000000000  1.0000000000  0.6666666667  0.6666666667  0.3333333333  0.6666666667  0.0859145197  0.0000000005  0.0232616951  0.0000000000  0.0010168763 -0.0000000000  0.0000000021  0.0000000005 -0.0000000000  0.0000000000 -0.0000000000  0.1018546534  0.0000000000  0.0010662188 -0.0000000000  0.0000000006 -0.0000000000 -0.0000000000  0.0344323219  0.0000000000  0.0000000006
  0.2000000000  1.0000000000  0.6666666667  0.6666666667  0.3333333333  1.0000000000  0.0860081407  0.0000000004  0.0232972804 -0.0000000000  0.0007333949  0.0000000000  0.0000000021  0.0000000005 -0.0000000000  0.0000000000 -0.0000000000  0.1027430514 -0.0000000000  0.0007594903  0.0000000000  0.0000000006  0.0000000000 -0.0000000000  0.0346065416 -0.0000000000  0.0000000006
  0.2000000000  1.0000000000  0.6666666667  0.6666666667  0.6666666667  0.0000000000  0.1008202503  0.0229665369  0.0000000005 -0.0000000000  0.0000000000  0.0009175214  0.0872352568  0.0000000005 -0.0000000000  0.0000000000  0.0008770530  0.0000000022 -0.0000000001  0.0000000000 -0.0000000000  0.0000000006 -0.0000000000  0.0000000000  0.0000000006 -0.0000000000  0.0344340726
  0.2000000000  1.0000000000  0.6666666667  0.6666666667  0.6666666667  0.3333333333  0.0851348649  0.0000000004  0.0234349408 -0.0000000000  0.0010404796  0.0000000000  0.0000000021  0.0000000005  0.0000000000  0.0000000000 -0.0000000000  0.1014866279 -0.0000000000  0.0009719559  0.0000000000  0.0000000006  0.0000000000 -0.0000000000  0.0348155996 -0.0000000000  0.0000000006
  0.2000000000  1.0000000000  0.6666666667  0.6666666667  0.6666666667  0.6666666667  0.0000000021  0.0000000005  0.0000000004 -0.0000000000 -0.0000000000 -0.0000000000  0.1036802665  0.0233059255 -0.0005447600 -0.0000000000 -0.0000000000  0.0852524148 -0.0004916722 -0.0000000000 -0.0000000000  0.0344676326 -0.0000000000 -0.0000000000  0.0000000006 -0.0000000000  0.0000000006
  0.2000000000  1.0000000000  0.6666666667  0.6666666667  0.6666666667  1.0000000000  0.0000000021  0.0000000005  0.0000000005 -0.0000000000 -0.0000000000 -0.0000000000  0.1032395134  0.0239014487 -0.0001439525 -0.0000000000 -0.0000000000  0.0842798844 -0.0001239422 -0.0000000000 -0.0000000000  0.0338152663 -0.0000000000 -0.0000000000  0.0000000006 -0.0000000000  0.0000000006
  0.2000000000  1.0000000000  0.6666666667  0.6666666667  1.0000000000  0.0000000000  0.1000705156  0.0229693960  0.0000000005 -0.0000000000  0.0000000000  0.0009131268  0.0877242267  0.0000000005 -0.0000000000  0.0000000000  0.0009674954  0.0000000021 -0.0000000000 -0.0000000000  0.0000000000  0.0000000006 -0.0000000000  0.0000000000  0.0000000006 -0.0000000000  0.0344556645
  0.2000000000  1.0000000000  0.6666666667  0.6666666667  1.0000000000  0.3333333333  0.1003817776  0.0230386205  0.0000000005  0.0000000000 -0.0000000000  0.0009095890  0.0874680756  0.0000000005  0.0000000000 -0.0000000000  0.0009389497  0.0000000021 -0.0000000000 -0.0000000000  0.0000000000  0.0000000006 -0.0000000000 -0.0000000000  0.0000000006  0.0000000000  0.0344298302
  0.2000000000  1.0000000000  0.6666666667  0.6666666667  1.0000000000  0.6666666667  0.0000000021  0.0000000005  0.0000000004 -0.0000000000 -0.0000000000 -0.0000000000  0.1036882999  0.0233126746 -0.0007829431 -0.0000000000 -0.0000000000  0.0849128812 -0.0007595641 -0.0000000000 -0.0000000000  0.0346513099 -0.0000000000 -0.0000000000  0.0000000006 -0.0000000000  0.0000000006
  0.2000000000  1.0000000000  0.6666666667  0.6666666667  1.0000000000  1.0000000000  0.0000000021  0.0000000005  0.0000000005 -0.0000000000 -0.0000000000 -0.0000000000  0.1039176380  0.0235987066 -0.0004173962 -0.0000000000 -0.0000000000  0.0835333191 -0.0003297873 -0.0000000000 -0.0000000000  0.0338007641 -0.0000000000 -0.0000000000  0.0000000006 -0.0000000000  0.0000000006
  0.2000000000  1.0000000000  0.6666666667  1.0000000000  0.0000000000  0.0000000000  0.0829250305  0.0000000004  0.0234804492  0.0000000000  0.0014954614 -0.0000000000  0.0000000021  0.0000000005 -0.0000000000  0.0000000000 -0.0000000000  0.1015451543  0.0000000000  0.0016873037 -0.0000000000  0.0000000006 -0.0000000000 -0.0000000000  0.0341661094  0.0000000000  0.0000000006
  0.2000000000  1.0000000000  0.6666666667  1.0000000000  0.0000000000  0.3333333333  0.0847588260  0.0000000004  0.0234666245 -0.0000000000  0.0006970426 -0.0000000000  0.0000000021  0.0000000005 -0.0000000000  0.0000000000 -0.0000000000  0.1032292006 -0.0000000000  0.0009105559 -0.0000000000  0.0000000006  0.0000000000 -0.0000000000  0.0346672997  0.0000000000  0.0000000006
  0.2000000000  1.0000000000  0.6666666667  1.0000000000  0.0000000000  0.6666666667  0.0849966651  0.0000000004  0.0233037168  0.0000000000  0.0007661384 -0.0000000000  0.0000000021  0.0000000005 -0.0000000000  0.0000000000 -0.0000000000  0.1036645977  0.0000000000  0.0008039021 -0.0000000000  0.0000000006 -0.0000000000 -0.0000000000  0.0346385293  0.0000000000  0.0000000006
  0.2000000000  1.0000000000  0.6666666667  1.0000000000  0.0000000000  1.0000000000  0.0849155194  0.0000000004  0.0233201650  0.0000000000  0.0007552546 -0.0000000000  0.0000000021  0.0000000005 -0.0000000000  0.0000000000 -0.0000000000  0.1036640270  0.0000000000  0.0007814836 -0.0000000000  0.0000000006 -0.0000000000 -0.0000000000  0.0346545075  0.0000000000  0.0000000006
  0.2000000000  1.0000000000  0.6666666667  1.0000000000  0.3333333333  0.0000000000  0.0846359607  0.0000000004  0.0231032270  0.0000000000  0.0014144841 -0.0000000000  0.0000000021  0.0000000005 -0.0000000000  0.0000000000 -0.0000000000  0.1015469795  0.0000000000  0.0015856149 -0.0000000000  0.0000000006 -0.0000000000 -0.0000000000  0.0341962372  0.0000000000  0.0000000006
  0.2000000000  1.0000000000  0.6666666667  1.0000000000  0.3333333333  0.3333333333  0.0848775517  0.0000000004  0.0234862960 -0.0000000000  0.0006761226 -0.0000000000  0.0000000021  0.0000000005 -0.0000000000  0.0000000000 -0.0000000000  0.1030994585 -0.0000000000  0.0008998728 -0.0000000000  0.0000000006  0.0000000000 -0.0000000000  0.0347014071  0.0000000000  0.0000000006
  0.2000000000  1.0000000000  0.6666666667  1.0000000000  0.3333333333  0.6666666667  0.0848588701  0.0000000004  0.0233295763  0.0000000000  0.0007789452 -0.0000000000  0.0000000021  0.0000000005 -0.0000000000  0.0000000000 -0.0000000000  0.1036054647  0.0000000000  0.0008307435 -0.0000000000  0.0000000006 -0.0000000000 -0.0000000000  0.0346150021  0.0000000000  0.0000000006
  0.2000000000  1.0000000000  0.6666666667  1.0000000000  0.3333333333  1.0000000000  0.0849850149  0.0000000004  0.0233238210 -0.0000000000  0.0007174730  0.0000000000  0.0000000021  0.0000000005 -0.0000000000  0.0000000000 -0.0000000000  0.1036709424 -0.0000000000  0.0007454114  0.0000000000  0.0000000006  0.0000000000 -0.0000000000  0.0346470133 -0.0000000000  0.0000000006
  0.2000000000  1.0000000000  0.6666666667  1.0000000000  0.6666666667  0.0000000000  0.1008767757  0.0230275870  0.0000000005  0.0000000000 -0.0000000000  0.0008752377  0.0873834722  0.0000000005  0.0000000000 -0.0000000000  0.0008420471  0.0000000021 -0.0000000000  0.0000000000  0.0000000000  0.0000000006 -0.0000000000 -0.0000000000  0.0000000006  0.0000000000  0.0344856319
  0.2000000000  1.0000000000  0.6666666667  1.0000000000  0.6666666667  0.3333333333  0.1012390545  0.0231996361  0.0000000005  0.0000000000 -0.0000000000  0.0004291576  0.0871803887  0.0000000005  0.0000000000 -0.0000000000  0.0005553143  0.0000000021 -0.0000000000  0.0000000000 -0.0000000000  0.0000000006 -0.0000000000  0.0000000000  0.0000000006 -0.0000000000  0.0347253161
  0.2000000000  1.0000000000  0.6666666667  1.0000000000  0.6666666667  0.6666666667  0.1008515245  0.0231342618  0.0000000005  0.0000000000 -0.0000000000  0.0006101705  0.0874624326  0.0000000005  0.0000000000 -0.0000000000  0.0007075764  0.0000000021 -0.0000000000 -0.0000000000  0.0000000000  0.0000000006 -0.0000000000 -0.0000000000  0.0000000006  0.0000000000  0.0346440974
  0.2000000000  1.0000000000  0.6666666667  1.0000000000  0.6666666667  1.0000000000  0.1008245700  0.0238672281  0.0000000005 -0.0000000000  0.0000000000  0.0006109573  0.0863216180  0.0000000005 -0.0000000000  0.0000000000  0.0005856140  0.0000000021 -0.0000000000 -0.0000000000 -0.0000000000  0.0000000006 -0.0000000000  0.0000000000  0.0000000006 -0.0000000000  0.0337589329
  0.2000000000  1.0000000000  0.6666666667  1.0000000000  1.0000000000  0.0000000000  0.1006203121  0.0230420583  0.0000000005  0.0000000000 -0.0000000000  0.0011411547  0.0868605245  0.0000000005  0.0000000000 -0.0000000000  0.0011115408  0.0000000021 -0.0000000000 -0.0000000000  0.0000000000  0.0000000006 -0.0000000000 -0.0000000000  0.0000000006  0.0000000000  0.0343358280
  0.2000000000  1.0000000000  0.6666666667  1.0000000000  1.0000000000  0.3333333333  0.1007822152  0.0231817984  0.0000000005 -0.0000000000  0.0000000000  0.0011258502  0.0865708178  0.0000000005 -0.0000000000  0.0000000000  0.0011067432  0.0000000021 -0.0000000000 -0.0000000000  0.0000000000  0.0000000006 -0.0000000000  0.0000000000  0.0000000006 -0.0000000000  0.0343565933
  0.2000000000  1.0000000000  0.6666666667  1.0000000000  1.0000000000  0.6666666667  0.1009802583  0.0230196801  0.0000000005  0.0000000000 -0.0000000000  0.0010268272  0.0871309282  0.0000000004  0.0000000000 -0.0000000000  0.0009747162  0.0000000021 -0.0000000000 -0.0000000000  0.0000000000  0.0000000006 -0.0000000000 -0.0000000000  0.0000000006  0.0000000000  0.0344068663
  0.2000000000  1.0000000000  0.6666666667  1.0000000000  1.0000000000  1.0000000000  0.1012439775  0.0231582968  0.0000000005  0.0000000000 -0.0000000000  0.0008905362  0.0869315304  0.0000000005  0.0000000000 -0.0000000000  0.0008824485  0.0000000021 -0.0000000000 -0.0000000000  0.0000000000  0.0000000006 -0.0000000000 -0.0000000000  0.0000000006  0.0000000000  0.0344749361
  0.2000000000  1.0000000000  1.0000000000  0.0000000000  0.0000000000  0.0000000000  0.0097123531  0.0097123484  0.0097122209  0.0097121786  0.0097121786  0.0097123484  0.0097123532  0.0097122208  0.0097121784  0.0097121787  0.0097123484  0.0097125110  0.0097121818  0.0097121821  0.0097122201  0.0097122785  0.0097122762  0.0097121785  0.0097122786  0.0097121785  0.0097123499
  0.2000000000  1.0000000000  1.0000000000  0.0000000000  0.0000000000  0.3333333333  0.0096986612  0.0096983606  0.0096983603  0.0096983592  0.0096983188  0.0096983196  0.0096984976  0.0096984913  0.0096984910  0.0096983151  0.0096983153  0.0096984979  0.0096984912  0.0096983147  0.0096983151  0.0096984934  0.0096983150  0.0096983148  0.0096984178  0.0096984142  0.0096984180
  0.2000000000  1.0000000000  1.0000000000  0.0000000000  0.0000000000  0.6666666667  0.1036207671  0.0233631700  0.0000000005 -0.0000000000  0.0000000000  0.0005845406  0.0850166069  0.0000000004 -0.0000000000  0.0000000000  0.0005880070  0.0000000021 -0.0000000000 -0.0000000000  0.0000000000  0.0000000006 -0.0000000000  0.0000000000  0.0000000006 -0.0000000000  0.0346676190
  0.2000000000  1.0000000000  1.0000000000  0.0000000000  0.0000000000  1.0000000000  0.1039406251  0.0237131212  0.0000000005 -0.0000000000 -0.0000000000 -0.0000000000  0.0834347918  0.0000000005 -0.0000000000  0.0000000000 -0.0000000000  0.0000000021 -0.0000000000 -0.0000000000 -0.0000000000  0.0000000006 -0.0000000000 -0.0000000000  0.0000000006 -0.0000000000  0.0338116748
  0.2000000000  1.0000000000  1.0000000000  0.0000000000  0.3333333333  0.0000000000  0.0097037810  0.0097036475  0.0097037742  0.0097036049  0.0097037737  0.0097036057  0.0097039378  0.0097036465  0.0097036069  0.0097036454  0.0097036092  0.0097037818  0.0097036039  0.0097037741  0.0097036049  0.0097037059  0.0097036049  0.0097037018  0.0097037765  0.0097036043  0.0097037062
  0.2000000000  1.0000000000  1.0000000000  0.0000000000  0.3333333333  0.3333333333  0.1026917418  0.0239098588  0.0000000005 -0.0000000000 -0.0000000000  0.0003198849  0.0842028128  0.0000000005 -0.0000000000 -0.0000000000  0.0002566782  0.0000000021 -0.0000000000 -0.0000000000  0.0000000000  0.0000000006 -0.0000000000  0.0000000000  0.0000000006 -0.0000000000  0.0338273591
  0.2000000000  1.0000000000  1.0000000000  0.0000000000  0.3333333333  0.6666666667  0.1031211755  0.0239337659  0.0000000005  0.0000000000 -0.0000000000  0.0001833213  0.0842945131  0.0000000005  0.0000000000 -0.0000000000  0.0001790510  0.0000000021 -0.0000000000 -0.0000000000  0.0000000000  0.0000000006 -0.0000000000 -0.0000000000  0.0000000006  0.0000000000  0.0338397816
  0.2000000000  1.0000000000  1.0000000000  0.0000000000  0.3333333333  1.0000000000  0.1030628185  0.0240125880  0.0000000005  0.0000000000 -0.0000000000 -0.0000000000  0.0843364492  0.0000000005  0.0000000000 -0.0000000000 -0.0000000000  0.0000000021 -0.0000000000 -0.0000000000 -0.0000000000  0.0000000006 -0.0000000000 -0.0000000000  0.0000000006  0.0000000000  0.0338264276
  0.2000000000  1.0000000000  1.0000000000  0.0000000000  0.6666666667  0.0000000000  0.0000000021  0.0000000005  0.0000000004 -0.0000000000 -0.0000000000 -0.0000000000  0.1029844498  0.0232877103 -0.0009013734 -0.0000000000 -0.0000000000  0.0854426058 -0.0008523494 -0.0000000000 -0.0000000000  0.0345637730 -0.0000000000 -0.0000000000  0.0000000006 -0.0000000000  0.0000000006
  0.2000000000  1.0000000000  1.0000000000  0.0000000000  0.6666666667  0.3333333333  0.0000000021  0.0000000005  0.0000000004 -0.0000000000 -0.0000000000 -0.0000000000  0.1030347864  0.0233048262 -0.0007544546 -0.0000000000 -0.0000000000  0.0857098178 -0.0007287007 -0.0000000000 -0.0000000000  0.0346262942 -0.0000000000 -0.0000000000  0.0000000006 -0.0000000000  0.0000000006
  0.2000000000  1.0000000000  1.0000000000  0.0000000000  0.6666666667  0.6666666667  0.0000000021  0.0000000005  0.0000000005 -0.0000000000 -0.0000000000 -0.0000000000  0.1020189283  0.0239439747 -0.0004912243 -0.0000000000 -0.0000000000  0.0853293694 -0.0004636288 -0.0000000000 -0.0000000000  0.0338216629 -0.0000000000 -0.0000000000  0.0000000006 -0.0000000000  0.0000000006
  0.2000000000  1.0000000000  1.0000000000  0.0000000000  0.6666666667  1.0000000000  0.0000000021  0.0000000005  0.0000000005  0.0000000000 -0.0000000000 -0.0000000000  0.1009851714  0.0245506591 -0.0000573996 -0.0000000000 -0.0000000000  0.0859609893 -0.0000627301 -0.0000000000  0.0000000000  0.0334051527 -0.0000000000 -0.0000000000  0.0000000006  0.0000000000  0.0000000006
  0.2000000000  1.0000000000  1.0000000000  0.0000000000  1.0000000000  0.0000000000  0.0000000021  0.0000000005  0.0000000004 -0.0000000000 -0.0000000000 -0.0000000000  0.1015807095  0.0234933476 -0.0010941655  0.0000000000  0.0000000000  0.0847071183 -0.0011047377  0.0000000000  0.0000000000  0.0346783502  0.0000000000  0.0000000000  0.0000000006 -0.0000000000  0.0000000006
  0.2000000000  1.0000000000  1.0000000000  0.0000000000  1.0000000000  0.3333333333  0.0000000021  0.0000000005  0.0000000004 -0.0000000000 -0.0000000000 -0.0000000000  0.1028193965  0.0232824531 -0.0009109280 -0.0000000000 -0.0000000000  0.0857250135 -0.0008555873 -0.0000000000 -0.0000000000  0.0345515055 -0.0000000000 -0.0000000000  0.0000000006 -0.0000000000  0.0000000006
  0.2000000000  1.0000000000  1.0000000000  0.0000000000  1.0000000000  0.6666666667  0.0000000021  0.0000000005  0.0000000004 -0.0000000000 -0.0000000000 -0.0000000000  0.1028794888  0.0232912770 -0.0008553730 -0.0000000000 -0.0000000000  0.0857535912 -0.0008094566 -0.0000000000 -0.0000000000  0.0345775025 -0.0000000000 -0.0000000000  0.0000000006 -0.0000000000  0.0000000006
  0.2000000000  1.0000000000  1.0000000000  0.0000000000  1.0000000000  1.0000000000  0.0000000021  0.0000000005  0.0000000005  0.0000000000 -0.0000000000 -0.0000000000  0.1008859735  0.0245950291 -0.0002509602  0.0000000000 -0.0000000000  0.0856094603 -0.0002482821 -0.0000000000 -0.0000000000  0.0334325263 -0.0000000000 -0.0000000000  0.0000000006  0.0000000000  0.0000000006
  0.2000000000  1.0000000000  1.0000000000  0.3333333333  0.0000000000  0.0000000000  0.0246065743  0.0000000006  0.0246021182  0.0000000000  0.0246008805 -0.0000000000  0.0000000032  0.0000000005  0.0000000000  0.0000000002 -0.0000000000  0.0246071413  0.0000000000  0.0246011681 -0.0000000000  0.0000000010  0.0000000000 -0.0000000000  0.0246033029 -0.0000000000  0.0000000010
  0.2000000000  1.0000000000  1.0000000000  0.3333333333  0.0000000000  0.3333333333  0.0855644461  0.0000000005  0.0232229025  0.0000000000  0.0011850551 -0.0000000000  0.0000000021  0.0000000005 -0.0000000000  0.0000000000 -0.0000000000  0.1015438857  0.0000000000  0.0012658880 -0.0000000000  0.0000000006 -0.0000000000 -0.0000000000  0.0344202732  0.0000000000  0.0000000006
  0.2000000000  1.0000000000  1.0000000000  0.3333333333  0.0000000000  0.6666666667  0.0865727436  0.0000000005  0.0232031838 -0.0000000000  0.0008788099  0.0000000000  0.0000000021  0.0000000005 -0.0000000000  0.0000000000 -0.0000000000  0.1017363207 -0.0000000000  0.0009020222  0.0000000000  0.0000000006  0.0000000000 -0.0000000000  0.0344869711 -0.0000000000  0.0000000006
  0.2000000000  1.0000000000  1.0000000000  0.3333333333  0.0000000000  1.0000000000  0.0865557228  0.0000000005  0.0236228720 -0.0000000000  0.0006365853  0.0000000000  0.0000000021  0.0000000005 -0.0000000000  0.0000000000 -0.0000000000  0.1002959848 -0.0000000000  0.0006978914  0.0000000000  0.0000000006  0.0000000000 -0.0000000000  0.0338803777 -0.0000000000  0.0000000006
  0.2000000000  1.0000000000  1.0000000000  0.3333333333  0.3333333333  0.0000000000  0.0842271688  0.0000000004  0.0233107370 -0.0000000000  0.0017263287  0.0000000000  0.0000000021  0.0000000005 -0.0000000000  0.0000000000 -0.0000000000  0.1004364799 -0.0000000000  0.0019029607  0.0000000000  0.0000000006  0.0000000000 -0.0000000000  0.0341860175 -0.0000000000  0.0000000006
  0.2000000000  1.0000000000  1.0000000000  0.3333333333  0.3333333333  0.3333333333  0.0856893937  0.0000000004  0.0234748449  0.0000000000  0.0006775071  0.0000000000  0.0000000021  0.0000000005 -0.0000000000  0.0000000000 -0.0000000000  0.1013781872  0.0000000000  0.0010293928  0.0000000000  0.0000000006 -0.0000000000 -0.0000000000  0.0347582164 -0.0000000000  0.0000000006
  0.2000000000  1.0000000000  1.0000000000  0.3333333333  0.3333333333  0.6666666667  0.0871260506  0.0000000004  0.0230412154 -0.0000000000  0.0009024593  0.0000000000  0.0000000021  0.0000000005 -0.0000000000  0.0000000000 -0.0000000000  0.1010619158 -0.0000000000  0.0009498686  0.0000000000  0.0000000006  0.0000000000 -0.0000000000  0.0344473594 -0.0000000000  0.0000000006
  0.2000000000  1.0000000000  1.0000000000  0.3333333333  0.3333333333  1.0000000000  0.0866278158  0.0000000005  0.0233054981  0.0000000000  0.0001199999  0.0000000000  0.0000000021  0.0000000005 -0.0000000000  0.0000000000 -0.0000000000  0.1013480777  0.0000000000  0.0004404603  0.0000000000  0.0000000006  0.0000000000 -0.0000000000  0.0347845901 -0.0000000000  0.0000000006
  0.2000000000  1.0000000000  1.0000000000  0.3333333333  0.6666666667  0.0000000000  0.0000000021  0.0000000005  0.0000000004 -0.0000000000 -0.0000000000 -0.0000000000  0.1034368633  0.0232926851 -0.0006793031 -0.0000000000 -0.0000000000  0.0837329285 -0.0007160458 -0.0000000000 -0.0000000000  0.0346328317 -0.0000000000 -0.0000000000  0.0000000006 -0.0000000000  0.0000000006
  0.2000000000  1.0000000000  1.0000000000  0.3333333333  0.6666666667  0.3333333333  0.0859313219  0.0000000005  0.0232342777  0.0000000000  0.0009452377 -0.0000000000  0.0000000021  0.0000000005 -0.0000000000  0.0000000000 -0.0000000000  0.1024390403  0.0000000000  0.0010078104 -0.0000000000  0.0000000006 -0.0000000000 -0.0000000000  0.0344760004  0.0000000000  0.0000000006
  0.2000000000  1.0000000000  1.0000000000  0.3333333333  0.6666666667  0.6666666667  0.0886290725  0.0000000005  0.0229822892  0.0000000000  0.0001605683  0.0000000000  0.0000000021  0.0000000005 -0.0000000000 -0.0000000000  0.0000000000  0.0996067959  0.0000000000  0.0003829897  0.0000000000  0.0000000006  0.0000000000 -0.0000000000  0.0345198299 -0.0000000000  0.0000000006
  0.2000000000  1.0000000000  1.0000000000  0.3333333333  0.6666666667  1.0000000000  0.0874184699  0.0000000005  0.0230282432  0.0000000000  0.0003959616  0.0000000000  0.0000000021  0.0000000005  0.0000000000  0.0000000000 -0.0000000000  0.1009563305  0.0000000000  0.0007046740  0.0000000000  0.0000000006  0.0000000000 -0.0000000000  0.0344575256 -0.0000000000  0.0000000006
  0.2000000000  1.0000000000  1.0000000000  0.3333333333  1.0000000000  0.0000000000  0.0000000021  0.0000000005  0.0000000004 -0.0000000000 -0.0000000000 -0.0000000000  0.1033687091  0.0232857312 -0.0009629507  0.0000000000  0.0000000000  0.0847579178 -0.0008850503  0.0000000000  0.0000000000  0.0345132021  0.0000000000  0.0000000000  0.0000000006 -0.0000000000  0.0000000006
  0.2000000000  1.0000000000  1.0000000000  0.3333333333  1.0000000000  0.3333333333  0.0000000021  0.0000000005  0.0000000004 -0.0000000000 -0.0000000000 -0.0000000000  0.1033968029  0.0233017844 -0.0009036967 -0.0000000000 -0.0000000000  0.0850133764 -0.0008273270 -0.0000000000 -0.0000000000  0.0345443338 -0.0000000000 -0.0000000000  0.0000000006 -0.0000000000  0.0000000006
  0.2000000000  1.0000000000  1.0000000000  0.3333333333  1.0000000000  0.6666666667  0.0000000021  0.0000000005  0.0000000004 -0.0000000000 -0.0000000000 -0.0000000000  0.1036597137  0.0233121091 -0.0008475978 -0.0000000000 -0.0000000000  0.0847893428 -0.0007838931 -0.0000000000 -0.0000000000  0.0345869008 -0.0000000000 -0.0000000000  0.0000000006 -0.0000000000  0.0000000006
  0.2000000000  1.0000000000  1.0000000000  0.3333333333  1.0000000000  1.0000000000  0.0858618053  0.0000000005  0.0241640529 -0.0000000000  0.0003324596  0.0000000000  0.0000000021  0.0000000005 -0.0000000000 -0.0000000000 -0.0000000000  0.1014923629 -0.0000000000  0.0003448309  0.0000000000  0.0000000006  0.0000000000 -0.0000000000  0.0336840189 -0.0000000000  0.0000000006
  0.2000000000  1.0000000000  1.0000000000  0.6666666667  0.0000000000  0.0000000000  0.0834913521  0.0000000004  0.0234069632  0.0000000000  0.0016227053 -0.0000000000  0.0000000021  0.0000000005 -0.0000000000  0.0000000000 -0.0000000000  0.1012187996  0.0000000000  0.0018821188 -0.0000000000  0.0000000006 -0.0000000000 -0.0000000000  0.0340523145  0.0000000000  0.0000000006
  0.2000000000  1.0000000000  1.0000000000  0.6666666667  0.0000000000  0.3333333333  0.0850489632  0.0000000004  0.0232542607 -0.0000000000  0.0009376519  0.0000000000  0.0000000021  0.0000000005 -0.0000000000  0.0000000000 -0.0000000000  0.1030806901 -0.0000000000  0.0010185383  0.0000000000  0.0000000006  0.0000000000 -0.0000000000  0.0344830687 -0.0000000000  0.0000000006
  0.2000000000  1.0000000000  1.0000000000  0.6666666667  0.0000000000  0.6666666667  0.0853619528  0.0000000004  0.0232799321 -0.0000000000  0.0009051395  0.0000000000  0.0000000021  0.0000000005 -0.0000000000  0.0000000000 -0.0000000000  0.1029735607 -0.0000000000  0.0009921769  0.0000000000  0.0000000006  0.0000000000 -0.0000000000  0.0344908576 -0.0000000000  0.0000000006
  0.2000000000  1.0000000000  1.0000000000  0.6666666667  0.0000000000  1.0000000000  0.0851527148  0.0000000005  0.0234134223  0.0000000000  0.0006908144 -0.0000000000  0.0000000021  0.0000000005 -0.0000000000  0.0000000000 -0.0000000000  0.1029191501  0.0000000000  0.0007159205 -0.0000000000  0.0000000006 -0.0000000000 -0.0000000000  0.0345717063  0.0000000000  0.0000000006
  0.2000000000  1.0000000000  1.0000000000  0.6666666667  0.3333333333  0.0000000000  0.0829716269  0.0000000004  0.0234186476 -0.0000000000  0.0014933246  0.0000000000  0.0000000021  0.0000000005 -0.0000000000  0.0000000000 -0.0000000000  0.1017706985 -0.0000000000  0.0016872761  0.0000000000  0.0000000006  0.0000000000 -0.0000000000  0.0341980237 -0.0000000000  0.0000000006
  0.2000000000  1.0000000000  1.0000000000  0.6666666667  0.3333333333  0.3333333333  0.0848664701  0.0000000004  0.0234964596  0.0000000000  0.0006794759  0.0000000000  0.0000000021  0.0000000005 -0.0000000000  0.0000000000 -0.0000000000  0.1028671887  0.0000000000  0.0009319562  0.0000000000  0.0000000006 -0.0000000000 -0.0000000000  0.0347254936 -0.0000000000  0.0000000006
  0.2000000000  1.0000000000  1.0000000000  0.6666666667  0.3333333333  0.6666666667  0.0852484360  0.0000000004  0.0233151214 -0.0000000000  0.0007955372  0.0000000000  0.0000000021  0.0000000005 -0.0000000000  0.0000000000 -0.0000000000  0.1033631277 -0.0000000000  0.0008575875  0.0000000000  0.0000000006  0.0000000000 -0.0000000000  0.0345931997 -0.0000000000  0.0000000006
  0.2000000000  1.0000000000  1.0000000000  0.6666666667  0.3333333333  1.0000000000  0.0848929959  0.0000000005  0.0237871232  0.0000000000  0.0006390916 -0.0000000000  0.0000000021  0.0000000005 -0.0000000000  0.0000000000 -0.0000000000  0.1023341298  0.0000000000  0.0007599421 -0.0000000000  0.0000000006 -0.0000000000 -0.0000000000  0.0338101934  0.0000000000  0.0000000006
  0.2000000000  1.0000000000  1.0000000000  0.6666666667  0.6666666667  0.0000000000  0.0834404448  0.0000000004  0.0233545466  0.0000000000  0.0015013724 -0.0000000000  0.0000000021  0.0000000005 -0.0000000000  0.0000000000 -0.0000000000  0.1017585266  0.0000000000  0.0017399697 -0.0000000000  0.0000000006 -0.0000000000 -0.0000000000  0.0342029337  0.0000000000  0.0000000006
  0.2000000000  1.0000000000  1.0000000000  0.6666666667  0.6666666667  0.3333333333  0.0849074552  0.0000000004  0.0234999274  0.0000000000  0.0006696703  0.0000000000  0.0000000021  0.0000000005 -0.0000000000  0.0000000000 -0.0000000000  0.1029019201  0.0000000000  0.0009160130  0.0000000000  0.0000000006 -0.0000000000 -0.0000000000  0.0347310476 -0.0000000000  0.0000000006
  0.2000000000  1.0000000000  1.0000000000  0.6666666667  0.6666666667  0.6666666667  0.0851421375  0.0000000004  0.0233308788 -0.0000000000  0.0007510721  0.0000000000  0.0000000021  0.0000000005 -0.0000000000  0.0000000000 -0.0000000000  0.1035421669 -0.0000000000  0.0008096032  0.0000000000  0.0000000006  0.0000000000 -0.0000000000  0.0346170873 -0.0000000000  0.0000000006
  0.2000000000  1.0000000000  1.0000000000  0.6666666667  0.6666666667  1.0000000000  0.0855544203  0.0000000005  0.0235008396  0.0000000000 -0.0001550983  0.0000000000  0.0000000021  0.0000000005 -0.0000000000  0.0000000000 -0.0000000000  0.1031283740  0.0000000000  0.0000909360  0.0000000000  0.0000000006  0.0000000000 -0.0000000000  0.0349925266 -0.0000000000  0.0000000006
  0.2000000000  1.0000000000  1.0000000000  0.6666666667  1.0000000000  0.0000000000  0.0000000021  0.0000000005  0.0000000004 -0.0000000000 -0.0000000000 -0.0000000000  0.1036392501  0.0233203801 -0.0007922966 -0.0000000000 -0.0000000000  0.0850927234 -0.0007353875 -0.0000000000 -0.0000000000  0.0346055858 -0.0000000000 -0.0000000000  0.0000000006  0.0000000000  0.0000000006
  0.2000000000  1.0000000000  1.0000000000  0.6666666667  1.0000000000  0.3333333333  0.0848187031  0.0000000004  0.0233288736 -0.0000000000  0.0008341302  0.0000000000  0.0000000021  0.0000000005 -0.0000000000  0.0000000000 -0.0000000000  0.1034122564 -0.0000000000  0.0008986520  0.0000000000  0.0000000006  0.0000000000 -0.0000000000  0.0345726866 -0.0000000000  0.0000000006
  0.2000000000  1.0000000000  1.0000000000  0.6666666667  1.0000000000  0.6666666667  0.0852526886  0.0000000004  0.0233238127 -0.0000000000  0.0008116519  0.0000000000  0.0000000021  0.0000000005 -0.0000000000  0.0000000000 -0.0000000000  0.1032241990 -0.0000000000  0.0009092210  0.0000000000  0.0000000006  0.0000000000 -0.0000000000  0.0345054702 -0.0000000000  0.0000000006
  0.2000000000  1.0000000000  1.0000000000  0.6666666667  1.0000000000  1.0000000000  0.0854493607  0.0000000004  0.0233384398 -0.0000000000  0.0007014516  0.0000000000  0.0000000021  0.0000000005 -0.0000000000  0.0000000000 -0.0000000000  0.1033227565 -0.0000000000  0.0007474320  0.0000000000  0.0000000006  0.0000000000 -0.0000000000  0.0346273029 -0.0000000000  0.0000000006
  0.2000000000  1.0000000000  1.0000000000  1.0000000000  0.0000000000  0.0000000000  0.0832619936  0.0000000004  0.0232381072  0.0000000000  0.0012317307 -0.0000000000  0.0000000021  0.0000000005 -0.0000000000  0.0000000000 -0.0000000000  0.1031388154  0.0000000000  0.0015269093 -0.0000000000  0.0000000006 -0.0000000000 -0.0000000000  0.0339641312  0.0000000000  0.0000000006
  0.2000000000  1.0000000000  1.0000000000  1.0000000000  0.0000000000  0.3333333333  0.0833794760  0.0000000004  0.0233248796  0.0000000000  0.0010346634 -0.0000000000  0.0000000021  0.0000000005 -0.0000000000  0.0000000000 -0.0000000000  0.1033635843  0.0000000000  0.0012746697 -0.0000000000  0.0000000006 -0.0000000000 -0.0000000000  0.0341354990  0.0000000000  0.0000000006
  0.2000000000  1.0000000000  1.0000000000  1.0000000000  0.0000000000  0.6666666667  0.0848662253  0.0000000004  0.0233155219 -0.0000000000  0.0007710856  0.0000000000  0.0000000021  0.0000000005 -0.0000000000  0.0000000000 -0.0000000000  0.1036639587 -0.0000000000  0.0008291724  0.0000000000  0.0000000006  0.0000000000 -0.0000000000  0.0346028037 -0.0000000000  0.0000000006
  0.2000000000  1.0000000000  1.0000000000  1.0000000000  0.0000000000  1.0000000000  0.0839458618  0.0000000005  0.0236270435  0.0000000000  0.0004882700 -0.0000000000  0.0000000021  0.0000000005 -0.0000000000  0.0000000000 -0.0000000000  0.1033308249  0.0000000000  0.0006098872 -0.0000000000  0.0000000006 -0.0000000000 -0.0000000000  0.0339240212  0.0000000000  0.0000000006
  0.2000000000  1.0000000000  1.0000000000  1.0000000000  0.3333333333  0.0000000000  0.0832226373  0.0000000004  0.0232694266  0.0000000000  0.0012301045 -0.0000000000  0.0000000021  0.0000000005 -0.0000000000  0.0000000000 -0.0000000000  0.1030993631  0.0000000000  0.0015236512 -0.0000000000  0.0000000006 -0.0000000000 -0.0000000000  0.0339942367  0.0000000000  0.0000000006
  0.2000000000  1.0000000000  1.0000000000  1.0000000000  0.3333333333  0.3333333333  0.0845321273  0.0000000004  0.0232979310  0.0000000000  0.0008469834 -0.0000000000  0.0000000021  0.0000000005 -0.0000000000  0.0000000000 -0.0000000000  0.1036097828  0.0000000000  0.0009337770 -0.0000000000  0.0000000006 -0.0000000000 -0.0000000000  0.0345212525  0.0000000000  0.0000000006
  0.2000000000  1.0000000000  1.0000000000  1.0000000000  0.3333333333  0.6666666667  0.0850132585  0.0000000004  0.0233370718 -0.0000000000  0.0007344988  0.0000000000  0.0000000021  0.0000000005 -0.0000000000  0.0000000000 -0.0000000000  0.1036348278 -0.0000000000  0.0008092657  0.0000000000  0.0000000006  0.0000000000 -0.0000000000  0.0345874485 -0.0000000000  0.0000000006
  0.2000000000  1.0000000000  1.0000000000  1.0000000000  0.3333333333  1.0000000000  0.0840869605  0.0000000005  0.0236230940  0.0000000000  0.0004923247 -0.0000000000  0.0000000021  0.0000000005 -0.0000000000  0.0000000000 -0.0000000000  0.1032896099  0.0000000000  0.0006323967 -0.0000000000  0.0000000006 -0.0000000000 -0.0000000000  0.0338789478  0.0000000000  0.0000000006
  0.2000000000  1.0000000000  1.0000000000  1.0000000000  0.6666666667  0.0000000000  0.0247803331  0.0000000006  0.0185405129 -0.0000000000  0.0199214012  0.0000000000  0.0000000032  0.0000000006 -0.0000000000  0.0000000002 -0.0000000000  0.0489657553 -0.0000000001  0.0180681841  0.0000000001  0.0000000010  0.0000000001 -0.0000000000  0.0226977890 -0.0000000001  0.0000000010
  0.2000000000  1.0000000000  1.0000000000  1.0000000000  0.6666666667  0.3333333333  0.0847611799  0.0000000004  0.0233052188 -0.0000000000  0.0007930279  0.0000000000  0.0000000021  0.0000000005 -0.0000000000  0.0000000000 -0.0000000000  0.1036696596 -0.0000000000  0.0008538630  0.0000000000  0.0000000006  0.0000000000 -0.0000000000  0.0345881235 -0.0000000000  0.0000000006
  0.2000000000  1.0000000000  1.0000000000  1.0000000000  0.6666666667  0.6666666667  0.0849984424  0.0000000004  0.0233368558 -0.0000000000  0.0007365327  0.0000000000  0.0000000021  0.0000000005 -0.0000000000  0.0000000000 -0.0000000000  0.1036312491 -0.0000000000  0.0008129368  0.0000000000  0.0000000006  0.0000000000 -0.0000000000  0.0345821818 -0.0000000000  0.0000000006
  0.2000000000  1.0000000000  1.0000000000  1.0000000000  0.6666666667  1.0000000000  0.0865170132  0.0000000005  0.0232881122  0.0000000000 -0.0000407478 -0.0000000000  0.0000000021  0.0000000005 -0.0000000000  0.0000000000 -0.0000000000  0.1035396111  0.0000000000 -0.0000140101 -0.0000000000  0.0000000006  0.0000000000 -0.0000000000  0.0345064047  0.0000000000  0.0000000006
  0.2000000000  1.0000000000  1.0000000000  1.0000000000  1.0000000000  0.0000000000  0.0000000022  0.0000000005  0.0000000005 -0.0000000000  0.0000000000 -0.0000000001  0.1008007132  0.0229629335 -0.0009110989 -0.0000000000 -0.0000000000  0.0872571425 -0.0008645970 -0.0000000000 -0.0000000000  0.0344370622 -0.0000000000 -0.0000000000  0.0000000006 -0.0000000000  0.0000000006
  0.2000000000  1.0000000000  1.0000000000  1.0000000000  1.0000000000  0.3333333333  0.0848356877  0.0000000004  0.0233051586  0.0000000000  0.0007804002 -0.0000000000  0.0000000021  0.0000000005 -0.0000000000  0.0000000000 -0.0000000000  0.1036747854  0.0000000000  0.0008401987 -0.0000000000  0.0000000006 -0.0000000000 -0.0000000000  0.0345923091  0.0000000000  0.0000000006
  0.2000000000  1.0000000000  1.0000000000  1.0000000000  1.0000000000  0.6666666667  0.0849018820  0.0000000004  0.0233194393  0.0000000000  0.0007622370 -0.0000000000  0.0000000021  0.0000000005 -0.0000000000  0.0000000000 -0.0000000000  0.1036571726  0.0000000000  0.0008253074 -0.0000000000  0.0000000006 -0.0000000000 -0.0000000000  0.0345942080  0.0000000000  0.0000000006
  0.2000000000  1.0000000000  1.0000000000  1.0000000000  1.0000000000  1.0000000000  0.0846233443  0.0000000005  0.0239409581  0.0000000000  0.0002889364 -0.0000000000  0.0000000021  0.0000000005 -0.0000000000  0.0000000000 -0.0000000000  0.1028675552  0.0000000000  0.0003587958 -0.0000000000  0.0000000006 -0.0000000000 -0.0000000000  0.0337963858  0.0000000000  0.0000000006
