  0.6000000000  0.6666666667  0.0000000000  0.0000000000  0.0000000000  0.0000000000  0.5205603705  0.1365864835  0.0000000062 -0.0000000000 -0.0000000000 -0.0000000000  0.4721214755  0.0000000054 -0.0000000000 -0.0000000000 -0.0000000000  0.0000000200 -0.0000000000 -0.0000000000  0.0000000000  0.0000000057 -0.0000000000 -0.0000000000  0.0000000057 -0.0000000000  0.1740705917
  0.6000000000  0.6666666667  0.0000000000  0.0000000000  0.0000000000  0.3333333333  0.5092186435  0.0781507740  0.1344584390  0.0085449074 -0.0000000000 -0.0000000000  0.2205283104  0.0529829019  0.0169505519  0.0000000000 -0.0000000000  0.4383824467  0.0123815669 -0.0000000000  0.0000000000  0.0352045341 -0.0000000000 -0.0000000000  0.1494016290  0.0070438374  0.0824310173
  0.6000000000  0.6666666667  0.0000000000  0.0000000000  0.0000000000  0.6666666667  0.5039689883  0.0676497283  0.1344573262  0.0064245669 -0.0000000000 -0.0000000000  0.1917645258  0.0467026505  0.0119737467  0.0000000000 -0.0000000000  0.4432741867  0.0105581400 -0.0000000000  0.0000000000  0.0325675075 -0.0000000000 -0.0000000000  0.1521074797  0.0055838104  0.0713622605
  0.6000000000  0.6666666667  0.0000000000  0.0000000000  0.0000000000  1.0000000000  0.4411753841  0.0378151970  0.1247433262  0.0146114209 -0.0000000000 -0.0000000000  0.1248300992  0.0447755213  0.0435339440  0.0000000000 -0.0000000000  0.4329965405  0.0284284457 -0.0000000000  0.0000000000  0.0437838052 -0.0000000000 -0.0000000000  0.1505844992  0.0128320117  0.0487878824
  0.6000000000  0.6666666667  0.0000000000  0.0000000000  0.3333333333  0.0000000000  0.4969841212  0.1291915444  0.0168809837 -0.0076481209 -0.0000000000 -0.0000000000  0.4387927122  0.0219223973 -0.0167413418  0.0000000000 -0.0000000000  0.0559386887 -0.0188651487 -0.0000000000  0.0000000000  0.0243106176 -0.0000000000 -0.0000000000  0.0121814678 -0.0033038730  0.1628735805
  0.6000000000  0.6666666667  0.0000000000  0.0000000000  0.3333333333  0.3333333333  0.4411648786  0.1356765280  0.0540403181 -0.0000094288 -0.0000000000 -0.0000000000  0.5103424709  0.0799709824 -0.0000178519  0.0000000000 -0.0000000000  0.2262478768 -0.0000074889 -0.0000000000 -0.0000000000  0.0831058513 -0.0000000000 -0.0000000000  0.0346702128 -0.0000054120  0.1496625629
  0.6000000000  0.6666666667  0.0000000000  0.0000000000  0.3333333333  0.6666666667  0.4027334680  0.1050662513  0.1011848437 -0.0040511252 -0.0000000000 -0.0000000000  0.3802408652  0.0983747562 -0.0092333890 -0.0000000000 -0.0000000000  0.3754365676 -0.0044202960 -0.0000000000 -0.0000000000  0.0919965859 -0.0000000000 -0.0000000000  0.0946467138 -0.0042449842  0.0985625599
  0.6000000000  0.6666666667  0.0000000000  0.0000000000  0.3333333333  1.0000000000  0.3495965431  0.0878502326  0.0979875115 -0.0043188993 -0.0000000000 -0.0000000000  0.3947226099  0.1113375276 -0.0072147093  0.0000000000 -0.0000000000  0.4172632051 -0.0038844094 -0.0000000000  0.0000000000  0.1089619365 -0.0000000000 -0.0000000000  0.0923345876 -0.0059703497  0.0809076285
  0.6000000000  0.6666666667  0.0000000000  0.0000000000  0.6666666667  0.0000000000  0.4658331647  0.1237149909  0.0280736429 -0.0151074726 -0.0000000000 -0.0000000000  0.4132768448  0.0376790359 -0.0328394757 -0.0000000000 -0.0000000000  0.0859076323 -0.0420585249 -0.0000000000  0.0000000000  0.0477086522 -0.0000000000 -0.0000000000  0.0371457184 -0.0115380798  0.1520564546
  0.6000000000  0.6666666667  0.0000000000  0.0000000000  0.6666666667  0.3333333333  0.3396361424  0.0846623269  0.0599208186 -0.0194871489 -0.0000000000 -0.0000000000  0.3635926379  0.1045516443 -0.0383186993 -0.0000000000 -0.0000000000  0.2650665997 -0.0252751908 -0.0000000000  0.0000000000  0.1136832178 -0.0000000000 -0.0000000000  0.0500605313 -0.0266718732  0.0878591839
  0.6000000000  0.6666666667  0.0000000000  0.0000000000  0.6666666667  0.6666666667  0.2751018574  0.1107362959  0.1098433164 -0.0011761715 -0.0000000000 -0.0000000000  0.2747554876  0.1104057191 -0.0024022759 -0.0000000000 -0.0000000000  0.2712233320 -0.0015317981 -0.0000000000  0.0000000000  0.0808990600 -0.0000000000 -0.0000000000  0.0799300008 -0.0009771707  0.0809817176
  0.6000000000  0.6666666667  0.0000000000  0.0000000000  0.6666666667  1.0000000000  0.2736797198  0.1108575092  0.1108229369 -0.0001389392 -0.0000000000 -0.0000000000  0.2742610113  0.1110182698 -0.0003683129 -0.0000000000 -0.0000000000  0.2739518362 -0.0000998179 -0.0000000000  0.0000000000  0.0810240404 -0.0000000000 -0.0000000000  0.0806144698 -0.0000521338  0.0806645067
  0.6000000000  0.6666666667  0.0000000000  0.0000000000  1.0000000000  0.0000000000  0.4485560448  0.1207718844  0.0259576254 -0.0121116961 -0.0000000000 -0.0000000000  0.4103338314  0.0398237598 -0.0329134825 -0.0000000000 -0.0000000000  0.0963487981 -0.0432866035 -0.0000000000 -0.0000000000  0.0484631427 -0.0000000000 -0.0000000000  0.0324975558 -0.0089375788  0.1479511917
  0.6000000000  0.6666666667  0.0000000000  0.0000000000  1.0000000000  0.3333333333  0.2333006305  0.0645573257  0.0526444771 -0.0028352637 -0.0000000000 -0.0000000000  0.4750484312  0.1310727666 -0.0058249723 -0.0000000000 -0.0000000000  0.4150300446 -0.0015628992 -0.0000000000  0.0000000000  0.1497211755 -0.0000000000 -0.0000000000  0.0319519005 -0.0058298197  0.0641344567
  0.6000000000  0.6666666667  0.0000000000  0.0000000000  1.0000000000  0.6666666667  0.2485684989  0.0672678295  0.0573200544 -0.0021699430 -0.0000000000 -0.0000000000  0.4814291853  0.1341582279 -0.0045022298  0.0000000000 -0.0000000000  0.4213960055 -0.0008928057 -0.0000000000  0.0000000000  0.1525778151 -0.0000000000 -0.0000000000  0.0351187054 -0.0052633892  0.0719388732
  0.6000000000  0.6666666667  0.0000000000  0.0000000000  1.0000000000  1.0000000000  0.2321598973  0.0698882341  0.0541611017 -0.0019509283 -0.0000000000 -0.0000000000  0.4965430933  0.1345815169 -0.0031867097  0.0000000000 -0.0000000000  0.4220467127 -0.0005018746 -0.0000000000 -0.0000000000  0.1525513605 -0.0000000000 -0.0000000000  0.0391953085 -0.0016686613  0.0711776589
  0.6000000000  0.6666666667  0.0000000000  0.3333333333  0.0000000000  0.0000000000  0.5180381459  0.1357350437  0.0760734790 -0.0044234627 -0.0000532628 -0.0000760786  0.4198519970  0.0549524509 -0.0062322706 -0.0000126078 -0.0000134902  0.2318369262 -0.0091958971 -0.0000106666 -0.0000111159  0.0358992750 -0.0000478898  0.0000122591  0.0785481928 -0.0038821777  0.1527272844
  0.6000000000  0.6666666667  0.0000000000  0.3333333333  0.0000000000  0.3333333333  0.5114227137  0.0801697925  0.1351568885  0.0048650844 -0.0000128389 -0.0000268171  0.2266977933  0.0541628537  0.0105166161 -0.0000407921 -0.0000156032  0.4395492872  0.0065522678  0.0000317945 -0.0000042601  0.0353523987  0.0000135663  0.0000139604  0.1493645913  0.0039644945  0.0837864098
  0.6000000000  0.6666666667  0.0000000000  0.3333333333  0.0000000000  0.6666666667  0.4438627793  0.0397591342  0.1249812771  0.0141827947  0.0003230157 -0.0045882182  0.1288563785  0.0436724482  0.0416376814 -0.0004933789 -0.0050135606  0.4346887053  0.0273026005  0.0000020570 -0.0006836990  0.0435895890 -0.0000719175 -0.0002523367  0.1508357028  0.0118155016  0.0524365706
  0.6000000000  0.6666666667  0.0000000000  0.3333333333  0.0000000000  1.0000000000  0.3991533262  0.0552488351  0.1043256067  0.0236729202  0.0019666303 -0.0093230105  0.1684370500  0.0748232619  0.0619784922 -0.0006248633 -0.0076658581  0.3449415961  0.0556386854  0.0019852498 -0.0014375285  0.0704717320 -0.0006289615 -0.0000648671  0.1264330218  0.0267340450  0.0688932380
  0.6000000000  0.6666666667  0.0000000000  0.3333333333  0.3333333333  0.0000000000  0.4733012335  0.1248376833  0.0324631423 -0.0141350961  0.0049807905  0.0003795467  0.4135106432  0.0367323882 -0.0281861334  0.0006396969  0.0002263290  0.0956838795 -0.0384113563  0.0055841230 -0.0005384791  0.0417335391  0.0002379705  0.0000523149  0.0405404908 -0.0107072450  0.1531564131
  0.6000000000  0.6666666667  0.0000000000  0.3333333333  0.3333333333  0.3333333333  0.4461918663  0.1330677585  0.0499828828  0.0003113078  0.0006518716 -0.0042137798  0.4572943024  0.0605788185 -0.0002355531 -0.0006815107 -0.0036545736  0.2004354300  0.0005054063  0.0011727048 -0.0028303394  0.0586347017 -0.0060616468 -0.0008030447  0.0361567433  0.0005971453  0.1494194804
  0.6000000000  0.6666666667  0.0000000000  0.3333333333  0.3333333333  0.6666666667  0.3418096783  0.0695908219  0.0673579133 -0.0020303367  0.0004923603 -0.0015007746  0.2963480984  0.0733926930 -0.0040808579 -0.0001832321 -0.0006913464  0.2898834466 -0.0021950454  0.0001642852  0.0000302873  0.0792442137 -0.0001093668 -0.0007879507  0.0678349680 -0.0076219645  0.0732105489
  0.6000000000  0.6666666667  0.0000000000  0.3333333333  0.3333333333  1.0000000000  0.3635030589  0.0983390744  0.0882120684 -0.0001831083  0.0011574282 -0.0030705736  0.3567395811  0.0942053287  0.0020601746  0.0001501380 -0.0027448243  0.3502844781  0.0030228288  0.0014743035 -0.0010433543  0.0880763004 -0.0010704410  0.0004380780  0.0860678883 -0.0010497012  0.0914561330
  0.6000000000  0.6666666667  0.0000000000  0.3333333333  0.6666666667  0.0000000000  0.4665251155  0.1238407135  0.0273789980 -0.0148665781 -0.0003101014  0.0001980604  0.4146072373  0.0371832460 -0.0327155304 -0.0004603237  0.0003093402  0.0835950938 -0.0413288965 -0.0004001191  0.0002410684  0.0470361494  0.0004220861 -0.0003475786  0.0360377084 -0.0112676431  0.1526107235
  0.6000000000  0.6666666667  0.0000000000  0.3333333333  0.6666666667  0.3333333333  0.4389770494  0.1348666835  0.0539557888  0.0001359105 -0.0016923918 -0.0000915784  0.5076283867  0.0801534049  0.0000965642 -0.0015550366  0.0000222642  0.2276931710  0.0001248634 -0.0037496730  0.0000270252  0.0839029400  0.0001181970 -0.0010450937  0.0350602762  0.0000601455  0.1489160282
  0.6000000000  0.6666666667  0.0000000000  0.3333333333  0.6666666667  0.6666666667  0.2454324961  0.0674906763  0.0555799575 -0.0019975468 -0.0006056990  0.0008269038  0.4848798152  0.1335564504 -0.0041176512 -0.0006363818  0.0011877592  0.4200415916 -0.0007446202 -0.0011123151  0.0003063249  0.1523657839  0.0001779058 -0.0007354503  0.0335163137 -0.0045712790  0.0723339417
  0.6000000000  0.6666666667  0.0000000000  0.3333333333  0.6666666667  1.0000000000  0.2736813244  0.1110153367  0.1109288404 -0.0001723738 -0.0000312705 -0.0000689320  0.2741248288  0.1111098595 -0.0004038139 -0.0000542418  0.0000471070  0.2737784556 -0.0001683764 -0.0000933814 -0.0000003926  0.0810385634  0.0000344673 -0.0000485695  0.0807414596 -0.0001033538  0.0808970045
  0.6000000000  0.6666666667  0.0000000000  0.3333333333  1.0000000000  0.0000000000  0.4621647617  0.1235033064  0.0289469300 -0.0149944097 -0.0017280927  0.0007396420  0.4134380187  0.0387976226 -0.0332932005 -0.0014156861  0.0007861404  0.0898895994 -0.0429993691 -0.0021337174  0.0009891167  0.0483063166  0.0014653278 -0.0010393570  0.0385475988 -0.0115972206  0.1516358271
  0.6000000000  0.6666666667  0.0000000000  0.3333333333  1.0000000000  0.3333333333  0.3469980821  0.0843728097  0.0625597616 -0.0217996603 -0.0002028663  0.0011232919  0.3516722190  0.1048833121 -0.0404118699 -0.0003046029  0.0016061580  0.2614103052 -0.0313065771 -0.0002630023  0.0008168399  0.1143354768  0.0004149073 -0.0002198955  0.0563801798 -0.0296437078  0.0887133882
  0.6000000000  0.6666666667  0.0000000000  0.3333333333  1.0000000000  0.6666666667  0.2605635167  0.0583202111  0.0539923636 -0.0027693082 -0.0013947894  0.0006227445  0.4449127354  0.1261251810 -0.0069398456 -0.0004437302  0.0006654964  0.4094483895 -0.0033675975 -0.0011021862  0.0003973351  0.1472653107  0.0001792553 -0.0004759642  0.0327285860 -0.0059661332  0.0701140880
  0.6000000000  0.6666666667  0.0000000000  0.3333333333  1.0000000000  1.0000000000  0.2497906172  0.0580806124  0.0537769852 -0.0028750390 -0.0002244964 -0.0000009551  0.4406390778  0.1274761878 -0.0075384763 -0.0000598536  0.0000526381  0.4094014629 -0.0045774516 -0.0001303047  0.0000364750  0.1478634631  0.0000137074 -0.0000517798  0.0388967259 -0.0104205722  0.0608405796
  0.6000000000  0.6666666667  0.0000000000  0.6666666667  0.0000000000  0.0000000000  0.4862504524  0.1294060056  0.0383524840 -0.0045151425  0.0206880265 -0.0005553533  0.4232351236  0.0271912603 -0.0075853685  0.0066239019 -0.0006477954  0.1063357147 -0.0092692525  0.0251132820 -0.0013176193  0.0220664638 -0.0011020285  0.0026641368  0.0455639383 -0.0040338012  0.1562563345
  0.6000000000  0.6666666667  0.0000000000  0.6666666667  0.0000000000  0.3333333333  0.2928973574  0.1083350443  0.0948345788  0.0050726116  0.0515914265 -0.0691276286  0.2643519835  0.0920295516  0.0494545386  0.0041183684 -0.0693848834  0.3065055493  0.0554681821  0.0542717451 -0.0135611665  0.0951454806 -0.0263379922  0.0027695577  0.0937556215  0.0039592322  0.1204901221
  0.6000000000  0.6666666667  0.0000000000  0.6666666667  0.0000000000  0.6666666667  0.2837872322  0.1071907010  0.0959672991  0.0041822787  0.0549368386 -0.0712977432  0.2608872062  0.0931507806  0.0524803506  0.0035372164 -0.0714539893  0.3027808727  0.0581111777  0.0572977788 -0.0119063114  0.0959222365 -0.0253187725  0.0027442039  0.0947502808  0.0039505171  0.1187758427
  0.6000000000  0.6666666667  0.0000000000  0.6666666667  0.0000000000  1.0000000000  0.2822882061  0.1070282928  0.0953748206  0.0047003123  0.0504575093 -0.0716236124  0.2559052939  0.0918857554  0.0476174331  0.0036936742 -0.0714634212  0.3225207285  0.0532324820  0.0520561013 -0.0156873953  0.0963682195 -0.0282688198  0.0023573712  0.0952529923  0.0042270802  0.1186702123
  0.6000000000  0.6666666667  0.0000000000  0.6666666667  0.3333333333  0.0000000000  0.4743291295  0.1249169437  0.0340766019 -0.0137665232  0.0068297816 -0.0001412730  0.4130531547  0.0369585986 -0.0267008504  0.0016564595 -0.0002549527  0.1024021742 -0.0374005291  0.0075063121 -0.0009830169  0.0402273011 -0.0008830567  0.0006263115  0.0419104087 -0.0103230586  0.1530514942
  0.6000000000  0.6666666667  0.0000000000  0.6666666667  0.3333333333  0.3333333333  0.4596904950  0.1221989769  0.0522452109 -0.0054274830  0.0033556490  0.0025637245  0.3975262725  0.0468114153 -0.0079284129 -0.0002564680  0.0005980596  0.2067253686 -0.0151809232  0.0041292853  0.0010340413  0.0441477514  0.0022330576 -0.0004646349  0.0565571415 -0.0050918069  0.1449058305
  0.6000000000  0.6666666667  0.0000000000  0.6666666667  0.3333333333  0.6666666667  0.3889838631  0.1049685851  0.1011784897 -0.0011797521  0.0028251793 -0.0058198601  0.3967376026  0.1032006196 -0.0012831677  0.0009584994 -0.0048950985  0.3875897955 -0.0006382489  0.0029028801 -0.0028831315  0.0965794676 -0.0028901414  0.0009963681  0.0948441016 -0.0018098170  0.0979160699
  0.6000000000  0.6666666667  0.0000000000  0.6666666667  0.3333333333  1.0000000000  0.3799258218  0.0958637596  0.0951024873 -0.0002678098  0.0012307723 -0.0041643313  0.3826843001  0.1046597976  0.0006883856  0.0002551689 -0.0040284884  0.3757119287  0.0011767450  0.0013624897 -0.0017537131  0.0962763058 -0.0028727344  0.0005497154  0.0899029989 -0.0015017572  0.0926528194
  0.6000000000  0.6666666667  0.0000000000  0.6666666667  0.6666666667  0.0000000000  0.4663901001  0.1245435031  0.0328665271 -0.0150749300  0.0014602594  0.0007876125  0.4121161547  0.0391685204 -0.0304401323 -0.0007292171  0.0007364026  0.0995950274 -0.0417117392  0.0018532640  0.0003729239  0.0449463034  0.0013110799 -0.0007749325  0.0420882120 -0.0117449412  0.1519281699
  0.6000000000  0.6666666667  0.0000000000  0.6666666667  0.6666666667  0.3333333333  0.4003866154  0.0961370649  0.0635088793 -0.0267050461 -0.0019441553  0.0005364648  0.3192423535  0.0910816550 -0.0443785385 -0.0018279336  0.0016710015  0.2058761756 -0.0427691872 -0.0046450277  0.0001356825  0.1016655483  0.0006006680 -0.0018159538  0.0669320534 -0.0315060514  0.1048104464
  0.6000000000  0.6666666667  0.0000000000  0.6666666667  0.6666666667  0.6666666667  0.3566932580  0.0777753579  0.0671745450 -0.0074535451 -0.0000994212 -0.0003946769  0.3602088225  0.1035873710 -0.0127285475 -0.0000142087 -0.0002360292  0.3275138620 -0.0103480554 -0.0000102239 -0.0000703298  0.1105991125 -0.0000232096 -0.0000064514  0.0611709021 -0.0180457192  0.0868207988
  0.6000000000  0.6666666667  0.0000000000  0.6666666667  0.6666666667  1.0000000000  0.3775127055  0.0970361652  0.0944668552 -0.0019339652  0.0003460333 -0.0002142631  0.3787405041  0.1046771846 -0.0036423010 -0.0008842129  0.0007816929  0.3677404339 -0.0014638615  0.0001017699  0.0013166549  0.0951657833  0.0019400311 -0.0009679937  0.0884562130 -0.0033421981  0.0942961660
  0.6000000000  0.6666666667  0.0000000000  0.6666666667  1.0000000000  0.0000000000  0.4615887122  0.1237717927  0.0305065432 -0.0155489444 -0.0018464942  0.0009060323  0.4115298540  0.0394776638 -0.0324814561 -0.0018949272  0.0010025963  0.0946153915 -0.0435235786 -0.0016999356  0.0009671777  0.0475620058  0.0023844343 -0.0014479707  0.0406254643 -0.0122283102  0.1512303643
  0.6000000000  0.6666666667  0.0000000000  0.6666666667  1.0000000000  0.3333333333  0.4024264858  0.0964669286  0.0634020596 -0.0270886662 -0.0003524527  0.0020008463  0.3146291291  0.0901965127 -0.0465035927 -0.0008351650  0.0035506061  0.2055644831 -0.0444036923 -0.0015222869  0.0010432231  0.1009923506  0.0013613556 -0.0011828421  0.0671136741 -0.0318772146  0.1053560038
  0.6000000000  0.6666666667  0.0000000000  0.6666666667  1.0000000000  0.6666666667  0.3647957830  0.0912023502  0.0665910869 -0.0219064997 -0.0001729944  0.0007167806  0.3430689425  0.1020028133 -0.0364073771 -0.0002448552  0.0009625256  0.2510906176 -0.0343342349 -0.0005195265  0.0004187122  0.1111868261  0.0003125521 -0.0002956261  0.0640115012 -0.0277621579  0.0953170724
  0.6000000000  0.6666666667  0.0000000000  0.6666666667  1.0000000000  1.0000000000  0.3664230078  0.0952607868  0.0919069066 -0.0028435736 -0.0024680512  0.0032061685  0.3730960080  0.1051276525 -0.0052609536 -0.0016965221  0.0055320501  0.3624670362 -0.0016447282 -0.0047573300  0.0022108006  0.0970223845  0.0025244064 -0.0021977548  0.0857831893 -0.0058765403  0.0917023709
  0.6000000000  0.6666666667  0.0000000000  1.0000000000  0.0000000000  0.0000000000  0.1805830136  0.1092116100  0.0600562473 -0.0010351502  0.0070826360 -0.0956363389  0.1567181464  0.0536905580 -0.0021456352  0.0022950886 -0.0971446659  0.3198840818 -0.0032460708  0.0057388790 -0.0333563394  0.0773295493 -0.0586464824  0.0034379686  0.0816570743 -0.0026536575  0.1114412602
  0.6000000000  0.6666666667  0.0000000000  1.0000000000  0.0000000000  0.3333333333  0.2470399532  0.1145205979  0.0826184059  0.0019319652  0.0230557970 -0.0797651547  0.2218331828  0.0775088716  0.0161163982  0.0028899620 -0.0790154491  0.3767909380  0.0178608314  0.0217119967 -0.0346806504  0.0881264996 -0.0510133995  0.0030555117  0.0868573030 -0.0001603087  0.1218087124
  0.6000000000  0.6666666667  0.0000000000  1.0000000000  0.0000000000  0.6666666667  0.2479705196  0.1108077380  0.0854882805  0.0032039646  0.0311779113 -0.0785598478  0.2238322113  0.0790131089  0.0252211827  0.0037470292 -0.0771644809  0.3583911808  0.0281968274  0.0303260786 -0.0294230682  0.0891362738 -0.0446808957  0.0038246445  0.0888817339  0.0012147949  0.1192021676
  0.6000000000  0.6666666667  0.0000000000  1.0000000000  0.0000000000  1.0000000000  0.2647765687  0.1075687725  0.0880079648  0.0040460747  0.0396239405 -0.0766656931  0.2343784121  0.0802110741  0.0348420225  0.0028505254 -0.0735704006  0.3337540625  0.0401379792  0.0388194991 -0.0232221024  0.0914524203 -0.0373492647  0.0019112376  0.0906984205  0.0021205924  0.1170148368
  0.6000000000  0.6666666667  0.0000000000  1.0000000000  0.3333333333  0.0000000000  0.4665522782  0.1243070262  0.0347539176 -0.0148376980  0.0064369703 -0.0007792089  0.4111194060  0.0390057640 -0.0290939319  0.0026384621 -0.0008104743  0.1049831752 -0.0408625356  0.0061171287 -0.0013801241  0.0442051153 -0.0025365670  0.0017624013  0.0441961437 -0.0114396448  0.1514909644
  0.6000000000  0.6666666667  0.0000000000  1.0000000000  0.3333333333  0.3333333333  0.4360122526  0.1279333736  0.0523134793 -0.0001978913  0.0022173693 -0.0079358662  0.4153219468  0.0527568651  0.0007472214  0.0009110621 -0.0070765027  0.2277705388  0.0023676423  0.0045896057 -0.0033486370  0.0492077735 -0.0134795737  0.0004030513  0.0490501593 -0.0001646439  0.1482845178
  0.6000000000  0.6666666667  0.0000000000  1.0000000000  0.3333333333  0.6666666667  0.3138125653  0.1146023848  0.0860523013  0.0009253668  0.0224488983 -0.0499092748  0.2821633516  0.0820009259  0.0146835874  0.0011455035 -0.0501786612  0.3451921729  0.0226280469  0.0239697677 -0.0239312232  0.0877993647 -0.0364969230  0.0003826201  0.0845043386 -0.0011501032  0.1253615848
  0.6000000000  0.6666666667  0.0000000000  1.0000000000  0.3333333333  1.0000000000  0.2187123175  0.1102265694  0.0681183395 -0.0007255955  0.0058268733 -0.0428004016  0.2346404035  0.0751312266  0.0085501395  0.0039505311 -0.0428882671  0.3044297420  0.0108846298  0.0072783009 -0.0174368363  0.0939821122 -0.0248745874  0.0022937148  0.0808128877 -0.0007058598  0.1003584539
  0.6000000000  0.6666666667  0.0000000000  1.0000000000  0.6666666667  0.0000000000  0.4668835648  0.1243712407  0.0321550168 -0.0151055922  0.0027190105 -0.0003250941  0.4121509497  0.0390902672 -0.0305161638  0.0011475899 -0.0003280822  0.0980840799 -0.0417582909  0.0028893461 -0.0006133215  0.0447760232 -0.0010994583  0.0007047968  0.0413459803 -0.0118501820  0.1519337720
  0.6000000000  0.6666666667  0.0000000000  1.0000000000  0.6666666667  0.3333333333  0.3746444716  0.0962689739  0.0698482680 -0.0222849585  0.0005037867  0.0001138734  0.3288518881  0.0975389926 -0.0392438736 -0.0000001849  0.0006607135  0.2319400431 -0.0358345025  0.0001870225 -0.0001233845  0.1054367086  0.0000268215  0.0001526545  0.0665856784 -0.0285453824  0.0999945412
  0.6000000000  0.6666666667  0.0000000000  1.0000000000  0.6666666667  0.6666666667  0.3478245437  0.0941894399  0.0885723050 -0.0005564511  0.0027857658 -0.0005502551  0.3435011630  0.0876750410  0.0022310135  0.0005984947 -0.0012429720  0.3264779064  0.0021209704  0.0031160949  0.0000953598  0.0845497843 -0.0000978094  0.0020554308  0.0830721547 -0.0010129376  0.0906339398
  0.6000000000  0.6666666667  0.0000000000  1.0000000000  0.6666666667  1.0000000000  0.3786738335  0.1000097250  0.0972393748 -0.0012214761  0.0004110018 -0.0002421306  0.3721338651  0.1081573993 -0.0017799677  0.0001711499 -0.0005303591  0.3596954155  0.0002122905  0.0002080867 -0.0005499574  0.0963209990 -0.0007793820  0.0002391476  0.0895642444 -0.0033475701  0.0955942841
  0.6000000000  0.6666666667  0.0000000000  1.0000000000  1.0000000000  0.0000000000  0.4654997817  0.1244177282  0.0327798751 -0.0151242878 -0.0005071555  0.0007592213  0.4120969483  0.0394267190 -0.0307410634 -0.0011595756  0.0007424578  0.1001837839 -0.0419592409 -0.0001657192  0.0006042005  0.0454664852  0.0015229212 -0.0009820162  0.0420508520 -0.0118455821  0.1517777242
  0.6000000000  0.6666666667  0.0000000000  1.0000000000  1.0000000000  0.3333333333  0.4131130998  0.0981344902  0.0657587411 -0.0277401866 -0.0007256373  0.0020135562  0.3072754737  0.0887195742 -0.0451962487 -0.0005677742  0.0030984073  0.2006841832 -0.0466146513 -0.0016514863  0.0005929307  0.0995647482  0.0010685683 -0.0008432337  0.0703421431 -0.0315472924  0.1074073071
  0.6000000000  0.6666666667  0.0000000000  1.0000000000  1.0000000000  0.6666666667  0.3950789105  0.0978234537  0.0666252162 -0.0248675867 -0.0011006796  0.0017034246  0.3159519633  0.0915765972 -0.0434266590 -0.0010171348  0.0032770325  0.2134120435 -0.0388065426 -0.0024023969  0.0002630710  0.1003451226  0.0012085231 -0.0014170582  0.0677725564 -0.0299917131  0.1047721814
  0.6000000000  0.6666666667  0.0000000000  1.0000000000  1.0000000000  1.0000000000  0.3636257269  0.0989375343  0.0899832064 -0.0011270999 -0.0009747290  0.0004959786  0.3595773191  0.0998250620 -0.0008561932 -0.0002083156  0.0004088854  0.3559530120  0.0008981484 -0.0007026426  0.0000179986  0.0909144790 -0.0009581117 -0.0004493795  0.0861600372 -0.0028155276  0.0935665414
  0.6000000000  0.6666666667  0.3333333333  0.0000000000  0.0000000000  0.0000000000  0.5121545050  0.0800102981  0.1354980482  0.0040875476  0.0000055341 -0.0000047653  0.2260484443  0.0541065487  0.0086623578  0.0000056718 -0.0000030885  0.4406644948  0.0056314356  0.0000019176 -0.0000034267  0.0350999104 -0.0000023649  0.0000008254  0.1497252336  0.0034345642  0.0834007674
  0.6000000000  0.6666666667  0.3333333333  0.0000000000  0.0000000000  0.3333333333  0.4835931209  0.0105638485  0.1331026139  0.0038135509  0.0000472627  0.0000039369  0.0359576599  0.0133580438  0.0091812469  0.0000215014 -0.0000003640  0.4746658499  0.0076028581  0.0000705524 -0.0000079760  0.0119728636 -0.0000085492  0.0000196523  0.1677484283  0.0013750679  0.0052437350
  0.6000000000  0.6666666667  0.3333333333  0.0000000000  0.0000000000  0.6666666667  0.4532011649  0.0382911748  0.1264395810  0.0143334575 -0.0000840708  0.0011632589  0.1146484702  0.0405279474  0.0381546338  0.0000904192  0.0010725799  0.4379986918  0.0263348913 -0.0000041799  0.0000750598  0.0403700360 -0.0000119748 -0.0000824470  0.1533618083  0.0114500100  0.0470932394
  0.6000000000  0.6666666667  0.3333333333  0.0000000000  0.0000000000  1.0000000000  0.4087924754  0.0470418918  0.1050652873  0.0240217692 -0.0003230533 -0.0003000338  0.1424730566  0.0704594981  0.0621381877 -0.0003313323 -0.0007659892  0.3497535238  0.0564014495 -0.0003323942 -0.0007862119  0.0686358888 -0.0005785526 -0.0011537058  0.1291644154  0.0278298309  0.0619357217
  0.6000000000  0.6666666667  0.3333333333  0.0000000000  0.3333333333  0.0000000000  0.4732216940  0.1243077589  0.0415538190 -0.0122896848  0.0109478904  0.0014112430  0.4067156990  0.0384861405 -0.0232937593  0.0022115543  0.0004308330  0.1275394691 -0.0357382349  0.0134685044 -0.0007870631  0.0402501308  0.0002507199  0.0005134228  0.0491040471 -0.0094201949  0.1505912708
  0.6000000000  0.6666666667  0.3333333333  0.0000000000  0.3333333333  0.3333333333  0.4074016352  0.1100167429  0.0902713346 -0.0025070748  0.0062197350  0.0032352581  0.3560338972  0.0789511091 -0.0088896420  0.0029649924  0.0021642395  0.3168822706 -0.0040475929  0.0079899834  0.0005794594  0.0724340968 -0.0008598622  0.0041137525  0.0866982583 -0.0023442602  0.1053687306
  0.6000000000  0.6666666667  0.3333333333  0.0000000000  0.3333333333  0.6666666667  0.3932563169  0.1025251541  0.1028001668  0.0012523859 -0.0002673021  0.0000117587  0.3942769851  0.1031625922  0.0011758032 -0.0010146003 -0.0002708050  0.3948664652  0.0017106965 -0.0013361297 -0.0009251523  0.0964594250 -0.0014089568 -0.0013733602  0.0960651678  0.0017543291  0.0958333164
  0.6000000000  0.6666666667  0.3333333333  0.0000000000  0.3333333333  1.0000000000  0.3872613469  0.1013556367  0.1032812688  0.0020395643  0.0004565291  0.0000456767  0.3944599947  0.1042738604  0.0028507326 -0.0000770436 -0.0002905055  0.3959755297  0.0029468146 -0.0002688067 -0.0005294771  0.0977822730 -0.0008655959  0.0008246834  0.0953980095  0.0027194734  0.0945647665
  0.6000000000  0.6666666667  0.3333333333  0.0000000000  0.6666666667  0.0000000000  0.4665324801  0.1238591681  0.0330713346 -0.0141992230  0.0060899785 -0.0000485183  0.4122723857  0.0385216969 -0.0305563970  0.0014383985 -0.0000136256  0.0998252338 -0.0412673905  0.0066303373 -0.0009628678  0.0462065924 -0.0008838456  0.0006601792  0.0423422204 -0.0106314208  0.1515099595
  0.6000000000  0.6666666667  0.3333333333  0.0000000000  0.6666666667  0.3333333333  0.2667187505  0.0698294802  0.0589608936 -0.0022240256  0.0055112297  0.0018500093  0.4682320073  0.1304773972 -0.0052538133  0.0020249119  0.0016725346  0.4094188867 -0.0010742927  0.0035435233  0.0001008356  0.1484319315 -0.0001255869  0.0019134833  0.0361051929 -0.0056453023  0.0773934520
  0.6000000000  0.6666666667  0.3333333333  0.0000000000  0.6666666667  0.6666666667  0.3285731683  0.1022558954  0.0878530331 -0.0031128402  0.0102644282  0.0060491007  0.3168686394  0.1017922354 -0.0225445696  0.0018887349  0.0056548617  0.2422941563 -0.0061179324  0.0041884214 -0.0026070494  0.0962280817 -0.0042319176  0.0018619547  0.0827461023 -0.0056189903  0.0996218576
  0.6000000000  0.6666666667  0.3333333333  0.0000000000  0.6666666667  1.0000000000  0.3062476284  0.0935119710  0.0917837936 -0.0036583529 -0.0001466487  0.0063900165  0.3146865343  0.1033217347 -0.0174799260 -0.0029110837  0.0046918740  0.2844848285 -0.0075872716 -0.0026594913 -0.0022542692  0.0954822098 -0.0018073432 -0.0030043763  0.0838959492 -0.0083085023  0.0874172969
  0.6000000000  0.6666666667  0.3333333333  0.0000000000  1.0000000000  0.0000000000  0.4520473328  0.1207510940  0.0284461325 -0.0123853752  0.0018866069 -0.0000766741  0.4072571060  0.0402855344 -0.0318022489  0.0006441021  0.0001720846  0.1041378770 -0.0438428357  0.0034856596 -0.0005842437  0.0487985572 -0.0005737881  0.0001847237  0.0373143485 -0.0098228865  0.1475381716
  0.6000000000  0.6666666667  0.3333333333  0.0000000000  1.0000000000  0.3333333333  0.2566033133  0.0669648064  0.0590634926 -0.0024661943  0.0056862403  0.0015601507  0.4731335887  0.1340005492 -0.0053730065  0.0020814633  0.0011103047  0.4213925224 -0.0014015350  0.0041464599  0.0001730055  0.1525376706 -0.0000206625  0.0019822759  0.0370235956 -0.0051735973  0.0722311459
  0.6000000000  0.6666666667  0.3333333333  0.0000000000  1.0000000000  0.6666666667  0.2497404520  0.0669846649  0.0579900026 -0.0023760102  0.0042867923  0.0024016738  0.4774755142  0.1339453614 -0.0050076456  0.0014700873  0.0018733310  0.4204527747 -0.0009560332  0.0025570419  0.0001914248  0.1522040999 -0.0000741293  0.0014145371  0.0358021094 -0.0055907827  0.0719443047
  0.6000000000  0.6666666667  0.3333333333  0.0000000000  1.0000000000  1.0000000000  0.2546737560  0.0569907144  0.0542007534 -0.0027096609  0.0028639714  0.0036043255  0.4396304987  0.1260002230 -0.0076423085  0.0002827862  0.0020706089  0.4089475895 -0.0042767795  0.0015067111  0.0003129731  0.1467831617 -0.0000823454  0.0002303005  0.0388233185 -0.0091186624  0.0627472888
  0.6000000000  0.6666666667  0.3333333333  0.3333333333  0.0000000000  0.0000000000  0.5113040213  0.0789692576  0.1355831266 -0.0054819351  0.0000113898 -0.0000130197  0.2228291386  0.0534587609 -0.0109842860 -0.0000069732 -0.0000062375  0.4408121325 -0.0079911226  0.0000163623 -0.0000119953  0.0347213612 -0.0000007998  0.0000077192  0.1500875318 -0.0046582355  0.0824937092
  0.6000000000  0.6666666667  0.3333333333  0.3333333333  0.0000000000  0.3333333333  0.4952981833  0.0000000040  0.1384069559 -0.0000000000  0.0023109405 -0.0000000000  0.0000000117  0.0000000038  0.0000000000  0.0000000002 -0.0000000000  0.5009410402 -0.0000000000  0.0027821940 -0.0000000000  0.0000000034 -0.0000000000 -0.0000000000  0.1759469751  0.0000000000  0.0000000034
  0.6000000000  0.6666666667  0.3333333333  0.3333333333  0.0000000000  0.6666666667  0.4945073053  0.0000000039  0.1380959098 -0.0000000000  0.0011127425  0.0000000000  0.0000000115  0.0000000039 -0.0000000000  0.0000000001  0.0000000000  0.5023861078 -0.0000000001  0.0012762800  0.0000000000  0.0000000034  0.0000000000 -0.0000000000  0.1763528163 -0.0000000000  0.0000000034
  0.6000000000  0.6666666667  0.3333333333  0.3333333333  0.0000000000  1.0000000000  0.4423034055  0.0316299844  0.1246880056  0.0147263201 -0.0010727245 -0.0070231493  0.0958875083  0.0392586675  0.0403961952 -0.0017464291 -0.0074456083  0.4400077186  0.0304724430 -0.0009117492 -0.0030435011  0.0446631687 -0.0018858583 -0.0030539880  0.1528336876  0.0115741566  0.0417895811
  0.6000000000  0.6666666667  0.3333333333  0.3333333333  0.3333333333  0.0000000000  0.4684076534  0.1231926701  0.0489591878 -0.0111418232  0.0141339064  0.0014294067  0.4014305864  0.0419912062 -0.0215371098  0.0027467834  0.0006129979  0.1573789783 -0.0353240849  0.0163204714 -0.0005831072  0.0428863458  0.0008566552  0.0009663362  0.0576271623 -0.0084606339  0.1480828894
  0.6000000000  0.6666666667  0.3333333333  0.3333333333  0.3333333333  0.3333333333  0.3718233347  0.0969198167  0.1008016945 -0.0082746137  0.0108672180  0.0043238964  0.3107585233  0.0952394124 -0.0220250031  0.0015693611  0.0056757636  0.3483810373 -0.0176375722  0.0082779016 -0.0010787927  0.0887117166 -0.0010725412  0.0029218486  0.1012613870 -0.0105825335  0.0876334189
  0.6000000000  0.6666666667  0.3333333333  0.3333333333  0.3333333333  0.6666666667  0.3416219237  0.0996761908  0.0789239140 -0.0000176382  0.0028900019 -0.0018254198  0.3305820419  0.0774061978  0.0012713468 -0.0002443795 -0.0008719977  0.3268310870  0.0029780476  0.0041165811 -0.0005566152  0.0782347561 -0.0020995316 -0.0000993096  0.0807565602 -0.0000852488  0.0946359191
  0.6000000000  0.6666666667  0.3333333333  0.3333333333  0.3333333333  1.0000000000  0.3860368738  0.0986058787  0.1069251259  0.0018746821  0.0001272137 -0.0027233947  0.3758077083  0.1014588109  0.0031510338 -0.0009901581 -0.0017289898  0.3928845751  0.0042618577 -0.0019917984 -0.0014075411  0.0953009239 -0.0017291553 -0.0010717778  0.0977534012  0.0024382759  0.0919157372
  0.6000000000  0.6666666667  0.3333333333  0.3333333333  0.6666666667  0.0000000000  0.4699234992  0.1245133565  0.0356927619 -0.0144226585  0.0056089297  0.0006553739  0.4107110138  0.0392339458 -0.0285710000  0.0005680645  0.0004245043  0.1100441143 -0.0407225682  0.0063353862 -0.0004253887  0.0442708828  0.0003674152 -0.0000787208  0.0446313867 -0.0107527452  0.1515818047
  0.6000000000  0.6666666667  0.3333333333  0.3333333333  0.6666666667  0.3333333333  0.3836987534  0.0861584398  0.0843600690 -0.0141362846  0.0101477529  0.0089341307  0.3565304045  0.1103033531 -0.0261835152  0.0020382167  0.0079135595  0.3408751232 -0.0243928713  0.0100625531  0.0024532486  0.1131410126  0.0018889539  0.0013132767  0.0839526757 -0.0207080723  0.0887723145
  0.6000000000  0.6666666667  0.3333333333  0.3333333333  0.6666666667  0.6666666667  0.3260631146  0.0988552992  0.0742234475  0.0001737419  0.0052729330 -0.0021270703  0.3281869086  0.0788179752 -0.0071955392 -0.0009262773 -0.0012574932  0.2951984127 -0.0036963533  0.0042821976 -0.0014658638  0.0804611902 -0.0050554981 -0.0009629356  0.0713718797 -0.0008964536  0.0950737752
  0.6000000000  0.6666666667  0.3333333333  0.3333333333  0.6666666667  1.0000000000  0.3380363432  0.0967997951  0.0869510758 -0.0003024296  0.0025577765 -0.0004101428  0.3310597021  0.0879395710 -0.0010470824 -0.0004116047  0.0000278812  0.3109465526  0.0012861591  0.0023774861 -0.0007216863  0.0817583242 -0.0035243627 -0.0020177156  0.0841910800  0.0004539783  0.0904793802
  0.6000000000  0.6666666667  0.3333333333  0.3333333333  1.0000000000  0.0000000000  0.4612120612  0.1227414916  0.0336258254 -0.0144594836  0.0031788622 -0.0005840209  0.4051304014  0.0410090516 -0.0290126988  0.0004341580 -0.0002289716  0.1122487038 -0.0442570630  0.0031648375 -0.0005959961  0.0447438733  0.0000750933  0.0001926194  0.0461317321 -0.0124823827  0.1488063866
  0.6000000000  0.6666666667  0.3333333333  0.3333333333  1.0000000000  0.3333333333  0.3701168985  0.0845700261  0.0830560723 -0.0127256297  0.0114175747  0.0128454746  0.3656408175  0.1123353873 -0.0236352901  0.0018378687  0.0113293743  0.3509052499 -0.0225905951  0.0094584124  0.0030967373  0.1154677508  0.0025957852  0.0006398270  0.0814365917 -0.0200471416  0.0865308855
  0.6000000000  0.6666666667  0.3333333333  0.3333333333  1.0000000000  0.6666666667  0.2444975715  0.0561620291  0.0539649698 -0.0030999360  0.0075136668  0.0031807877  0.4379757502  0.1276433526 -0.0079207261  0.0014420916  0.0016796721  0.4103287536 -0.0056266762  0.0044925666 -0.0002354059  0.1480518953 -0.0001121450  0.0009804074  0.0441039619 -0.0126598793  0.0559066511
  0.6000000000  0.6666666667  0.3333333333  0.3333333333  1.0000000000  1.0000000000  0.2313600861  0.0542857792  0.0525793007 -0.0035698222  0.0055191263  0.0026626545  0.4369322316  0.1281373660 -0.0082854564  0.0009080900  0.0013671369  0.4120765573 -0.0067785832  0.0032532458  0.0000549506  0.1482405973 -0.0001108075  0.0002435647  0.0464229485 -0.0139759870  0.0516428518
  0.6000000000  0.6666666667  0.3333333333  0.6666666667  0.0000000000  0.0000000000  0.4351223603  0.0607796803  0.0780833017 -0.0196291179  0.0197668702 -0.0155476209  0.1745683789  0.0559659570 -0.0318011318  0.0063057981 -0.0158952184  0.2337653855 -0.0304373058  0.0195229045 -0.0052205086  0.0507328731 -0.0036824314  0.0048530187  0.1033609689 -0.0322580116  0.0835917099
  0.6000000000  0.6666666667  0.3333333333  0.6666666667  0.0000000000  0.3333333333  0.3037787748  0.0965901152  0.0849595313 -0.0021887718  0.0439807061 -0.0645555248  0.2350286493  0.0684049883  0.0226690423  0.0029285413 -0.0587998480  0.2810943247  0.0284400074  0.0390723594 -0.0160141373  0.0829706947 -0.0292415102  0.0049339371  0.0876859948 -0.0018056513  0.1066011823
  0.6000000000  0.6666666667  0.3333333333  0.6666666667  0.0000000000  0.6666666667  0.2814295960  0.1116905285  0.0947192546  0.0035773832  0.0347600154 -0.0705443920  0.2382156735  0.0884200305  0.0268499602  0.0042978148 -0.0700177372  0.3655049219  0.0313890499  0.0333736645 -0.0275283424  0.0921175716 -0.0408730611  0.0031248091  0.0929084966  0.0023393240  0.1214992573
  0.6000000000  0.6666666667  0.3333333333  0.6666666667  0.0000000000  1.0000000000  0.2613551635  0.1046932713  0.0856208721  0.0042284497  0.0189051557 -0.0749489696  0.2003971552  0.0762456810  0.0179810256  0.0016247837 -0.0762497542  0.3824349066  0.0222802110  0.0186559835 -0.0338908143  0.0879121843 -0.0465152802  0.0002952756  0.0952364019  0.0027666838  0.1084800450
  0.6000000000  0.6666666667  0.3333333333  0.6666666667  0.3333333333  0.0000000000  0.3943427583  0.0784603291  0.0736978354 -0.0389860549  0.0187654713  0.0100274470  0.2254522247  0.1102346466 -0.0839803097  0.0049820750  0.0109271431  0.1844544165 -0.0847641540  0.0164468153  0.0013387160  0.1135640037 -0.0010334615  0.0043824498  0.0877263848 -0.0549606711  0.0904353587
  0.6000000000  0.6666666667  0.3333333333  0.6666666667  0.3333333333  0.3333333333  0.3727443290  0.0986733895  0.0891676644 -0.0015842455  0.0043279309 -0.0002728736  0.3539288123  0.0949248348 -0.0038917966  0.0011168917 -0.0004392254  0.3454469649 -0.0011901024  0.0044930354 -0.0007667682  0.0868817399 -0.0009502479  0.0023911366  0.0866514245 -0.0037597636  0.0939241337
  0.6000000000  0.6666666667  0.3333333333  0.6666666667  0.3333333333  0.6666666667  0.3915070262  0.1036500578  0.1054932546 -0.0004042759  0.0059436445 -0.0079825927  0.3820029451  0.1014579886 -0.0010346440  0.0028147217 -0.0058378597  0.3912776470  0.0006135131  0.0067813290 -0.0040208489  0.0944550016 -0.0043176380  0.0030113411  0.1000095578 -0.0010565679  0.0964958105
  0.6000000000  0.6666666667  0.3333333333  0.6666666667  0.3333333333  1.0000000000  0.3938984644  0.1051836878  0.1044837962  0.0002866038 -0.0001195125 -0.0058365786  0.3864767147  0.1027041768  0.0006340683 -0.0010260545 -0.0042341265  0.3881748526  0.0019740814 -0.0004209432 -0.0031090935  0.0949050989 -0.0034931625 -0.0016720171  0.0979005328 -0.0002402918  0.0976763142
  0.6000000000  0.6666666667  0.3333333333  0.6666666667  0.6666666667  0.0000000000  0.4641205438  0.1234403362  0.0415669332 -0.0138432973  0.0088582085  0.0003054949  0.4060651946  0.0423442973 -0.0275173626  0.0016227258  0.0003010873  0.1332588128 -0.0417329456  0.0104992402 -0.0012012338  0.0453839271 -0.0005964560  0.0004396504  0.0513033192 -0.0104767770  0.1491063331
  0.6000000000  0.6666666667  0.3333333333  0.6666666667  0.6666666667  0.3333333333  0.3763586774  0.0983199905  0.0883302940 -0.0019445043  0.0038187323  0.0007185621  0.3569521501  0.0953312690 -0.0066860591  0.0013509609  0.0007486926  0.3439788119 -0.0035179640  0.0033108316 -0.0003106582  0.0873143332 -0.0006560066  0.0026617926  0.0851783589 -0.0044804960  0.0955679224
  0.6000000000  0.6666666667  0.3333333333  0.6666666667  0.6666666667  0.6666666667  0.3848734742  0.1084425383  0.1040218954 -0.0018501725  0.0009617873  0.0005308784  0.3898549188  0.1058580917 -0.0034787705 -0.0000628819  0.0007843112  0.3819551909 -0.0017110680 -0.0001600275 -0.0000660380  0.0969862633 -0.0018974144 -0.0003429206  0.0953731624 -0.0024324345  0.0989393652
  0.6000000000  0.6666666667  0.3333333333  0.6666666667  0.6666666667  1.0000000000  0.3925003381  0.1048156120  0.1035517962 -0.0009327279 -0.0002709806 -0.0019885790  0.3944931571  0.1041967031 -0.0016121198 -0.0006021902 -0.0010859151  0.3895005576 -0.0008068781 -0.0011272029 -0.0015402422  0.0965941647 -0.0018599250 -0.0010802647  0.0960357003 -0.0014569156  0.0975048449
  0.6000000000  0.6666666667  0.3333333333  0.6666666667  1.0000000000  0.0000000000  0.4676125707  0.1245122659  0.0359067998 -0.0143455428  0.0051868342  0.0009829457  0.4114400250  0.0398180492 -0.0290245495 -0.0000452547  0.0008825932  0.1117454570 -0.0411681358  0.0059519565 -0.0000811646  0.0447786854  0.0008309810 -0.0005666781  0.0449848966 -0.0106598548  0.1517409366
  0.6000000000  0.6666666667  0.3333333333  0.6666666667  1.0000000000  0.3333333333  0.3732235303  0.0946560024  0.0849189152 -0.0084983108  0.0094282250  0.0122832437  0.3672026837  0.1029735672 -0.0144395913  0.0011238928  0.0093857895  0.3328001998 -0.0131296386  0.0070153013  0.0022100630  0.0963931490  0.0039035649  0.0006786243  0.0799365429 -0.0149986404  0.0980674095
  0.6000000000  0.6666666667  0.3333333333  0.6666666667  1.0000000000  0.6666666667  0.3496180306  0.0989726525  0.0884303017 -0.0032918189  0.0031411562  0.0061241921  0.3392369331  0.0998995304 -0.0089529132 -0.0007023864  0.0054760628  0.3284352423 -0.0060808832  0.0015316189  0.0007714399  0.0895910209  0.0021132976 -0.0012268748  0.0852874168 -0.0081660816  0.0923084913
  0.6000000000  0.6666666667  0.3333333333  0.6666666667  1.0000000000  1.0000000000  0.3707275106  0.0992186168  0.0952227971 -0.0019427298  0.0002275174  0.0021157862  0.3686219465  0.1061829001 -0.0042360059 -0.0013227869  0.0020936347  0.3638116605 -0.0010498544 -0.0011912970 -0.0000323651  0.0954001988 -0.0012986633 -0.0017729903  0.0887399214 -0.0028753291  0.0935886202
  0.6000000000  0.6666666667  0.3333333333  1.0000000000  0.0000000000  0.0000000000  0.2386163925  0.0584416499  0.0652771790 -0.0201277694  0.0472508408 -0.0113290192  0.2280198253  0.0701390092 -0.0469619338  0.0245817212 -0.0117326022  0.1377278843 -0.0443171246  0.0481622108 -0.0149477616  0.0815318001 -0.0150992451  0.0313416784  0.0718726800 -0.0261121162  0.0753856249
  0.6000000000  0.6666666667  0.3333333333  1.0000000000  0.0000000000  0.3333333333  0.1870846705  0.1080725483  0.0628578464 -0.0009643728  0.0062290018 -0.0937096241  0.1611228837  0.0576936418 -0.0021381546  0.0026599948 -0.0948543566  0.3294773601 -0.0021848488  0.0055908105 -0.0336038341  0.0792846039 -0.0581694420  0.0030506567  0.0839343246 -0.0020185140  0.1091603245
  0.6000000000  0.6666666667  0.3333333333  1.0000000000  0.0000000000  0.6666666667  0.1974618368  0.1058527859  0.0665949361  0.0006366791  0.0083112366 -0.0898806483  0.1603363593  0.0624341233  0.0063230454  0.0014831705 -0.0918809549  0.3368053465  0.0074923185  0.0084642727 -0.0327129043  0.0808984156 -0.0556035537  0.0015442248  0.0861251184 -0.0001566689  0.1052822183
  0.6000000000  0.6666666667  0.3333333333  1.0000000000  0.0000000000  1.0000000000  0.2132713822  0.1003595277  0.0723112085  0.0008565827  0.0075601835 -0.0802517593  0.1821130043  0.0663926106  0.0082840122  0.0001955764 -0.0832486133  0.3603281924  0.0094623539  0.0080252893 -0.0306417470  0.0846875303 -0.0483498630  0.0012684049  0.0929469286 -0.0005239259  0.0957780981
  0.6000000000  0.6666666667  0.3333333333  1.0000000000  0.3333333333  0.0000000000  0.4027777535  0.1063702902  0.0573758786 -0.0203128773  0.0219154213 -0.0005508130  0.3420987341  0.0628383348 -0.0459384613  0.0069080659 -0.0005549568  0.1493997868 -0.0532557036  0.0217633935 -0.0035317065  0.0624564214 -0.0043134275  0.0050111034  0.0669137442 -0.0207231660  0.1278457974
  0.6000000000  0.6666666667  0.3333333333  1.0000000000  0.3333333333  0.3333333333  0.3245579179  0.1187041872  0.0836543519  0.0008942246  0.0133217615 -0.0495172615  0.2730229432  0.0778961032  0.0061228840 -0.0002342409 -0.0500238478  0.3505221041  0.0122617405  0.0131273471 -0.0275336854  0.0843999071 -0.0392688600 -0.0000483013  0.0837139166 -0.0015452915  0.1315819897
  0.6000000000  0.6666666667  0.3333333333  1.0000000000  0.3333333333  0.6666666667  0.2887680590  0.1179101249  0.0842115618 -0.0000092565  0.0131946116 -0.0574199801  0.2511336612  0.0815545817  0.0009958558 -0.0002487394 -0.0579266985  0.3811920214  0.0061110237  0.0109921786 -0.0321182669  0.0874185427 -0.0454418759  0.0010838715  0.0857856193 -0.0033325316  0.1267316853
  0.6000000000  0.6666666667  0.3333333333  1.0000000000  0.3333333333  1.0000000000  0.2706706205  0.1192125218  0.0826397240  0.0006339652  0.0130782147 -0.0614447458  0.2460868115  0.0815909510  0.0028946728  0.0001359516 -0.0613592387  0.3856338828  0.0078059991  0.0118978349 -0.0335381485  0.0882296538 -0.0476083697  0.0010839410  0.0861174936 -0.0025945818  0.1258334261
  0.6000000000  0.6666666667  0.3333333333  1.0000000000  0.6666666667  0.0000000000  0.4637550736  0.1233405853  0.0414678063 -0.0139074740  0.0117189261 -0.0015735980  0.4060864385  0.0404193527 -0.0258230526  0.0048751760 -0.0015448598  0.1284473403 -0.0379715626  0.0125796635 -0.0026219695  0.0430477400 -0.0043906619  0.0028690294  0.0498639471 -0.0105261684  0.1494137227
  0.6000000000  0.6666666667  0.3333333333  1.0000000000  0.6666666667  0.3333333333  0.4118383335  0.1237982057  0.0571881110 -0.0003834652  0.0019937236 -0.0105772131  0.3898131445  0.0553836180  0.0001957620  0.0007694046 -0.0099992615  0.2498054391  0.0002142631  0.0031856711 -0.0055360506  0.0510567025 -0.0182619347  0.0004789739  0.0534744840 -0.0005194295  0.1430657390
  0.6000000000  0.6666666667  0.3333333333  1.0000000000  0.6666666667  0.6666666667  0.3763758691  0.1047269601  0.0963584323 -0.0046604779  0.0030251958  0.0012085176  0.3529676743  0.1056194586 -0.0079196237  0.0010190399  0.0004944957  0.3359409631 -0.0056360914  0.0027442576 -0.0011148884  0.0916295252 -0.0016921793  0.0016965566  0.0893422383 -0.0068183801  0.0995072100
  0.6000000000  0.6666666667  0.3333333333  1.0000000000  0.6666666667  1.0000000000  0.3684643655  0.1015676081  0.0993638640 -0.0029084195  0.0024004043  0.0014631019  0.3599516797  0.1089885539 -0.0042202399  0.0001164594  0.0004154715  0.3540171861 -0.0025880386  0.0008569707 -0.0008984188  0.0954834273 -0.0021090765 -0.0005620813  0.0908842744 -0.0042245729  0.0951484433
  0.6000000000  0.6666666667  0.3333333333  1.0000000000  1.0000000000  0.0000000000  0.4669609607  0.1245421792  0.0392024636 -0.0143632327  0.0075143221  0.0005415359  0.4091106265  0.0411552616 -0.0280670762  0.0010021320  0.0004576793  0.1227273974 -0.0409647857  0.0087654744 -0.0007969302  0.0445095265  0.0000736828  0.0000025173  0.0473184293 -0.0106940599  0.1506844687
  0.6000000000  0.6666666667  0.3333333333  1.0000000000  1.0000000000  0.3333333333  0.4411310709  0.1286420771  0.0537219156 -0.0004635443  0.0019289818  0.0085134404  0.4161016627  0.0513731110 -0.0020991796  0.0005021112  0.0065567386  0.2285038445 -0.0040851652  0.0043114913  0.0030525144  0.0428892952  0.0120233119  0.0002840561  0.0545126749 -0.0004928877  0.1497991352
  0.6000000000  0.6666666667  0.3333333333  1.0000000000  1.0000000000  0.6666666667  0.3602926456  0.1032904655  0.0895452498 -0.0017407082  0.0033761327  0.0035660867  0.3525061850  0.0951853214 -0.0046168861  0.0002568653  0.0023993729  0.3231575938 -0.0010408024  0.0016614550  0.0000984185  0.0851567808 -0.0000021796 -0.0000549756  0.0822311460 -0.0032359378  0.0999419187
  0.6000000000  0.6666666667  0.3333333333  1.0000000000  1.0000000000  1.0000000000  0.2829831924  0.0914922653  0.0682195417 -0.0012031731 -0.0006563533  0.0150558531  0.3243803297  0.0720447997  0.0010917541 -0.0009036570  0.0134938127  0.2530465946  0.0016437858 -0.0008678347  0.0011104515  0.0724988662  0.0052675049 -0.0014950787  0.0658353381 -0.0017265064  0.1079931738
  0.6000000000  0.6666666667  0.6666666667  0.0000000000  0.0000000000  0.0000000000  0.4419328943  0.0353450313  0.1243896912  0.0088213895  0.0037807878  0.0229157407  0.1014719008  0.0282476949  0.0188185327  0.0035776025  0.0248947692  0.4355681407  0.0131730029  0.0029698636  0.0083344383  0.0279971678  0.0048819870  0.0064824668  0.1533810180  0.0069583957  0.0455260003
  0.6000000000  0.6666666667  0.6666666667  0.0000000000  0.0000000000  0.3333333333  0.4542755764  0.0449572619  0.1266765091  0.0133882125  0.0007716048  0.0029603391  0.1431804083  0.0424021663  0.0350843660  0.0007466340  0.0031334686  0.4361307269  0.0222988808  0.0003856806  0.0013735268  0.0377605073  0.0006967164  0.0015422945  0.1523304041  0.0105922345  0.0549831184
  0.6000000000  0.6666666667  0.6666666667  0.0000000000  0.0000000000  0.6666666667  0.4556172881  0.0407639239  0.1269022087  0.0136314281  0.0000498362  0.0018480964  0.1256671723  0.0411354644  0.0357817773  0.0001684828  0.0015038039  0.4391788011  0.0241634226  0.0000606245  0.0002657999  0.0374543335  0.0001092839  0.0001954988  0.1537973378  0.0107838741  0.0491449927
  0.6000000000  0.6666666667  0.6666666667  0.0000000000  0.0000000000  1.0000000000  0.4149275653  0.0479201151  0.1120351056  0.0217278408 -0.0011743910  0.0007470708  0.1453392348  0.0646755048  0.0566693357 -0.0004181767  0.0001249579  0.3734084272  0.0481134449 -0.0007446624 -0.0005616638  0.0620041827 -0.0006174342 -0.0009296337  0.1346182443  0.0238780310  0.0615440668
  0.6000000000  0.6666666667  0.6666666667  0.0000000000  0.3333333333  0.0000000000  0.2667443624  0.0970684042  0.0986273044 -0.0001854906  0.0723754567  0.0687354345  0.2652341719  0.0968107295 -0.0688376860  0.0025335996  0.0705372514  0.2568977338 -0.0694501374  0.0728873996  0.0005893908  0.0968521001  0.0069764360  0.0105435648  0.1032345646 -0.0038173611  0.1013801746
  0.6000000000  0.6666666667  0.6666666667  0.0000000000  0.3333333333  0.3333333333  0.4135935106  0.0517475063  0.1275844767 -0.0007669559  0.0065272069  0.0053363490  0.2305532325  0.0536663430 -0.0091532234  0.0030951277  0.0097985113  0.4374494825 -0.0038695517  0.0081838497  0.0012134276  0.0551295265  0.0004974664  0.0118767725  0.1486532302 -0.0000518155  0.0433406350
  0.6000000000  0.6666666667  0.6666666667  0.0000000000  0.3333333333  0.6666666667  0.4144050321  0.0488625041  0.1285811483  0.0009765042  0.0052234860  0.0007116319  0.2239361577  0.0553045727  0.0027360202  0.0030121920  0.0009631114  0.4449165302  0.0024639407  0.0077196306  0.0004597941  0.0579513303  0.0001174104  0.0100470803  0.1497925436  0.0006330837  0.0361578134
  0.6000000000  0.6666666667  0.6666666667  0.0000000000  0.3333333333  1.0000000000  0.3913337941  0.0679929144  0.1068291187  0.0190985277 -0.0031728670  0.0062057791  0.2328722905  0.0811902645  0.0442663085 -0.0015759165  0.0045577848  0.3443125059  0.0401763824  0.0000372745 -0.0001415658  0.0677770139 -0.0012199458 -0.0018679877  0.1239397089  0.0215343418  0.0781586706
  0.6000000000  0.6666666667  0.6666666667  0.0000000000  0.6666666667  0.0000000000  0.2546086500  0.0964658404  0.0996451695  0.0002448138  0.0769989255  0.0716190685  0.2583833425  0.0971153477 -0.0730089978  0.0013574004  0.0729020790  0.2510099975 -0.0731809930  0.0763434448 -0.0008961558  0.1004040569  0.0047292630  0.0096670229  0.1067085220 -0.0049909254  0.1012673649
  0.6000000000  0.6666666667  0.6666666667  0.0000000000  0.6666666667  0.3333333333  0.3179192458  0.0957416182  0.0841023643 -0.0025825389  0.0411767791  0.0091816221  0.3509958570  0.0812683253 -0.0182741932  0.0175108248  0.0116689367  0.2351041334 -0.0134435905  0.0428623169  0.0018501452  0.0840165193  0.0020583956  0.0203185072  0.0755347951 -0.0011491036  0.1107646341
  0.6000000000  0.6666666667  0.6666666667  0.0000000000  0.6666666667  0.6666666667  0.3311155315  0.0786543903  0.1000299001  0.0000666473  0.0006012735  0.0027497959  0.3330456097  0.0776966396 -0.0043522818 -0.0000334944  0.0036942206  0.3331692524 -0.0022928864 -0.0000872910 -0.0003212507  0.0813348900  0.0001212022  0.0006043064  0.0946851495 -0.0010057205  0.0795033444
  0.6000000000  0.6666666667  0.6666666667  0.0000000000  0.6666666667  1.0000000000  0.3153255378  0.0766547270  0.0997439793  0.0004174759 -0.0002332604 -0.0003928851  0.3387360595  0.0821873594 -0.0003092394 -0.0008340166 -0.0009244282  0.3357359975  0.0006474489 -0.0020554165 -0.0002840576  0.0860981946 -0.0003503385 -0.0019782986  0.0933972307  0.0005594997  0.0753607091
  0.6000000000  0.6666666667  0.6666666667  0.0000000000  1.0000000000  0.0000000000  0.2566621282  0.0968597973  0.0966745094 -0.0018672831  0.0727455119  0.0699099747  0.2694274976  0.1021295541 -0.0739116057  0.0014102821  0.0685087601  0.2529511600 -0.0739001124  0.0696223125 -0.0001680854  0.1091778762  0.0030584277  0.0067013750  0.1016206139 -0.0111468131  0.0986513236
  0.6000000000  0.6666666667  0.6666666667  0.0000000000  1.0000000000  0.3333333333  0.3212529685  0.0886536353  0.0989941324 -0.0008429039  0.0131997850  0.0122041372  0.3258204466  0.0882007194 -0.0158519513  0.0031589350  0.0125925143  0.3216111344 -0.0142903136  0.0147500575  0.0004990243  0.0885038663  0.0033150079  0.0056044660  0.0937155141 -0.0014870017  0.0865752374
  0.6000000000  0.6666666667  0.6666666667  0.0000000000  1.0000000000  0.6666666667  0.2780648302  0.0724177191  0.0833559610  0.0005797220  0.0040753476  0.0040473135  0.3064590296  0.0870751770 -0.0104562671 -0.0003850373  0.0041402926  0.2999719755 -0.0069165295  0.0036816025 -0.0014315890  0.0931666369 -0.0000598853  0.0065485489  0.0839602090  0.0001449764  0.0687072041
  0.6000000000  0.6666666667  0.6666666667  0.0000000000  1.0000000000  1.0000000000  0.3116461757  0.0732014362  0.1041797078 -0.0004698076 -0.0033302898  0.0003412652  0.3045959328  0.0830363439 -0.0103523010 -0.0029210585  0.0003772579  0.3298070623 -0.0068348748 -0.0049715425 -0.0012616343  0.0817799394 -0.0007074137 -0.0032578792  0.1031840131 -0.0005240461  0.0684453545
  0.6000000000  0.6666666667  0.6666666667  0.3333333333  0.0000000000  0.0000000000  0.4778874269  0.0000000037  0.1383805552 -0.0000000000  0.0071659508  0.0000000000  0.0000000119  0.0000000037 -0.0000000000  0.0000000003 -0.0000000000  0.4973570991 -0.0000000000  0.0065447631  0.0000000000  0.0000000034  0.0000000000 -0.0000000000  0.1768573438 -0.0000000000  0.0000000034
  0.6000000000  0.6666666667  0.6666666667  0.3333333333  0.0000000000  0.3333333333  0.4884310681  0.0000000039  0.1391675208  0.0000000000  0.0049781430 -0.0000000000  0.0000000118  0.0000000038  0.0000000000  0.0000000003 -0.0000000000  0.5004448749  0.0000000000  0.0057317411  0.0000000000  0.0000000034  0.0000000000 -0.0000000000  0.1768515113 -0.0000000000  0.0000000034
  0.6000000000  0.6666666667  0.6666666667  0.3333333333  0.0000000000  0.6666666667  0.4901022190  0.0000000038  0.1391365279 -0.0000000000  0.0028521651  0.0000000000  0.0000000117  0.0000000039 -0.0000000000  0.0000000002  0.0000000000  0.5063385281 -0.0000000000  0.0030614944  0.0000000000  0.0000000034  0.0000000000 -0.0000000000  0.1767088678 -0.0000000000  0.0000000034
  0.6000000000  0.6666666667  0.6666666667  0.3333333333  0.0000000000  1.0000000000  0.4905118457  0.0000000038  0.1391426613  0.0000000000  0.0013964210  0.0000000000  0.0000000115  0.0000000039  0.0000000000  0.0000000001 -0.0000000000  0.5088018349 -0.0000000000  0.0013713663  0.0000000000  0.0000000034  0.0000000000 -0.0000000000  0.1764682917 -0.0000000000  0.0000000034
  0.6000000000  0.6666666667  0.6666666667  0.3333333333  0.3333333333  0.0000000000  0.2687105910  0.0922747167  0.1076332840 -0.0040033741  0.0713206503  0.0537549795  0.3010887590  0.0944586888 -0.0573823002  0.0114623380  0.0586084965  0.2834250502 -0.0546066542  0.0705115871  0.0046974471  0.0945160312  0.0038739346  0.0245280676  0.1192380857 -0.0031619012  0.0953865211
  0.6000000000  0.6666666667  0.6666666667  0.3333333333  0.3333333333  0.3333333333  0.4751621826  0.0681757111  0.1359113856 -0.0000878623 -0.0038111079 -0.0003777468  0.2336228315  0.0555325016 -0.0004015804 -0.0024665289 -0.0001514388  0.4473378788 -0.0001344796 -0.0011615220  0.0000011315  0.0373125870 -0.0000427429 -0.0057498465  0.1526895792  0.0000330446  0.0694287395
  0.6000000000  0.6666666667  0.6666666667  0.3333333333  0.3333333333  0.6666666667  0.4100806958  0.0497264386  0.1260429980  0.0006668719  0.0019986340 -0.0013506757  0.2441313557  0.0610850831  0.0024274418  0.0009821948 -0.0013603946  0.4472178964  0.0026272481  0.0041859385 -0.0005892008  0.0676249583 -0.0005794510  0.0020834665  0.1473214585  0.0004428789  0.0318771083
  0.6000000000  0.6666666667  0.6666666667  0.3333333333  0.3333333333  1.0000000000  0.4190436985  0.0442908580  0.1265091225  0.0025805327  0.0001278594 -0.0030538997  0.2091687880  0.0534184405  0.0080777729 -0.0007643241 -0.0036202282  0.4483596294  0.0105401996  0.0001969295 -0.0015012750  0.0541378680 -0.0012119207 -0.0011447545  0.1504190669  0.0017915557  0.0323953744
  0.6000000000  0.6666666667  0.6666666667  0.3333333333  0.6666666667  0.0000000000  0.2640049717  0.0926312865  0.1054088022 -0.0032136803  0.0728004348  0.0558880315  0.2978374372  0.0955547756 -0.0596579140  0.0101326897  0.0602665315  0.2766369949 -0.0576780209  0.0722556756  0.0037969174  0.0956301977  0.0038044877  0.0226537079  0.1174315621 -0.0033406966  0.0958282420
  0.6000000000  0.6666666667  0.6666666667  0.3333333333  0.6666666667  0.3333333333  0.4065680034  0.0534977941  0.1262428260 -0.0010692934 -0.0035826154 -0.0000096268  0.2556531887  0.0601988223 -0.0057372125 -0.0027836710  0.0001328254  0.4407749714 -0.0026944631 -0.0068514342  0.0003482969  0.0660114043  0.0000476404 -0.0081146336  0.1465811320 -0.0003109621  0.0366329578
  0.6000000000  0.6666666667  0.6666666667  0.3333333333  0.6666666667  0.6666666667  0.3433730823  0.0739687538  0.1021081379 -0.0002561369  0.0001777174  0.0027322707  0.3075332844  0.0724307159 -0.0036671748 -0.0012413007  0.0011835194  0.3459457275 -0.0034236729 -0.0006768476  0.0002981335  0.0749454279  0.0003303642 -0.0040562133  0.1022990623 -0.0012809978  0.0724005577
  0.6000000000  0.6666666667  0.6666666667  0.3333333333  0.6666666667  1.0000000000  0.3449462576  0.0675487462  0.1067073084  0.0008166886 -0.0050909173 -0.0028261086  0.3002484286  0.0710045426 -0.0007698300 -0.0041038426 -0.0012865682  0.3672881685 -0.0000020195 -0.0055849492 -0.0005801084  0.0724392386 -0.0012769421 -0.0124710467  0.1086674349  0.0009239995  0.0640506877
  0.6000000000  0.6666666667  0.6666666667  0.3333333333  1.0000000000  0.0000000000  0.2572898966  0.0969706923  0.0979822185 -0.0015454247  0.0739142261  0.0686447955  0.2753149520  0.0994803853 -0.0718048581  0.0025421119  0.0684891440  0.2537443642 -0.0721344374  0.0721920993 -0.0006922968  0.1032576328  0.0034245108  0.0093920250  0.1020488993 -0.0091614473  0.0981107762
  0.6000000000  0.6666666667  0.6666666667  0.3333333333  1.0000000000  0.3333333333  0.3154354158  0.0886423203  0.0876323879 -0.0015111500  0.0188618388  0.0123544981  0.3149696210  0.0966653017 -0.0154663441  0.0010519675  0.0120055974  0.3154268762 -0.0156444244  0.0178397937 -0.0001306438  0.0927248009  0.0020288448  0.0019347747  0.0881745213 -0.0038752561  0.0875214228
  0.6000000000  0.6666666667  0.6666666667  0.3333333333  1.0000000000  0.6666666667  0.3010226140  0.0957827023  0.0985302481 -0.0029201618  0.0098259584  0.0054488149  0.3000361769  0.0888905521 -0.0119811957  0.0013697881  0.0059849890  0.2813668220 -0.0071403408  0.0055044047 -0.0020136732  0.0861517393 -0.0041264259  0.0013655682  0.0934727906 -0.0027356531  0.0973195543
  0.6000000000  0.6666666667  0.6666666667  0.3333333333  1.0000000000  1.0000000000  0.3159273295  0.0727746661  0.0877296513  0.0010054056  0.0056264095  0.0010519877  0.2802157036  0.0836555820 -0.0001047803 -0.0005026493  0.0009362473  0.3073788770  0.0005617255  0.0048321515  0.0000167296  0.0809183017  0.0003441973 -0.0003487434  0.0977050912 -0.0007886545  0.0710296401
  0.6000000000  0.6666666667  0.6666666667  0.6666666667  0.0000000000  0.0000000000  0.4344936007  0.0290327932  0.1342807845 -0.0063439144  0.0132250944 -0.0121631514  0.1026634351  0.0292221226 -0.0071096571  0.0064380656 -0.0147928481  0.4572453362 -0.0061349414  0.0122007735 -0.0072314753  0.0286089670 -0.0049446575  0.0121593934  0.1616222871 -0.0046665684  0.0302751418
  0.6000000000  0.6666666667  0.6666666667  0.6666666667  0.0000000000  0.3333333333  0.4146347796  0.0380919963  0.1253438669 -0.0008927448  0.0013438558 -0.0288011450  0.0998789294  0.0326767520  0.0026525652  0.0004814309 -0.0392300975  0.4672231946  0.0017299428  0.0013905698 -0.0144749499  0.0409189930 -0.0112463242  0.0014830536  0.1532425112 -0.0010737902  0.0423390905
  0.6000000000  0.6666666667  0.6666666667  0.6666666667  0.0000000000  0.6666666667  0.4134666550  0.0384603979  0.1255361174  0.0001587752  0.0010125959 -0.0271439260  0.1078751717  0.0352746477  0.0058717408 -0.0001540233 -0.0388843734  0.4709025821  0.0050985009  0.0012828179 -0.0141398415  0.0433326320 -0.0105638832  0.0007809661  0.1528946960 -0.0004083876  0.0409420687
  0.6000000000  0.6666666667  0.6666666667  0.6666666667  0.0000000000  1.0000000000  0.4120985625  0.0388512160  0.1247455015  0.0017824624 -0.0002095676 -0.0279918087  0.1066150360  0.0352813675  0.0058663482 -0.0009032194 -0.0396658892  0.4696862006  0.0061842386 -0.0002001481 -0.0144339465  0.0440531529 -0.0110326308 -0.0013818187  0.1520587168  0.0009721691  0.0420324079
  0.6000000000  0.6666666667  0.6666666667  0.6666666667  0.3333333333  0.0000000000  0.2556164481  0.0870310534  0.1152090196 -0.0053476066  0.0723032817  0.0280619294  0.3747282276  0.0907023054 -0.0308028231  0.0309132932  0.0305622125  0.2787278956 -0.0313248481  0.0718115167  0.0057441188  0.0911646570  0.0033162997  0.0418168097  0.1260277610 -0.0029906738  0.0912740205
  0.6000000000  0.6666666667  0.6666666667  0.6666666667  0.3333333333  0.3333333333  0.4181936978  0.0569274864  0.1267989040 -0.0004430620  0.0068654490  0.0000639764  0.2498797645  0.0544893904 -0.0021823531  0.0031654430  0.0003239418  0.4334025030 -0.0013365226  0.0070200823 -0.0002279764  0.0482322060  0.0000035565  0.0116230207  0.1470700173 -0.0003430958  0.0556599333
  0.6000000000  0.6666666667  0.6666666667  0.6666666667  0.3333333333  0.6666666667  0.4162335137  0.0528644880  0.1281007413 -0.0005876038  0.0070553051 -0.0018299267  0.2298262781  0.0521935526 -0.0009873516  0.0033076320 -0.0020550348  0.4369096678 -0.0006990271  0.0079625295 -0.0007112272  0.0492168751 -0.0003147445  0.0131058523  0.1487362191 -0.0003043530  0.0490616813
  0.6000000000  0.6666666667  0.6666666667  0.6666666667  0.3333333333  1.0000000000  0.4160201683  0.0505577584  0.1283869838  0.0002850870 -0.0070233728  0.0001700283  0.2164066156  0.0517262449  0.0013190094 -0.0033365960  0.0000122955  0.4381427017  0.0012181077 -0.0078583303 -0.0000774388  0.0495001845 -0.0000178051 -0.0128881601  0.1486256603  0.0000561681  0.0445511604
  0.6000000000  0.6666666667  0.6666666667  0.6666666667  0.6666666667  0.0000000000  0.2631900296  0.0939767673  0.1071665159 -0.0035620696  0.0724292339  0.0536390876  0.3042987477  0.0960861432 -0.0576763284  0.0115370746  0.0575038146  0.2773676183 -0.0558220635  0.0715586621  0.0033792822  0.0951791642  0.0032054083  0.0251424152  0.1181620446 -0.0037454311  0.0959225403
  0.6000000000  0.6666666667  0.6666666667  0.6666666667  0.6666666667  0.3333333333  0.2700785656  0.0825571142  0.1106967563 -0.0007436909  0.0566362586  0.0134476420  0.3497054934  0.0821036600 -0.0196865407  0.0244956996  0.0174267668  0.2667865459 -0.0172114727  0.0562952511  0.0019389045  0.0886570372 -0.0014808971  0.0357549776  0.1211958713 -0.0023676267  0.0887768983
  0.6000000000  0.6666666667  0.6666666667  0.6666666667  0.6666666667  0.6666666667  0.3663756218  0.1047052802  0.1034107158 -0.0005273910  0.0019292500 -0.0014783739  0.3626587067  0.0975482921 -0.0019732879 -0.0001673674  0.0000134095  0.3742195497 -0.0008437772  0.0016422585 -0.0008043221  0.0903347479 -0.0022471164 -0.0022826393  0.0957583263 -0.0007828806  0.0941353678
  0.6000000000  0.6666666667  0.6666666667  0.6666666667  0.6666666667  1.0000000000  0.3859683091  0.1015088637  0.1154610448  0.0004974396  0.0012528142 -0.0064781050  0.3519818578  0.0997661450  0.0004723007  0.0000373670 -0.0031212378  0.3888838024  0.0011850879  0.0013053284 -0.0036716371  0.0901065570 -0.0044868637 -0.0009937771  0.1060384432  0.0003940745  0.0919018862
  0.6000000000  0.6666666667  0.6666666667  0.6666666667  1.0000000000  0.0000000000  0.2573005287  0.0993291873  0.0987936754 -0.0007056705  0.0746717890  0.0714267906  0.2603700452  0.0998062490 -0.0737055291  0.0005947185  0.0718265066  0.2472762976 -0.0747648785  0.0740308082 -0.0010494810  0.1021253239  0.0054388338  0.0070169645  0.1008161303 -0.0080932291  0.1010737007
  0.6000000000  0.6666666667  0.6666666667  0.6666666667  1.0000000000  0.3333333333  0.3804863882  0.1104112976  0.0731377032 -0.0027930039  0.0186450999  0.0053026761  0.3608073305  0.0531750041 -0.0068754244  0.0053202382  0.0030102849  0.2281091162 -0.0097878956  0.0230046388 -0.0000125473  0.0446612417  0.0057046103  0.0028229011  0.0728406711 -0.0015932765  0.1275945405
  0.6000000000  0.6666666667  0.6666666667  0.6666666667  1.0000000000  0.6666666667  0.2977278180  0.0943424545  0.0972816515 -0.0029985104  0.0061328585  0.0062289539  0.3124365012  0.0898579262 -0.0081699467  0.0008715894  0.0071922219  0.2552537860 -0.0019714059  0.0000644795 -0.0029978752  0.0884975364 -0.0058270129 -0.0007926968  0.0924843412 -0.0025244194  0.1036452375
  0.6000000000  0.6666666667  0.6666666667  0.6666666667  1.0000000000  1.0000000000  0.3426292123  0.0974217664  0.0937783502  0.0003674827  0.0015518789 -0.0026595288  0.3419240105  0.0974135776  0.0004767685 -0.0003438121 -0.0019149299  0.3540698989  0.0016763952  0.0016732358 -0.0020622389  0.0895687483 -0.0034963143 -0.0018802949  0.0902176523  0.0006989234  0.0877683951
  0.6000000000  0.6666666667  0.6666666667  1.0000000000  0.0000000000  0.0000000000  0.3027105381  0.0591171540  0.0786910424 -0.0198250251  0.0211202120 -0.0376648819  0.1453875929  0.0716814075 -0.0532382078  0.0110691043 -0.0376510855  0.2802467776 -0.0532986724  0.0175400899 -0.0157355255  0.0750980881 -0.0159808563  0.0129996106  0.1016679374 -0.0240008024  0.0736511874
  0.6000000000  0.6666666667  0.6666666667  1.0000000000  0.0000000000  0.3333333333  0.2836460824  0.0812758757  0.0946335831 -0.0013987589  0.0007424923 -0.0632888324  0.1657552972  0.0565564472 -0.0021771828  0.0008934750 -0.0701664729  0.4074848274 -0.0020569001  0.0009855715 -0.0267885304  0.0745040719 -0.0333133346  0.0015799813  0.1178599755 -0.0008996392  0.0734588375
  0.6000000000  0.6666666667  0.6666666667  1.0000000000  0.0000000000  0.6666666667  0.2852289780  0.0804617009  0.0959716356 -0.0008544441  0.0004938910 -0.0618976128  0.1641109417  0.0574906621 -0.0012448034  0.0005375954 -0.0689108497  0.4094789896 -0.0010836085  0.0005337746 -0.0271009730  0.0746911970 -0.0334317364  0.0010413439  0.1182112842 -0.0006069169  0.0718458840
  0.6000000000  0.6666666667  0.6666666667  1.0000000000  0.0000000000  1.0000000000  0.2835270042  0.0803667764  0.0955374174 -0.0000089771 -0.0000158941 -0.0620737139  0.1664158081  0.0580053031  0.0004829328 -0.0000986524 -0.0691607813  0.4091877145  0.0005688700 -0.0000797295 -0.0272529472  0.0762319150 -0.0335662040  0.0000147291  0.1176186418  0.0000078122  0.0725568730
  0.6000000000  0.6666666667  0.6666666667  1.0000000000  0.3333333333  0.0000000000  0.2400880767  0.0885237786  0.1147637715 -0.0055716663  0.0743080369  0.0253060180  0.3867497440  0.0920653177 -0.0292954159  0.0322843890  0.0271586037  0.2642863208 -0.0303028496  0.0736597716  0.0047650697  0.0919519973  0.0021558449  0.0453916199  0.1232226718 -0.0037824359  0.0920191781
  0.6000000000  0.6666666667  0.6666666667  1.0000000000  0.3333333333  0.3333333333  0.2261012220  0.1165706413  0.0751269843 -0.0013957905  0.0012798721 -0.0565060354  0.2166531413  0.0713129796  0.0023988669  0.0024652660 -0.0555812657  0.3591189447  0.0024151187  0.0039798488 -0.0302587077  0.0861959234 -0.0448313495  0.0017701457  0.0875697262 -0.0005331921  0.1216063427
  0.6000000000  0.6666666667  0.6666666667  1.0000000000  0.3333333333  0.6666666667  0.1983973927  0.1183137178  0.0695461302  0.0008012446  0.0026869769 -0.0776431472  0.1807711708  0.0670050624  0.0038780813  0.0007833384 -0.0764773211  0.3781317810  0.0041565916  0.0043695087 -0.0378632340  0.0859350649 -0.0547880240  0.0005762373  0.0859290278  0.0001748780  0.1210557594
  0.6000000000  0.6666666667  0.6666666667  1.0000000000  0.3333333333  1.0000000000  0.1793835202  0.1173876395  0.0675230780  0.0004902502  0.0012311225 -0.0882524745  0.1606620338  0.0642397056  0.0028314276  0.0007706205 -0.0874802785  0.3814480740  0.0026346578  0.0015251546 -0.0424348252  0.0851162002 -0.0615608643  0.0002165562  0.0851769384  0.0005192823  0.1187910732
  0.6000000000  0.6666666667  0.6666666667  1.0000000000  0.6666666667  0.0000000000  0.2622155562  0.0940431123  0.1085872478 -0.0042478524  0.0715684759  0.0479684793  0.3220768700  0.0961858900 -0.0515996109  0.0153107402  0.0506205751  0.2749865398 -0.0508339356  0.0707871144  0.0033072745  0.0941576902  0.0027113755  0.0290626518  0.1181538682 -0.0042854940  0.0947396596
  0.6000000000  0.6666666667  0.6666666667  1.0000000000  0.6666666667  0.3333333333  0.2377769551  0.0870157713  0.1142410248 -0.0039736078  0.0254489097 -0.0036019857  0.2817697485  0.0691403635 -0.0024156214  0.0118548537 -0.0034843451  0.2237853024 -0.0040188617  0.0260539649 -0.0050411638  0.0833027934 -0.0081766356  0.0175804121  0.1059844518 -0.0028509839  0.1012860779
  0.6000000000  0.6666666667  0.6666666667  1.0000000000  0.6666666667  0.6666666667  0.3006915565  0.0959637369  0.0876807198 -0.0029186245  0.0109494076  0.0007694091  0.2973093899  0.0819847383 -0.0100974818  0.0032455464  0.0021072841  0.2604071750 -0.0028480075  0.0050011177 -0.0066282804  0.0837846876 -0.0096610157  0.0036196189  0.0829484834 -0.0022367121  0.1066878101
  0.6000000000  0.6666666667  0.6666666667  1.0000000000  0.6666666667  1.0000000000  0.3325341339  0.1022030048  0.0806972090  0.0002026092  0.0007182058 -0.0163324275  0.3083045103  0.0720960030  0.0012470693  0.0002781656 -0.0147053607  0.3617626676  0.0013919890  0.0012169700 -0.0100606980  0.0686152722 -0.0252525581  0.0003977457  0.0868190907 -0.0001563568  0.1049963908
  0.6000000000  0.6666666667  0.6666666667  1.0000000000  1.0000000000  0.0000000000  0.2744786904  0.1021852586  0.0979936535 -0.0024733201  0.0681535239  0.0644799073  0.2701697967  0.0998024914 -0.0687313000  0.0015408612  0.0655130380  0.2505942573 -0.0707315181  0.0685305629  0.0000774907  0.1009415542  0.0080203681  0.0055928196  0.0964564776 -0.0092028495  0.1035475315
  0.6000000000  0.6666666667  0.6666666667  1.0000000000  1.0000000000  0.3333333333  0.3896581906  0.1016023887  0.0610781581 -0.0023080697  0.0105357323  0.0082622538  0.3352490832  0.0538016204 -0.0102116622  0.0020011034  0.0064518579  0.2290365400 -0.0179652284  0.0167970359 -0.0041146814  0.0473755049  0.0084436721  0.0012145672  0.0601790503 -0.0023443781  0.1281504228
  0.6000000000  0.6666666667  0.6666666667  1.0000000000  1.0000000000  0.6666666667  0.3165644948  0.1021245714  0.0901879869 -0.0030394941  0.0081908953 -0.0004312900  0.3125309486  0.0876151993 -0.0121444327  0.0014964940 -0.0003521728  0.2744044979 -0.0074275785  0.0058580328 -0.0060280551  0.0822131758 -0.0075563750  0.0015032681  0.0841259700 -0.0019486752  0.1084272690
  0.6000000000  0.6666666667  0.6666666667  1.0000000000  1.0000000000  1.0000000000  0.3261871097  0.0893475271  0.0744956367 -0.0011142195  0.0016905594  0.0070874856  0.3088411285  0.0807558284  0.0003224510  0.0003556539  0.0062766090  0.2727285901  0.0006600986  0.0009457649 -0.0006621518  0.0777458416 -0.0006859192 -0.0004330369  0.0718736073 -0.0004904721  0.0997915871
  0.6000000000  0.6666666667  1.0000000000  0.0000000000  0.0000000000  0.0000000000  0.1703693655  0.0695676415  0.1148580128  0.0019512816  0.1009376381  0.0062721418  0.4138869613  0.0683562083  0.0012942257  0.0504465027  0.0051124267  0.1567296333  0.0011800747  0.1014265107  0.0017967583  0.0836677576  0.0021478465  0.0699296264  0.1146313776  0.0024767207  0.0858441794
  0.6000000000  0.6666666667  1.0000000000  0.0000000000  0.0000000000  0.3333333333  0.4442762837  0.0369659514  0.1257529567  0.0149802955  0.0015451578  0.0058599430  0.1100478905  0.0403629809  0.0399002733  0.0016245657  0.0055012447  0.4367642160  0.0275536390  0.0009650827  0.0028622214  0.0426321899  0.0020220703  0.0033271797  0.1521938976  0.0121273633  0.0477452108
  0.6000000000  0.6666666667  1.0000000000  0.0000000000  0.0000000000  0.6666666667  0.4153053185  0.0504018190  0.1113932074  0.0218915661  0.0016742079  0.0006226513  0.1532642533  0.0662600370  0.0567831306  0.0003883107  0.0006814996  0.3693189356  0.0482886637  0.0014273011  0.0006413352  0.0620040260  0.0006324385  0.0010184534  0.1337196971  0.0239357421  0.0637707249
  0.6000000000  0.6666666667  1.0000000000  0.0000000000  0.0000000000  1.0000000000  0.4174501758  0.0501986105  0.1129909791  0.0211345640 -0.0000000000 -0.0000000000  0.1539283232  0.0645961894  0.0554810090  0.0000000000 -0.0000000000  0.3746045448  0.0457021625 -0.0000000000 -0.0000000000  0.0600873238 -0.0000000000 -0.0000000000  0.1349572664  0.0230527666  0.0636027394
  0.6000000000  0.6666666667  1.0000000000  0.0000000000  0.3333333333  0.0000000000  0.2191760944  0.0842609190  0.1123408501 -0.0042188671  0.0841173106  0.0280678041  0.3907290315  0.0876872152 -0.0265351280  0.0364122035  0.0286068824  0.2368772637 -0.0278586483  0.0833683143  0.0062342415  0.0920535108  0.0038321205  0.0494490311  0.1211646449 -0.0021551217  0.0915262051
  0.6000000000  0.6666666667  1.0000000000  0.0000000000  0.3333333333  0.3333333333  0.4300741818  0.0602836603  0.1194174892  0.0147265852  0.0017631898  0.0090637020  0.1800441108  0.0572608792  0.0376080624  0.0011001093  0.0096920411  0.3983045147  0.0299793978  0.0015876768  0.0025252509  0.0482489837  0.0016174731  0.0009189029  0.1404022542  0.0138619716  0.0676020135
  0.6000000000  0.6666666667  1.0000000000  0.0000000000  0.3333333333  0.6666666667  0.4171369814  0.0589798587  0.1136803446  0.0196487766  0.0001713410  0.0056063608  0.1844924138  0.0678210978  0.0500517670  0.0002738081  0.0058362384  0.3706648401  0.0415186841  0.0009844864  0.0007899458  0.0573258993  0.0001661820  0.0002189253  0.1339742793  0.0212353584  0.0703786624
  0.6000000000  0.6666666667  1.0000000000  0.0000000000  0.3333333333  1.0000000000  0.4138071712  0.0573662337  0.1112238628  0.0210744669 -0.0000000000 -0.0000000000  0.1767469477  0.0696132210  0.0531685372  0.0000000000 -0.0000000000  0.3627534269  0.0457607075 -0.0000000000  0.0000000000  0.0615425513 -0.0000000000 -0.0000000000  0.1319929331  0.0235317095  0.0687739161
  0.6000000000  0.6666666667  1.0000000000  0.0000000000  0.6666666667  0.0000000000  0.2399874665  0.0902096872  0.1071692285 -0.0037390049  0.0783938562  0.0471408363  0.3312738598  0.0936506896 -0.0491592095  0.0195924317  0.0514762685  0.2597678488 -0.0475235384  0.0786757993  0.0057295803  0.0960201004  0.0044510073  0.0323943511  0.1182777643 -0.0020143882  0.0967328472
  0.6000000000  0.6666666667  1.0000000000  0.0000000000  0.6666666667  0.3333333333  0.3774976956  0.0790418961  0.1042238661  0.0145828385  0.0084890662  0.0114248268  0.2142477861  0.0840777310  0.0319134602 -0.0007875640  0.0092237662  0.3337682619  0.0309698199  0.0087346831  0.0028921098  0.0692894960  0.0023690278  0.0025658551  0.1211284374  0.0172792546  0.0814821143
  0.6000000000  0.6666666667  1.0000000000  0.0000000000  0.6666666667  0.6666666667  0.3976754913  0.0638697590  0.1063802857  0.0207272563  0.0016228724  0.0019654980  0.2161722213  0.0802269746  0.0497985631 -0.0002225024  0.0009426986  0.3401911167  0.0459243651  0.0014358226  0.0005437383  0.0666955445  0.0003770958  0.0008414896  0.1248754292  0.0239181043  0.0773886464
  0.6000000000  0.6666666667  1.0000000000  0.0000000000  0.6666666667  1.0000000000  0.3331271408  0.0483646296  0.0900654782  0.0197254013 -0.0000000000 -0.0000000000  0.1761843308  0.0842919285  0.0523846367  0.0000000000 -0.0000000000  0.3155396698  0.0483600137 -0.0000000000 -0.0000000000  0.0757395601 -0.0000000000 -0.0000000000  0.1160330147  0.0257265242  0.0669635437
  0.6000000000  0.6666666667  1.0000000000  0.0000000000  1.0000000000  0.0000000000  0.2417685432  0.0905245361  0.1073085713 -0.0034489625  0.0775891570  0.0476796542  0.3296756399  0.0942157575 -0.0498359307  0.0187961713  0.0519419395  0.2626699319 -0.0484802730  0.0779043500  0.0053155431  0.0959771544  0.0044381375  0.0317967173  0.1182984213 -0.0020249423  0.0965755600
  0.6000000000  0.6666666667  1.0000000000  0.0000000000  1.0000000000  0.3333333333  0.3975100353  0.0553116963  0.1240681470 -0.0007958666  0.0077324835  0.0076374339  0.2474803616  0.0583081910 -0.0104600232  0.0035680513  0.0135771785  0.4225100608 -0.0049704456  0.0092822547  0.0024726113  0.0591175262  0.0018192965  0.0143568591  0.1432358340 -0.0005988833  0.0477055772
  0.6000000000  0.6666666667  1.0000000000  0.0000000000  1.0000000000  0.6666666667  0.3801919350  0.0666031893  0.1049095515  0.0191079583 -0.0016110033  0.0089477922  0.2151047032  0.0850463596  0.0441328922 -0.0019999002  0.0068256364  0.3313001549  0.0414905279  0.0014761329  0.0015200893  0.0703451672 -0.0002006332 -0.0000673777  0.1211547786  0.0228945095  0.0787556700
  0.6000000000  0.6666666667  1.0000000000  0.0000000000  1.0000000000  1.0000000000  0.3194610885  0.0585359798  0.0895312799  0.0164109079 -0.0000000000 -0.0000000000  0.2134167315  0.0927332581  0.0396692993  0.0000000000 -0.0000000000  0.2926880867  0.0387793461 -0.0000000000  0.0000000000  0.0834167799 -0.0000000000 -0.0000000000  0.1076995258  0.0223382609  0.0718564773
  0.6000000000  0.6666666667  1.0000000000  0.3333333333  0.0000000000  0.0000000000  0.4724179535  0.0000000038  0.1377929270 -0.0000000000  0.0091357924  0.0000000000  0.0000000121  0.0000000038 -0.0000000000  0.0000000003  0.0000000000  0.4955751323 -0.0000000000  0.0085061405  0.0000000000  0.0000000035  0.0000000000 -0.0000000000  0.1763740153 -0.0000000000  0.0000000035
  0.6000000000  0.6666666667  1.0000000000  0.3333333333  0.0000000000  0.3333333333  0.4846113471  0.0000000039  0.1392707072 -0.0000000000  0.0058578542  0.0000000001  0.0000000120  0.0000000040 -0.0000000000  0.0000000003  0.0000000000  0.5007978139 -0.0000000001  0.0065624686  0.0000000000  0.0000000035  0.0000000000 -0.0000000000  0.1769848543 -0.0000000000  0.0000000035
  0.6000000000  0.6666666667  1.0000000000  0.3333333333  0.0000000000  0.6666666667  0.4861704125  0.0000000038  0.1395355334  0.0000000000  0.0042667871  0.0000000000  0.0000000118  0.0000000039  0.0000000000  0.0000000003 -0.0000000000  0.5050506289  0.0000000000  0.0046755224  0.0000000000  0.0000000034 -0.0000000000 -0.0000000000  0.1770988113  0.0000000000  0.0000000034
  0.6000000000  0.6666666667  1.0000000000  0.3333333333  0.0000000000  1.0000000000  0.4906642162  0.0000000038  0.1391589640  0.0000000000  0.0011704335  0.0000000000  0.0000000116  0.0000000039  0.0000000000  0.0000000001 -0.0000000000  0.5089269238 -0.0000000000  0.0011969413  0.0000000000  0.0000000034  0.0000000000 -0.0000000000  0.1764505252 -0.0000000000  0.0000000034
  0.6000000000  0.6666666667  1.0000000000  0.3333333333  0.3333333333  0.0000000000  0.2872917230  0.0845003652  0.1244831665 -0.0043005680  0.0618445752  0.0246738457  0.3588101547  0.0873657303 -0.0271828455  0.0289288179  0.0286211738  0.3138581405 -0.0247739528  0.0608172154  0.0054991297  0.0865944952  0.0021625865  0.0407357785  0.1339423178 -0.0017460483  0.0879899022
  0.6000000000  0.6666666667  1.0000000000  0.3333333333  0.3333333333  0.3333333333  0.4762069863  0.0562322575  0.1354303536  0.0044774520 -0.0020530246  0.0004006408  0.1913300041  0.0468939767  0.0093432087 -0.0014589405 -0.0007080951  0.4534750492  0.0088633349 -0.0009609909 -0.0010653498  0.0326743667 -0.0006367872 -0.0023955084  0.1562593915  0.0039785418  0.0572640285
  0.6000000000  0.6666666667  1.0000000000  0.3333333333  0.3333333333  0.6666666667  0.4553572525  0.0482629976  0.1364126869  0.0019614441 -0.0018747026 -0.0015844644  0.1833227890  0.0466839888  0.0037126103 -0.0017964693 -0.0008203216  0.4765214136  0.0046057239 -0.0026493034 -0.0010836333  0.0397884829 -0.0008733002 -0.0047069087  0.1590124205  0.0017103397  0.0394074262
  0.6000000000  0.6666666667  1.0000000000  0.3333333333  0.3333333333  1.0000000000  0.4310010679  0.0419428139  0.1341469525  0.0032372683 -0.0010403244 -0.0091534339  0.1666680385  0.0494928613  0.0068387657 -0.0009927024 -0.0113379698  0.4961246065  0.0065591305 -0.0010803498 -0.0058072785  0.0481934025 -0.0041592055 -0.0034438762  0.1579155479  0.0022542505  0.0359656656
  0.6000000000  0.6666666667  1.0000000000  0.3333333333  0.6666666667  0.0000000000  0.2606801472  0.0913765639  0.1105262956 -0.0044637369  0.0714815908  0.0461617392  0.3240944353  0.0938946552 -0.0497787575  0.0176549116  0.0513207973  0.2841084411 -0.0472233975  0.0717899150  0.0059698134  0.0943646866  0.0043545535  0.0304748762  0.1211373601 -0.0023835779  0.0955077615
  0.6000000000  0.6666666667  1.0000000000  0.3333333333  0.6666666667  0.3333333333  0.4466151471  0.0534156020  0.1359298683  0.0014289933 -0.0017938995 -0.0004787971  0.2109159436  0.0536841214  0.0024727822 -0.0018095467  0.0003695046  0.4704071137  0.0026189788 -0.0027636055 -0.0009565755  0.0479258504 -0.0011396376 -0.0040284886  0.1563416320  0.0013358287  0.0422777403
  0.6000000000  0.6666666667  1.0000000000  0.3333333333  0.6666666667  0.6666666667  0.4221483753  0.0552954919  0.1345281001  0.0004434461 -0.0008825401 -0.0033890495  0.2355284372  0.0684258981  0.0001040214 -0.0023720578 -0.0040331389  0.4912251182  0.0008906663 -0.0039453819 -0.0023288432  0.0699863767 -0.0021041689 -0.0064573548  0.1526122236  0.0002765742  0.0360324700
  0.6000000000  0.6666666667  1.0000000000  0.3333333333  0.6666666667  1.0000000000  0.4433470520  0.0514605856  0.1357614275  0.0014829158  0.0016236137 -0.0029038109  0.2076697073  0.0530982339  0.0029018205  0.0013666389 -0.0034945797  0.4717881280  0.0030683547  0.0033836784 -0.0004071440  0.0484145598 -0.0000573301  0.0031622576  0.1567675193  0.0013632253  0.0398610066
  0.6000000000  0.6666666667  1.0000000000  0.3333333333  1.0000000000  0.0000000000  0.2472069636  0.0896797354  0.1084476767 -0.0045992890  0.0762058524  0.0437820024  0.3382638475  0.0927199564 -0.0472930480  0.0207354254  0.0476617867  0.2692166698 -0.0457132163  0.0761549675  0.0055564720  0.0948204616  0.0038995251  0.0327234103  0.1201142611 -0.0026465548  0.0957627156
  0.6000000000  0.6666666667  1.0000000000  0.3333333333  1.0000000000  0.3333333333  0.4216935056  0.0554846365  0.1334368453 -0.0015014501 -0.0015940595  0.0042215813  0.2416323081  0.0612993615 -0.0046582122 -0.0017556102  0.0035014401  0.4604581044 -0.0029098171 -0.0043584172  0.0019279073  0.0599410113  0.0012945930 -0.0068239951  0.1527092038 -0.0007148724  0.0413513861
  0.6000000000  0.6666666667  1.0000000000  0.3333333333  1.0000000000  0.6666666667  0.4215151231  0.0578224371  0.1348700727  0.0000037431 -0.0010772209 -0.0000808229  0.2504342561  0.0691753959 -0.0000310849 -0.0026338981 -0.0001072949  0.4852298821 -0.0000369108 -0.0055099110 -0.0000462521  0.0735079956 -0.0000452799 -0.0067681946  0.1529203990  0.0000044245  0.0374798480
  0.6000000000  0.6666666667  1.0000000000  0.3333333333  1.0000000000  1.0000000000  0.4404921744  0.0621441534  0.1274662617  0.0022395023 -0.0052692007  0.0011811715  0.2397516140  0.0533324950  0.0064988674 -0.0026091945  0.0017815263  0.4299533663  0.0046731239 -0.0005182570  0.0000245298  0.0409680321 -0.0000417560 -0.0078054963  0.1486845751  0.0021050625  0.0648162694
  0.6000000000  0.6666666667  1.0000000000  0.6666666667  0.0000000000  0.0000000000  0.4723903339  0.0000000038  0.1377923515 -0.0000000000  0.0091345692  0.0000000000  0.0000000121  0.0000000038 -0.0000000000  0.0000000003  0.0000000000  0.4955896797 -0.0000000000  0.0085061640  0.0000000000  0.0000000035  0.0000000000 -0.0000000000  0.1763648762 -0.0000000000  0.0000000035
  0.6000000000  0.6666666667  1.0000000000  0.6666666667  0.0000000000  0.3333333333  0.4840171825  0.0000000038  0.1393501421 -0.0000000000  0.0054822667 -0.0000000000  0.0000000119  0.0000000039  0.0000000000  0.0000000003  0.0000000000  0.5028703765  0.0000000000  0.0060235621  0.0000000000  0.0000000034  0.0000000000  0.0000000000  0.1770499992 -0.0000000000  0.0000000034
  0.6000000000  0.6666666667  1.0000000000  0.6666666667  0.0000000000  0.6666666667  0.4875226782  0.0000000038  0.1392851680 -0.0000000000  0.0024238535  0.0000000000  0.0000000118  0.0000000040 -0.0000000000  0.0000000002 -0.0000000000  0.5092584965 -0.0000000000  0.0024127224  0.0000000000  0.0000000034  0.0000000000 -0.0000000000  0.1765202827 -0.0000000000  0.0000000034
  0.6000000000  0.6666666667  1.0000000000  0.6666666667  0.0000000000  1.0000000000  0.4895736131  0.0000000038  0.1391775282  0.0000000000  0.0012138686 -0.0000000000  0.0000000116  0.0000000040  0.0000000000  0.0000000001  0.0000000000  0.5095847168  0.0000000000  0.0012266844  0.0000000000  0.0000000034 -0.0000000000 -0.0000000000  0.1764064693  0.0000000000  0.0000000034
  0.6000000000  0.6666666667  1.0000000000  0.6666666667  0.3333333333  0.0000000000  0.2892159739  0.0845411411  0.1242114125 -0.0044474750  0.0610246203  0.0253421878  0.3572734886  0.0874376504 -0.0274484785  0.0282570801  0.0292291609  0.3160709825 -0.0252771795  0.0600724340  0.0058617580  0.0861850169  0.0023252003  0.0395720887  0.1339214488 -0.0018834672  0.0878710250
  0.6000000000  0.6666666667  1.0000000000  0.6666666667  0.3333333333  0.3333333333  0.4709730045  0.0624314647  0.1366987227 -0.0020476458 -0.0031249914 -0.0022345825  0.2113170204  0.0519484943 -0.0056838695 -0.0022884506 -0.0028010622  0.4510210229 -0.0041076871 -0.0012575282 -0.0004177403  0.0359620890 -0.0000894177 -0.0043633035  0.1548908101 -0.0019139610  0.0659855438
  0.6000000000  0.6666666667  1.0000000000  0.6666666667  0.3333333333  0.6666666667  0.4796573767  0.0400977494  0.1358329910  0.0001499732 -0.0011990763 -0.0042980339  0.1236279871  0.0307092668  0.0004685519 -0.0007702267 -0.0036244368  0.4676072262  0.0004865438  0.0001820991 -0.0019187844  0.0162396428 -0.0006656507 -0.0011948317  0.1598788745  0.0001332027  0.0434245539
  0.6000000000  0.6666666667  1.0000000000  0.6666666667  0.3333333333  1.0000000000  0.4659831991  0.0399377333  0.1320633117  0.0014236234  0.0000427700 -0.0124315767  0.1260553391  0.0315913844  0.0031855321 -0.0003347462 -0.0129552530  0.4627231720  0.0028660277 -0.0000162895 -0.0055060054  0.0219123048 -0.0025320219 -0.0002246226  0.1572606417  0.0011224315  0.0431237642
  0.6000000000  0.6666666667  1.0000000000  0.6666666667  0.6666666667  0.0000000000  0.2562092827  0.0899891866  0.1097784972 -0.0047557305  0.0732850280  0.0420431084  0.3387250342  0.0927636867 -0.0452749245  0.0210778869  0.0456331415  0.2789935737 -0.0443816408  0.0734774209  0.0052335074  0.0933291631  0.0035498458  0.0325850848  0.1218915286 -0.0028642503  0.0947703854
  0.6000000000  0.6666666667  1.0000000000  0.6666666667  0.6666666667  0.3333333333  0.4738044849  0.0720676881  0.1346051126 -0.0002383100 -0.0041828575 -0.0001346874  0.2447947278  0.0564750036 -0.0005973676 -0.0024038298 -0.0001150917  0.4405207721 -0.0004209700 -0.0013023387  0.0000318205  0.0373733337  0.0000225849 -0.0065919425  0.1502594055 -0.0002150556  0.0750286222
  0.6000000000  0.6666666667  1.0000000000  0.6666666667  0.6666666667  0.6666666667  0.4733495007  0.0715238338  0.1349237762  0.0013585356 -0.0045113211  0.0001221220  0.2427801469  0.0565455021  0.0033693360 -0.0026925939  0.0004538170  0.4414485397  0.0022544770 -0.0014270554 -0.0002871099  0.0378175326 -0.0001200319 -0.0068549329  0.1505987911  0.0010225144  0.0738710798
  0.6000000000  0.6666666667  1.0000000000  0.6666666667  0.6666666667  1.0000000000  0.3986635181  0.0429777262  0.1239497955  0.0005918944 -0.0003942985 -0.0116578997  0.2019431035  0.0586269283  0.0008937386 -0.0006609415 -0.0166515440  0.4798804971  0.0007336370 -0.0009292573 -0.0077129244  0.0636059514 -0.0062805224 -0.0018813456  0.1479497926  0.0002877739  0.0380510880
  0.6000000000  0.6666666667  1.0000000000  0.6666666667  1.0000000000  0.0000000000  0.2552213708  0.0905490214  0.1092423635 -0.0047948197  0.0734807717  0.0439267121  0.3344649761  0.0934821804 -0.0485048103  0.0194326757  0.0486085008  0.2767609298 -0.0467229252  0.0735999545  0.0052723624  0.0943657117  0.0035595819  0.0314424143  0.1203164164 -0.0026366691  0.0955705788
  0.6000000000  0.6666666667  1.0000000000  0.6666666667  1.0000000000  0.3333333333  0.4579598129  0.0675011163  0.1345709156 -0.0007857501 -0.0052352319  0.0004494246  0.2341496209  0.0554990396 -0.0022381349 -0.0033878633  0.0014377688  0.4456456616 -0.0028039252 -0.0021729362  0.0005720329  0.0409303077 -0.0002199788 -0.0081417495  0.1506770029 -0.0008529827  0.0644798622
  0.6000000000  0.6666666667  1.0000000000  0.6666666667  1.0000000000  0.6666666667  0.4581113101  0.0639630482  0.1353122691  0.0023268804 -0.0056470904  0.0000574106  0.2207002268  0.0535220761  0.0052066903 -0.0037254728  0.0013582024  0.4531925303  0.0034923275 -0.0029168052 -0.0005604896  0.0406620582 -0.0011691813 -0.0082518409  0.1523026596  0.0022235670  0.0593659178
  0.6000000000  0.6666666667  1.0000000000  0.6666666667  1.0000000000  1.0000000000  0.4287825799  0.0548263095  0.1252363999 -0.0004814364  0.0068926406 -0.0005537051  0.2174206186  0.0453119177 -0.0009032242  0.0023904199 -0.0003605375  0.4310621157 -0.0010411645  0.0049655489 -0.0005196051  0.0336062961 -0.0003667158  0.0077117569  0.1472231199 -0.0004206967  0.0636833786
  0.6000000000  0.6666666667  1.0000000000  1.0000000000  0.0000000000  0.0000000000  0.4048499737  0.0315764018  0.1217942373 -0.0134386233  0.0063232093 -0.0153849692  0.1195614628  0.0410258360 -0.0348488458  0.0059873713 -0.0171368666  0.4385835268 -0.0293592388  0.0060482755 -0.0101831508  0.0485087544 -0.0077021835  0.0125273406  0.1489181580 -0.0093881427  0.0384895234
  0.6000000000  0.6666666667  1.0000000000  1.0000000000  0.0000000000  0.3333333333  0.4062006683  0.0385674619  0.1237594801 -0.0044758863  0.0015206812 -0.0252116872  0.1206539714  0.0395412633 -0.0118017547  0.0024237998 -0.0377091218  0.4671114890 -0.0109971481  0.0014818951 -0.0141473374  0.0483000292 -0.0107006357  0.0041814361  0.1500214216 -0.0025908329  0.0420033673
  0.6000000000  0.6666666667  1.0000000000  1.0000000000  0.0000000000  0.6666666667  0.4098769039  0.0391034171  0.1244234570 -0.0018264906  0.0002936974 -0.0271854883  0.1126591124  0.0367663014 -0.0063949841  0.0008979080 -0.0395556549  0.4707038058 -0.0067806214  0.0002478866 -0.0144290970  0.0457812661 -0.0109971564  0.0012929059  0.1513827299 -0.0009834470  0.0422309864
  0.6000000000  0.6666666667  1.0000000000  1.0000000000  0.0000000000  1.0000000000  0.3935465172  0.0456115955  0.1209233796  0.0001027514 -0.0007162202 -0.0344711826  0.1132782581  0.0384763540 -0.0040150991  0.0000887165 -0.0466191047  0.4517937201 -0.0043348193 -0.0012883460 -0.0168082237  0.0496572803 -0.0151803505 -0.0008522777  0.1452530983  0.0003773248  0.0496678920
  0.6000000000  0.6666666667  1.0000000000  1.0000000000  0.3333333333  0.0000000000  0.2176220129  0.0664256783  0.1001869939 -0.0027653497  0.0689715217  0.0204573655  0.2874830158  0.0823420820 -0.0367997725  0.0192760597  0.0242332864  0.2728472262 -0.0405809091  0.0740231723 -0.0035033308  0.0864260132 -0.0019037563  0.0356022679  0.1087855235 -0.0053228571  0.0818315041
  0.6000000000  0.6666666667  1.0000000000  1.0000000000  0.3333333333  0.3333333333  0.3589005362  0.0538945251  0.1137858168 -0.0030908268  0.0004120907 -0.0301036880  0.1890838516  0.0622584925 -0.0103396737  0.0016091755 -0.0394443938  0.4514808626 -0.0082020134  0.0007439700 -0.0154246770  0.0709969958 -0.0145765783  0.0019333251  0.1353225490 -0.0017680359  0.0471203248
  0.6000000000  0.6666666667  1.0000000000  1.0000000000  0.3333333333  0.6666666667  0.3362489296  0.0669417931  0.1079114376 -0.0011263391 -0.0006746900 -0.0446780387  0.1783521779  0.0592755082 -0.0074613477  0.0005561632 -0.0531966318  0.4272908070 -0.0091162129 -0.0010275670 -0.0202618167  0.0728782605 -0.0229170011  0.0004029871  0.1287571603 -0.0006496336  0.0600662008
  0.6000000000  0.6666666667  1.0000000000  1.0000000000  0.3333333333  1.0000000000  0.2882974033  0.0833194434  0.0983043886 -0.0004607769 -0.0029320076 -0.0483851039  0.1793068205  0.0634252560 -0.0003723439 -0.0014106465 -0.0492867503  0.4250099555 -0.0005825289 -0.0018333274 -0.0289982581  0.0708139260 -0.0325945966 -0.0019688254  0.1097149710  0.0001689816  0.0943037259
  0.6000000000  0.6666666667  1.0000000000  1.0000000000  0.6666666667  0.0000000000  0.2480509063  0.0900908933  0.1100726395 -0.0045716869  0.0725569764  0.0405299415  0.3389372932  0.0940968669 -0.0460374312  0.0204699318  0.0448721188  0.2723595002 -0.0452191649  0.0729073181  0.0040297355  0.0938963516  0.0034843397  0.0347523939  0.1190153270 -0.0028396651  0.0945327482
  0.6000000000  0.6666666667  1.0000000000  1.0000000000  0.6666666667  0.3333333333  0.4052204303  0.0543912573  0.1250455144 -0.0025836347  0.0080001687  0.0064764864  0.2340429476  0.0541454258 -0.0148248533  0.0038559708  0.0110516310  0.4240530165 -0.0081248165  0.0082600641  0.0005882256  0.0506135935  0.0002148984  0.0138259339  0.1446302432 -0.0012206113  0.0527761653
  0.6000000000  0.6666666667  1.0000000000  1.0000000000  0.6666666667  0.6666666667  0.3287118391  0.0986329631  0.0952472849  0.0000666735 -0.0002266504 -0.0380298913  0.2367563090  0.0700880604 -0.0001280000  0.0002086289 -0.0363313244  0.3732168716 -0.0006491308  0.0001620525 -0.0225666143  0.0670924806 -0.0285260289  0.0001884355  0.0991333800 -0.0002373315  0.1074336205
  0.6000000000  0.6666666667  1.0000000000  1.0000000000  0.6666666667  1.0000000000  0.3101129414  0.0906400364  0.0976334825  0.0008152601 -0.0015804258 -0.0435972758  0.2043480144  0.0662664007  0.0026251828  0.0002050680 -0.0446623523  0.4088880823  0.0006102267 -0.0006267039 -0.0269335182  0.0704504568 -0.0310597965 -0.0004887149  0.1062152123  0.0009004238  0.1010496103
  0.6000000000  0.6666666667  1.0000000000  1.0000000000  1.0000000000  0.0000000000  0.2542817824  0.0910288489  0.1088419259 -0.0044857083  0.0722734341  0.0446127207  0.3322831662  0.0941933666 -0.0492634569  0.0181379680  0.0495795113  0.2762891824 -0.0478882502  0.0724818282  0.0048842531  0.0944396325  0.0038438142  0.0309548700  0.1190557225 -0.0025029276  0.0955823667
  0.6000000000  0.6666666667  1.0000000000  1.0000000000  1.0000000000  0.3333333333  0.2502143705  0.0752757242  0.1048864980 -0.0016192558  0.0487923871  0.0167840400  0.2935083318  0.0828608558 -0.0286949138  0.0172049838  0.0235000988  0.3088650417 -0.0271699400  0.0522980145 -0.0006503922  0.0866652911 -0.0050490403  0.0286635043  0.1107233098 -0.0014144602  0.0879854915
  0.6000000000  0.6666666667  1.0000000000  1.0000000000  1.0000000000  0.6666666667  0.3597365841  0.0966857411  0.1012730354  0.0001717319  0.0025769351  0.0017941568  0.3517826405  0.0888182904 -0.0034280845  0.0006272114  0.0029038133  0.3575906591 -0.0024995001  0.0020030572 -0.0005728678  0.0855350490 -0.0013789011  0.0016375263  0.0933660438 -0.0004346526  0.0902490960
  0.6000000000  0.6666666667  1.0000000000  1.0000000000  1.0000000000  1.0000000000  0.3670314021  0.0958321587  0.1133999609  0.0003279491 -0.0027332570 -0.0035219201  0.3397011096  0.0927500087 -0.0008321399 -0.0013888689 -0.0004042867  0.3661531947 -0.0015048217 -0.0025091830 -0.0024476810  0.0852757625 -0.0040122664 -0.0008481998  0.1029260949  0.0002195190  0.0875274590
