  0.4000000000  0.3333333333  0.0000000000  0.0000000000  0.0000000000  0.0000000000  0.3069045011  0.0753201637  0.0000000011 -0.0000000000 -0.0000000000 -0.0000000000  0.2613393716  0.0000000010 -0.0000000000  0.0000000000 -0.0000000000  0.0000000037 -0.0000000000 -0.0000000000  0.0000000000  0.0000000011 -0.0000000000 -0.0000000000  0.0000000011 -0.0000000000  0.0958869550
  0.4000000000  0.3333333333  0.0000000000  0.0000000000  0.0000000000  0.3333333333  0.2854899709  0.0000000011  0.0761864402 -0.0000000000 -0.0000000000 -0.0000000000  0.0000000036  0.0000000010 -0.0000000000 -0.0000000000 -0.0000000000  0.2861915970 -0.0000000000 -0.0000000000  0.0000000000  0.0000000011 -0.0000000000 -0.0000000000  0.0979300660 -0.0000000000  0.0000000011
  0.4000000000  0.3333333333  0.0000000000  0.0000000000  0.0000000000  0.6666666667  0.2828934098  0.0000000011  0.0774086067 -0.0000000000 -0.0000000000 -0.0000000000  0.0000000036  0.0000000011 -0.0000000000  0.0000000000 -0.0000000000  0.2913752012 -0.0000000000 -0.0000000000  0.0000000000  0.0000000011 -0.0000000000 -0.0000000000  0.0991165908 -0.0000000000  0.0000000011
  0.4000000000  0.3333333333  0.0000000000  0.0000000000  0.0000000000  1.0000000000  0.2786052777  0.0000000011  0.0781321988 -0.0000000000 -0.0000000000 -0.0000000000  0.0000000036  0.0000000011 -0.0000000000 -0.0000000000 -0.0000000000  0.2961783913  0.0000000000 -0.0000000000  0.0000000000  0.0000000011 -0.0000000000 -0.0000000000  0.0992857873  0.0000000000  0.0000000011
  0.4000000000  0.3333333333  0.0000000000  0.0000000000  0.3333333333  0.0000000000  0.3052303188  0.0766992786  0.0000000011 -0.0000000000 -0.0000000000 -0.0000000000  0.2663134012  0.0000000011 -0.0000000000 -0.0000000000 -0.0000000000  0.0000000036 -0.0000000000 -0.0000000000  0.0000000000  0.0000000011 -0.0000000000 -0.0000000000  0.0000000011  0.0000000000  0.0973478833
  0.4000000000  0.3333333333  0.0000000000  0.0000000000  0.3333333333  0.3333333333  0.3044857645  0.0773035257  0.0000000011 -0.0000000000 -0.0000000000 -0.0000000000  0.2703467070  0.0000000010 -0.0000000000  0.0000000000 -0.0000000000  0.0000000036 -0.0000000000 -0.0000000000  0.0000000000  0.0000000011 -0.0000000000 -0.0000000000  0.0000000011 -0.0000000000  0.0980448088
  0.4000000000  0.3333333333  0.0000000000  0.0000000000  0.3333333333  0.6666666667  0.2821619630  0.0000000011  0.0776071451  0.0000000000 -0.0000000000 -0.0000000000  0.0000000036  0.0000000011  0.0000000000 -0.0000000000 -0.0000000000  0.2929243725  0.0000000000 -0.0000000000 -0.0000000000  0.0000000011 -0.0000000000 -0.0000000000  0.0995623205  0.0000000000  0.0000000011
  0.4000000000  0.3333333333  0.0000000000  0.0000000000  0.3333333333  1.0000000000  0.2785921028  0.0000000011  0.0781336669 -0.0000000000 -0.0000000000 -0.0000000000  0.0000000036  0.0000000011 -0.0000000000 -0.0000000000 -0.0000000000  0.2962488309 -0.0000000000 -0.0000000000 -0.0000000000  0.0000000011 -0.0000000000 -0.0000000000  0.0992919485 -0.0000000000  0.0000000011
  0.4000000000  0.3333333333  0.0000000000  0.0000000000  0.6666666667  0.0000000000  0.3040247174  0.0773852039  0.0000000011  0.0000000000 -0.0000000000 -0.0000000000  0.2700265669  0.0000000011 -0.0000000000  0.0000000000 -0.0000000000  0.0000000036 -0.0000000000 -0.0000000000  0.0000000000  0.0000000011 -0.0000000000 -0.0000000000  0.0000000011  0.0000000000  0.0981132451
  0.4000000000  0.3333333333  0.0000000000  0.0000000000  0.6666666667  0.3333333333  0.3038151642  0.0774843878  0.0000000011 -0.0000000000 -0.0000000000 -0.0000000000  0.2710220450  0.0000000011 -0.0000000000  0.0000000000 -0.0000000000  0.0000000036 -0.0000000000 -0.0000000000 -0.0000000000  0.0000000011 -0.0000000000 -0.0000000000  0.0000000011  0.0000000000  0.0982679359
  0.4000000000  0.3333333333  0.0000000000  0.0000000000  0.6666666667  0.6666666667  0.3032742532  0.0775934788  0.0000000011 -0.0000000000 -0.0000000000 -0.0000000000  0.2726442825  0.0000000011 -0.0000000000 -0.0000000000 -0.0000000000  0.0000000036 -0.0000000000 -0.0000000000  0.0000000000  0.0000000011 -0.0000000000 -0.0000000000  0.0000000011 -0.0000000000  0.0984234258
  0.4000000000  0.3333333333  0.0000000000  0.0000000000  0.6666666667  1.0000000000  0.1535621237  0.0164949514  0.0482922370  0.0000174661 -0.0000000000 -0.0000000000  0.1628205149  0.0458144376  0.0000434230 -0.0000000000 -0.0000000000  0.2576001148  0.0000571088 -0.0000000000 -0.0000000000  0.0538961891 -0.0000000000 -0.0000000000  0.0569466317 -0.0000064965  0.0084919026
  0.4000000000  0.3333333333  0.0000000000  0.0000000000  1.0000000000  0.0000000000  0.2989659270  0.0780861277  0.0000000011 -0.0000000000 -0.0000000000 -0.0000000000  0.2763767356  0.0000000011 -0.0000000000 -0.0000000000 -0.0000000000  0.0000000036 -0.0000000000 -0.0000000000 -0.0000000000  0.0000000011 -0.0000000000 -0.0000000000  0.0000000011 -0.0000000000  0.0991297453
  0.4000000000  0.3333333333  0.0000000000  0.0000000000  1.0000000000  0.3333333333  0.2990106040  0.0780908784  0.0000000011  0.0000000000 -0.0000000000 -0.0000000000  0.2764075546  0.0000000011  0.0000000000  0.0000000000 -0.0000000000  0.0000000036 -0.0000000000 -0.0000000000 -0.0000000000  0.0000000011 -0.0000000000 -0.0000000000  0.0000000011  0.0000000000  0.0991372499
  0.4000000000  0.3333333333  0.0000000000  0.0000000000  1.0000000000  0.6666666667  0.2996431545  0.0780649115  0.0000000011  0.0000000000 -0.0000000000 -0.0000000000  0.2764457659  0.0000000011  0.0000000000 -0.0000000000 -0.0000000000  0.0000000036  0.0000000000 -0.0000000000  0.0000000000  0.0000000011 -0.0000000000 -0.0000000000  0.0000000011  0.0000000000  0.0991019540
  0.4000000000  0.3333333333  0.0000000000  0.0000000000  1.0000000000  1.0000000000  0.0000000036  0.0000000011  0.0000000011 -0.0000000000 -0.0000000000 -0.0000000000  0.2995983078  0.0780468593 -0.0004476186  0.0000000000 -0.0000000000  0.2759278015 -0.0002773476 -0.0000000000 -0.0000000000  0.0990656666 -0.0000000000 -0.0000000000  0.0000000011  0.0000000000  0.0000000011
  0.4000000000  0.3333333333  0.0000000000  0.3333333333  0.0000000000  0.0000000000  0.3095075580  0.0739834770  0.0000000011  0.0000000000 -0.0000000000 -0.0000311350  0.2568232435  0.0000000010  0.0000000001 -0.0000000000 -0.0000460297  0.0000000036 -0.0000000000 -0.0000000000 -0.0000000000  0.0000000011 -0.0000000000 -0.0000000000  0.0000000011  0.0000000000  0.0960468526
  0.4000000000  0.3333333333  0.0000000000  0.3333333333  0.0000000000  0.3333333333  0.2854131585  0.0000000011  0.0762518910  0.0000000000  0.0000096720  0.0000000000  0.0000000036  0.0000000010 -0.0000000000  0.0000000000 -0.0000000000  0.2864881760  0.0000000000  0.0000096138  0.0000000000  0.0000000011  0.0000000000 -0.0000000000  0.0979969479  0.0000000000  0.0000000011
  0.4000000000  0.3333333333  0.0000000000  0.3333333333  0.0000000000  0.6666666667  0.2821443775  0.0000000011  0.0775727790 -0.0000000000  0.0007725968  0.0000000000  0.0000000036  0.0000000011 -0.0000000000  0.0000000000 -0.0000000000  0.2927377229 -0.0000000000  0.0008166525  0.0000000000  0.0000000011  0.0000000000  0.0000000000  0.0994893174 -0.0000000000  0.0000000011
  0.4000000000  0.3333333333  0.0000000000  0.3333333333  0.0000000000  1.0000000000  0.2765721271  0.0000000011  0.0781037948 -0.0000000000  0.0002372274  0.0000000000  0.0000000036  0.0000000011 -0.0000000000  0.0000000000 -0.0000000000  0.2990064272  0.0000000000  0.0003156190  0.0000000000  0.0000000011  0.0000000000 -0.0000000000  0.0991589593 -0.0000000000  0.0000000011
  0.4000000000  0.3333333333  0.0000000000  0.3333333333  0.3333333333  0.0000000000  0.3044567335  0.0773114406  0.0000000011  0.0000000000 -0.0000000000 -0.0015619277  0.2690490915  0.0000000011  0.0000000000 -0.0000000000 -0.0014094168  0.0000000036 -0.0000000000 -0.0000000000 -0.0000000000  0.0000000011 -0.0000000000 -0.0000000000  0.0000000011 -0.0000000000  0.0982023895
  0.4000000000  0.3333333333  0.0000000000  0.3333333333  0.3333333333  0.3333333333  0.3042112235  0.0770824968  0.0000000011  0.0000000000 -0.0000000000 -0.0013822333  0.2698410426  0.0000000011  0.0000000000 -0.0000000000 -0.0012650987  0.0000000036 -0.0000000000 -0.0000000000 -0.0000000000  0.0000000011 -0.0000000000 -0.0000000000  0.0000000011 -0.0000000000  0.0985282994
  0.4000000000  0.3333333333  0.0000000000  0.3333333333  0.3333333333  0.6666666667  0.2796327008  0.0000000011  0.0780682607  0.0000000000  0.0005125229 -0.0000000000  0.0000000036  0.0000000011  0.0000000000  0.0000000000  0.0000000000  0.2951452388  0.0000000000  0.0005456822 -0.0000000000  0.0000000011  0.0000000000 -0.0000000000  0.0993595898  0.0000000000  0.0000000011
  0.4000000000  0.3333333333  0.0000000000  0.3333333333  0.3333333333  1.0000000000  0.2770417385  0.0000000011  0.0780818771  0.0000000000  0.0003397186 -0.0000000000  0.0000000036  0.0000000011 -0.0000000000  0.0000000000 -0.0000000000  0.2988488102  0.0000000000  0.0003918907 -0.0000000000  0.0000000011 -0.0000000000 -0.0000000000  0.0992614804 -0.0000000000  0.0000000011
  0.4000000000  0.3333333333  0.0000000000  0.3333333333  0.6666666667  0.0000000000  0.3007180101  0.0778626471  0.0000000012  0.0000000000 -0.0000000000 -0.0003142561  0.2716540095  0.0000000012  0.0000000000  0.0000000000 -0.0002350251  0.0000000036 -0.0000000000 -0.0000000000 -0.0000000000  0.0000000011 -0.0000000000  0.0000000000  0.0000000011  0.0000000000  0.0988566184
  0.4000000000  0.3333333333  0.0000000000  0.3333333333  0.6666666667  0.3333333333  0.3010207888  0.0778549888  0.0000000011 -0.0000000000 -0.0000000000 -0.0005681591  0.2728562327  0.0000000011 -0.0000000000 -0.0000000000 -0.0004369912  0.0000000036 -0.0000000000 -0.0000000000 -0.0000000000  0.0000000011 -0.0000000000 -0.0000000000  0.0000000011 -0.0000000000  0.0987823207
  0.4000000000  0.3333333333  0.0000000000  0.3333333333  0.6666666667  0.6666666667  0.3008176042  0.0779399934  0.0000000011 -0.0000000000 -0.0000000000 -0.0004338071  0.2748506605  0.0000000011 -0.0000000000 -0.0000000000 -0.0003214137  0.0000000036 -0.0000000000 -0.0000000000 -0.0000000000  0.0000000011 -0.0000000000 -0.0000000000  0.0000000011 -0.0000000000  0.0989627147
  0.4000000000  0.3333333333  0.0000000000  0.3333333333  0.6666666667  1.0000000000  0.1628206016  0.0457906487  0.0164880909 -0.0000075553 -0.0000686318  0.0000131173  0.2574754349  0.0482802027 -0.0000258385 -0.0000444540  0.0000195313  0.1535222097  0.0000098586 -0.0000770665  0.0000057793  0.0569320759 -0.0000023335 -0.0000526190  0.0084834641 -0.0000071687  0.0538830329
  0.4000000000  0.3333333333  0.0000000000  0.3333333333  1.0000000000  0.0000000000  0.2973539587  0.0781841099  0.0000000012  0.0000000000  0.0000000000 -0.0001752319  0.2756684755  0.0000000012 -0.0000000000  0.0000000000 -0.0000882038  0.0000000036 -0.0000000000 -0.0000000000 -0.0000000000  0.0000000011 -0.0000000000 -0.0000000000  0.0000000011  0.0000000000  0.0992542282
  0.4000000000  0.3333333333  0.0000000000  0.3333333333  1.0000000000  0.3333333333  0.2975959188  0.0781518604  0.0000000011  0.0000000000 -0.0000000000 -0.0003107699  0.2777690438  0.0000000011  0.0000000000  0.0000000000 -0.0001973439  0.0000000036 -0.0000000000 -0.0000000000 -0.0000000000  0.0000000011 -0.0000000000 -0.0000000000  0.0000000011  0.0000000000  0.0992623663
  0.4000000000  0.3333333333  0.0000000000  0.3333333333  1.0000000000  0.6666666667  0.2985282556  0.0780923708  0.0000000011  0.0000000000 -0.0000000000 -0.0003950377  0.2771543664  0.0000000011  0.0000000000  0.0000000000 -0.0002456582  0.0000000037  0.0000000000 -0.0000000000 -0.0000000000  0.0000000011  0.0000000000  0.0000000000  0.0000000011  0.0000000000  0.0992197583
  0.4000000000  0.3333333333  0.0000000000  0.3333333333  1.0000000000  1.0000000000  0.1628398822  0.0458279608  0.0165107862 -0.0000263971 -0.0004460162  0.0000844872  0.2577325427  0.0482958380 -0.0001013194 -0.0002737677  0.0001103647  0.1536059881  0.0000416205 -0.0004788475  0.0000348181  0.0569680776 -0.0000126425 -0.0003311700  0.0085169281 -0.0000290208  0.0539198449
  0.4000000000  0.3333333333  0.0000000000  0.6666666667  0.0000000000  0.0000000000  0.2978395403  0.0762098377  0.0000000011  0.0000000000  0.0000000000 -0.0055101795  0.2641358904  0.0000000010 -0.0000000000  0.0000000000 -0.0044798039  0.0000000036 -0.0000000000 -0.0000000000 -0.0000000000  0.0000000011 -0.0000000000  0.0000000000  0.0000000011  0.0000000000  0.1008918744
  0.4000000000  0.3333333333  0.0000000000  0.6666666667  0.0000000000  0.3333333333  0.2577146598  0.0483059704  0.0458311696 -0.0000882344  0.0000399032 -0.0001222135  0.1536008947  0.0165093034 -0.0001556420  0.0000135916  0.0000533500  0.1628551230 -0.0001453695  0.0000315467 -0.0000324083  0.0085110606 -0.0000354300 -0.0000048382  0.0539181033 -0.0001088759  0.0569646608
  0.4000000000  0.3333333333  0.0000000000  0.6666666667  0.0000000000  0.6666666667  0.2750100233  0.0000000011  0.0777129418 -0.0000000000  0.0011234757  0.0000000000  0.0000000036  0.0000000011 -0.0000000000  0.0000000000  0.0000000000  0.3002779578 -0.0000000000  0.0011962293  0.0000000000  0.0000000011  0.0000000000 -0.0000000000  0.0993181231 -0.0000000000  0.0000000011
  0.4000000000  0.3333333333  0.0000000000  0.6666666667  0.0000000000  1.0000000000  0.2711435705  0.0000000011  0.0774734113 -0.0000000000  0.0007330956 -0.0000000000  0.0000000036  0.0000000011 -0.0000000000  0.0000000000 -0.0000000000  0.3038703162  0.0000000000  0.0007613285  0.0000000000  0.0000000011  0.0000000000 -0.0000000000  0.0983909163  0.0000000000  0.0000000011
  0.4000000000  0.3333333333  0.0000000000  0.6666666667  0.3333333333  0.0000000000  0.2976242193  0.0779390325  0.0000000011 -0.0000000000 -0.0000000000 -0.0040414458  0.2663636828  0.0000000011  0.0000000000 -0.0000000000 -0.0031017117  0.0000000036 -0.0000000000 -0.0000000000 -0.0000000000  0.0000000011 -0.0000000000 -0.0000000000  0.0000000011 -0.0000000000  0.1005351124
  0.4000000000  0.3333333333  0.0000000000  0.6666666667  0.3333333333  0.3333333333  0.2984567383  0.0780850969  0.0000000011 -0.0000000000 -0.0000000000 -0.0034297749  0.2665688437  0.0000000011 -0.0000000000 -0.0000000000 -0.0019643254  0.0000000036 -0.0000000000 -0.0000000000 -0.0000000000  0.0000000011 -0.0000000000 -0.0000000000  0.0000000011 -0.0000000000  0.1002496283
  0.4000000000  0.3333333333  0.0000000000  0.6666666667  0.3333333333  0.6666666667  0.2984312882  0.0773319145  0.0000000011  0.0000000000  0.0000000000 -0.0038299447  0.2673722951  0.0000000011 -0.0000000000  0.0000000000 -0.0032255437  0.0000000036 -0.0000000000  0.0000000000 -0.0000000000  0.0000000011 -0.0000000000  0.0000000000  0.0000000011  0.0000000000  0.1010227664
  0.4000000000  0.3333333333  0.0000000000  0.6666666667  0.3333333333  1.0000000000  0.2575849747  0.0482932800  0.0458095056  0.0000172566  0.0000171107 -0.0000533561  0.1535593219  0.0164952443  0.0000259997  0.0000051894  0.0000218787  0.1628291024  0.0000303693  0.0000133423 -0.0000149872  0.0084918235 -0.0000145661 -0.0000017905  0.0538962841  0.0000185525  0.0569471352
  0.4000000000  0.3333333333  0.0000000000  0.6666666667  0.6666666667  0.0000000000  0.2970524766  0.0785629455  0.0000000012 -0.0000000000 -0.0000000000 -0.0003229016  0.2726903203  0.0000000012 -0.0000000000 -0.0000000000 -0.0001488848  0.0000000036 -0.0000000000 -0.0000000000 -0.0000000000  0.0000000011 -0.0000000000 -0.0000000000  0.0000000011  0.0000000000  0.1002803576
  0.4000000000  0.3333333333  0.0000000000  0.6666666667  0.6666666667  0.3333333333  0.2973712058  0.0785364453  0.0000000012  0.0000000000 -0.0000000000 -0.0002411904  0.2727460117  0.0000000012  0.0000000000 -0.0000000000 -0.0000894585  0.0000000036 -0.0000000000 -0.0000000000 -0.0000000000  0.0000000011 -0.0000000000 -0.0000000000  0.0000000011 -0.0000000000  0.1001702029
  0.4000000000  0.3333333333  0.0000000000  0.6666666667  0.6666666667  0.6666666667  0.2971936992  0.0785217282  0.0000000012 -0.0000000000 -0.0000000000 -0.0002127327  0.2735899328  0.0000000012 -0.0000000000 -0.0000000000 -0.0001109373  0.0000000036 -0.0000000000 -0.0000000000  0.0000000000  0.0000000011 -0.0000000000 -0.0000000000  0.0000000011  0.0000000000  0.0999840895
  0.4000000000  0.3333333333  0.0000000000  0.6666666667  0.6666666667  1.0000000000  0.2973979496  0.0782008171  0.0000000011 -0.0000000000 -0.0000000000 -0.0022792070  0.2753025499  0.0000000011 -0.0000000000 -0.0000000000 -0.0019218711  0.0000000036 -0.0000000000 -0.0000000000 -0.0000000000  0.0000000011 -0.0000000000 -0.0000000000  0.0000000011 -0.0000000000  0.0998950679
  0.4000000000  0.3333333333  0.0000000000  0.6666666667  1.0000000000  0.0000000000  0.2970504564  0.0785581495  0.0000000012  0.0000000000 -0.0000000000 -0.0001414752  0.2730179846  0.0000000012  0.0000000000 -0.0000000000 -0.0000592914  0.0000000036 -0.0000000000 -0.0000000000 -0.0000000000  0.0000000011 -0.0000000000 -0.0000000000  0.0000000011 -0.0000000000  0.1002189147
  0.4000000000  0.3333333333  0.0000000000  0.6666666667  1.0000000000  0.3333333333  0.2969448114  0.0785838426  0.0000000012 -0.0000000000 -0.0000000000 -0.0002509789  0.2733811338  0.0000000012 -0.0000000000 -0.0000000000 -0.0001502329  0.0000000036 -0.0000000000 -0.0000000000 -0.0000000000  0.0000000011 -0.0000000000 -0.0000000000  0.0000000011  0.0000000000  0.1001356449
  0.4000000000  0.3333333333  0.0000000000  0.6666666667  1.0000000000  0.6666666667  0.2970161543  0.0785018445  0.0000000012 -0.0000000000 -0.0000000000 -0.0001950645  0.2743147044  0.0000000012 -0.0000000000 -0.0000000000 -0.0001172741  0.0000000036 -0.0000000000 -0.0000000000 -0.0000000000  0.0000000011 -0.0000000000 -0.0000000000  0.0000000011  0.0000000000  0.0997920029
  0.4000000000  0.3333333333  0.0000000000  0.6666666667  1.0000000000  1.0000000000  0.2963279510  0.0782132217  0.0000000012 -0.0000000000 -0.0000000000 -0.0001985425  0.2763483292  0.0000000012 -0.0000000000  0.0000000000 -0.0001248004  0.0000000037  0.0000000000  0.0000000000 -0.0000000000  0.0000000011  0.0000000000 -0.0000000000  0.0000000011  0.0000000000  0.0994790915
  0.4000000000  0.3333333333  0.0000000000  1.0000000000  0.0000000000  0.0000000000  0.2874723727  0.0789512472  0.0000000011 -0.0000000000  0.0000000000 -0.0075149966  0.2663350465  0.0000000011  0.0000000000 -0.0000000000 -0.0068769519  0.0000000036 -0.0000000000 -0.0000000000 -0.0000000001  0.0000000011 -0.0000000000  0.0000000000  0.0000000011  0.0000000000  0.1013333561
  0.4000000000  0.3333333333  0.0000000000  1.0000000000  0.0000000000  0.3333333333  0.0586455331  0.0586420372  0.0189802217 -0.0012920245  0.0012920633 -0.0586412589  0.0586454032  0.0189802022 -0.0012919667  0.0012920056 -0.0586411913  0.1609762915 -0.0005905707  0.0005906440 -0.0189797045  0.0341406371 -0.0341392997  0.0012919503  0.0341405609 -0.0012919603  0.0586427614
  0.4000000000  0.3333333333  0.0000000000  1.0000000000  0.0000000000  0.6666666667  0.0583554804  0.0583530972  0.0191466472 -0.0009141067  0.0009141145 -0.0583525847  0.0583553671  0.0191466282 -0.0009140986  0.0009141063 -0.0583525281  0.1649374849 -0.0005820433  0.0005820298 -0.0191461899  0.0341328580 -0.0341320085  0.0009140917  0.0341328583 -0.0009141030  0.0583535482
  0.4000000000  0.3333333333  0.0000000000  1.0000000000  0.0000000000  1.0000000000  0.0575242993  0.0575221224  0.0188111103 -0.0003375006  0.0003375126 -0.0575216148  0.0575242920  0.0188110981 -0.0003375003  0.0003375124 -0.0575216112  0.1707800683 -0.0002065396  0.0002065248 -0.0188106716  0.0336358097 -0.0336350278  0.0003375025  0.0336358274 -0.0003375106  0.0575225280
  0.4000000000  0.3333333333  0.0000000000  1.0000000000  0.3333333333  0.0000000000  0.2924301541  0.0785090058  0.0000000010 -0.0000000000 -0.0000000000 -0.0052516089  0.2664994467  0.0000000011  0.0000000000 -0.0000000000 -0.0049601077  0.0000000036 -0.0000000000 -0.0000000000 -0.0000000001  0.0000000011 -0.0000000000 -0.0000000000  0.0000000011 -0.0000000000  0.1014073721
  0.4000000000  0.3333333333  0.0000000000  1.0000000000  0.3333333333  0.3333333333  0.2923698729  0.0784533031  0.0000000010 -0.0000000000 -0.0000000000 -0.0054927289  0.2664596168  0.0000000010  0.0000000000 -0.0000000000 -0.0051558398  0.0000000036 -0.0000000000 -0.0000000000 -0.0000000001  0.0000000011 -0.0000000000 -0.0000000000  0.0000000011  0.0000000000  0.1014159805
  0.4000000000  0.3333333333  0.0000000000  1.0000000000  0.3333333333  0.6666666667  0.2929526605  0.0785652701  0.0000000010  0.0000000000  0.0000000000 -0.0049527161  0.2669252629  0.0000000011  0.0000000000  0.0000000000 -0.0046575506  0.0000000036 -0.0000000000  0.0000000000 -0.0000000000  0.0000000011 -0.0000000000  0.0000000000  0.0000000011  0.0000000000  0.1015203562
  0.4000000000  0.3333333333  0.0000000000  1.0000000000  0.3333333333  1.0000000000  0.2103760861  0.0581204964  0.0202794489 -0.0005261137  0.0023998633 -0.0070636478  0.1780733726  0.0169549582 -0.0001941549  0.0006845741 -0.0079076128  0.1236162419 -0.0001710007  0.0022953120 -0.0035272263  0.0130321557 -0.0038023988  0.0004652537  0.0207083500 -0.0010621172  0.0710641410
  0.4000000000  0.3333333333  0.0000000000  1.0000000000  0.6666666667  0.0000000000  0.2959548950  0.0785607791  0.0000000011  0.0000000000 -0.0000000000 -0.0000815993  0.2727053930  0.0000000012  0.0000000000 -0.0000000000 -0.0000571689  0.0000000036 -0.0000000000 -0.0000000000 -0.0000000000  0.0000000011 -0.0000000000 -0.0000000000  0.0000000011  0.0000000000  0.1005873770
  0.4000000000  0.3333333333  0.0000000000  1.0000000000  0.6666666667  0.3333333333  0.2959337723  0.0785715376  0.0000000011  0.0000000000 -0.0000000000 -0.0000734090  0.2727422654  0.0000000012 -0.0000000000 -0.0000000000 -0.0000617562  0.0000000036 -0.0000000000 -0.0000000000 -0.0000000000  0.0000000011 -0.0000000000  0.0000000000  0.0000000011  0.0000000000  0.1005839254
  0.4000000000  0.3333333333  0.0000000000  1.0000000000  0.6666666667  0.6666666667  0.2962555732  0.0785644519  0.0000000011 -0.0000000000  0.0000000000 -0.0000218643  0.2726784137  0.0000000012 -0.0000000000  0.0000000000 -0.0000400410  0.0000000036 -0.0000000000 -0.0000000000 -0.0000000000  0.0000000011  0.0000000000  0.0000000000  0.0000000011  0.0000000000  0.1005202808
  0.4000000000  0.3333333333  0.0000000000  1.0000000000  0.6666666667  1.0000000000  0.2962299140  0.0768858661  0.0000000011  0.0000000000  0.0000000000 -0.0011952630  0.2728069483  0.0000000011 -0.0000000000  0.0000000000 -0.0013756404  0.0000000036 -0.0000000000  0.0000000000 -0.0000000000  0.0000000011 -0.0000000000  0.0000000000  0.0000000011  0.0000000000  0.1025679128
  0.4000000000  0.3333333333  0.0000000000  1.0000000000  1.0000000000  0.0000000000  0.2963350579  0.0785460774  0.0000000011  0.0000000000  0.0000000000  0.0000031225  0.2726580435  0.0000000012 -0.0000000000  0.0000000000  0.0000095625  0.0000000036 -0.0000000000 -0.0000000000  0.0000000000  0.0000000011 -0.0000000000  0.0000000000  0.0000000011  0.0000000000  0.1005125872
  0.4000000000  0.3333333333  0.0000000000  1.0000000000  1.0000000000  0.3333333333  0.2959005894  0.0785738831  0.0000000011  0.0000000000  0.0000000000  0.0000070879  0.2727493033  0.0000000012 -0.0000000000 -0.0000000000  0.0000126498  0.0000000036 -0.0000000000 -0.0000000000  0.0000000000  0.0000000011 -0.0000000000 -0.0000000000  0.0000000011  0.0000000000  0.1005916264
  0.4000000000  0.3333333333  0.0000000000  1.0000000000  1.0000000000  0.6666666667  0.2960145261  0.0785767498  0.0000000011  0.0000000000 -0.0000000000 -0.0000004405  0.2727594062  0.0000000012 -0.0000000000 -0.0000000000  0.0000111065  0.0000000036 -0.0000000000 -0.0000000000  0.0000000000  0.0000000011 -0.0000000000 -0.0000000000  0.0000000011  0.0000000000  0.1005638463
  0.4000000000  0.3333333333  0.0000000000  1.0000000000  1.0000000000  1.0000000000  0.2967294193  0.0786086685  0.0000000012 -0.0000000000 -0.0000000000 -0.0000513101  0.2733191675  0.0000000012 -0.0000000000 -0.0000000000 -0.0000403499  0.0000000036 -0.0000000000 -0.0000000000  0.0000000000  0.0000000011  0.0000000000 -0.0000000000  0.0000000011  0.0000000000  0.1002301295
  0.4000000000  0.3333333333  0.3333333333  0.0000000000  0.0000000000  0.0000000000  0.2849787771  0.0000000011  0.0754794477 -0.0000000000  0.0021448012 -0.0000000000  0.0000000036  0.0000000010 -0.0000000000  0.0000000000 -0.0000000000  0.2831006849  0.0000000000  0.0022021430  0.0000000000  0.0000000011 -0.0000000000 -0.0000000000  0.0975607232  0.0000000000  0.0000000011
  0.4000000000  0.3333333333  0.3333333333  0.0000000000  0.0000000000  0.3333333333  0.2827866490  0.0000000011  0.0773202896 -0.0000000000  0.0016663061  0.0000000000  0.0000000036  0.0000000011 -0.0000000000  0.0000000000  0.0000000000  0.2905418406 -0.0000000000  0.0016801669  0.0000000000  0.0000000011  0.0000000000 -0.0000000000  0.0992313387 -0.0000000000  0.0000000011
  0.4000000000  0.3333333333  0.3333333333  0.0000000000  0.0000000000  0.6666666667  0.2809493838  0.0000000011  0.0778686997 -0.0000000000  0.0008242325  0.0000000000  0.0000000036  0.0000000011 -0.0000000000  0.0000000000 -0.0000000000  0.2934531616 -0.0000000000  0.0007631302  0.0000000000  0.0000000011  0.0000000000  0.0000000000  0.0992959227 -0.0000000000  0.0000000011
  0.4000000000  0.3333333333  0.3333333333  0.0000000000  0.0000000000  1.0000000000  0.2785517270  0.0000000011  0.0781329746 -0.0000000000 -0.0001406768  0.0000000000  0.0000000036  0.0000000011 -0.0000000000 -0.0000000000 -0.0000000000  0.2963028825 -0.0000000000 -0.0002296743  0.0000000000  0.0000000011 -0.0000000000 -0.0000000000  0.0992911083  0.0000000000  0.0000000011
  0.4000000000  0.3333333333  0.3333333333  0.0000000000  0.3333333333  0.0000000000  0.3050261702  0.0768203187  0.0000000011  0.0000000000  0.0000000000  0.0001860799  0.2673376187  0.0000000011  0.0000000000  0.0000000000  0.0001845172  0.0000000036 -0.0000000000 -0.0000000000  0.0000000000  0.0000000011 -0.0000000000  0.0000000000  0.0000000011 -0.0000000000  0.0975532547
  0.4000000000  0.3333333333  0.3333333333  0.0000000000  0.3333333333  0.3333333333  0.2826554566  0.0000000011  0.0774117068  0.0000000000  0.0015266820 -0.0000000000  0.0000000036  0.0000000011  0.0000000000  0.0000000000 -0.0000000000  0.2911751521  0.0000000000  0.0015304090 -0.0000000000  0.0000000011 -0.0000000000 -0.0000000000  0.0992961297  0.0000000000  0.0000000011
  0.4000000000  0.3333333333  0.3333333333  0.0000000000  0.3333333333  0.6666666667  0.2805342050  0.0000000011  0.0779459232  0.0000000000  0.0007000462 -0.0000000000  0.0000000036  0.0000000011  0.0000000000  0.0000000000  0.0000000000  0.2941296060  0.0000000000  0.0006403350  0.0000000000  0.0000000011 -0.0000000000  0.0000000000  0.0993534626  0.0000000000  0.0000000011
  0.4000000000  0.3333333333  0.3333333333  0.0000000000  0.3333333333  1.0000000000  0.2784487606  0.0000000011  0.0781392021 -0.0000000000 -0.0001441692  0.0000000000  0.0000000036  0.0000000011 -0.0000000000 -0.0000000000 -0.0000000000  0.2965034527 -0.0000000000 -0.0002337488  0.0000000000  0.0000000011  0.0000000000 -0.0000000000  0.0992940738 -0.0000000000  0.0000000011
  0.4000000000  0.3333333333  0.3333333333  0.0000000000  0.6666666667  0.0000000000  0.3038189799  0.0775491464  0.0000000011  0.0000000000  0.0000000000  0.0005078566  0.2713339543  0.0000000010 -0.0000000000 -0.0000000000  0.0004912135  0.0000000036 -0.0000000000 -0.0000000000  0.0000000000  0.0000000011 -0.0000000000  0.0000000000  0.0000000011  0.0000000000  0.0983308666
  0.4000000000  0.3333333333  0.3333333333  0.0000000000  0.6666666667  0.3333333333  0.3033669164  0.0775847044  0.0000000011 -0.0000000000 -0.0000000000  0.0001089167  0.2724709303  0.0000000011 -0.0000000000  0.0000000000  0.0001037970  0.0000000036 -0.0000000000 -0.0000000000  0.0000000000  0.0000000011 -0.0000000000 -0.0000000000  0.0000000011 -0.0000000000  0.0984146557
  0.4000000000  0.3333333333  0.3333333333  0.0000000000  0.6666666667  0.6666666667  0.2823387451  0.0000000011  0.0775036285  0.0000000000  0.0003644578  0.0000000000  0.0000000036  0.0000000011 -0.0000000000  0.0000000000 -0.0000000000  0.2927219657 -0.0000000000  0.0003771457 -0.0000000000  0.0000000011  0.0000000000  0.0000000000  0.0998064644 -0.0000000000  0.0000000011
  0.4000000000  0.3333333333  0.3333333333  0.0000000000  0.6666666667  1.0000000000  0.2778878994  0.0000000011  0.0781129504 -0.0000000000  0.0000371265  0.0000000000  0.0000000037  0.0000000011 -0.0000000000  0.0000000000  0.0000000000  0.2976706243 -0.0000000000 -0.0001119871  0.0000000000  0.0000000011  0.0000000000 -0.0000000000  0.0993023844  0.0000000000  0.0000000011
  0.4000000000  0.3333333333  0.3333333333  0.0000000000  1.0000000000  0.0000000000  0.2989705265  0.0781011369  0.0000000011  0.0000000000 -0.0000000000  0.0004266389  0.2765673280  0.0000000011  0.0000000000 -0.0000000000  0.0003060774  0.0000000036 -0.0000000000 -0.0000000000  0.0000000000  0.0000000011 -0.0000000000 -0.0000000000  0.0000000011  0.0000000000  0.0991596119
  0.4000000000  0.3333333333  0.3333333333  0.0000000000  1.0000000000  0.3333333333  0.2985963954  0.0780871875  0.0000000011 -0.0000000000  0.0000000000  0.0004745686  0.2771919803  0.0000000011 -0.0000000000  0.0000000000  0.0003850221  0.0000000036 -0.0000000000 -0.0000000000  0.0000000000  0.0000000011  0.0000000000  0.0000000000  0.0000000011 -0.0000000000  0.0992781638
  0.4000000000  0.3333333333  0.3333333333  0.0000000000  1.0000000000  0.6666666667  0.2992760304  0.0780029571  0.0000000011 -0.0000000000 -0.0000000000  0.0007843621  0.2767507326  0.0000000011 -0.0000000000  0.0000000000  0.0006311382  0.0000000036 -0.0000000000 -0.0000000000  0.0000000000  0.0000000011  0.0000000000 -0.0000000000  0.0000000011 -0.0000000000  0.0993027683
  0.4000000000  0.3333333333  0.3333333333  0.0000000000  1.0000000000  1.0000000000  0.1536014024  0.0165091131  0.0482978613  0.0000352290  0.0000440147 -0.0004714227  0.1628342538  0.0458185706  0.0000858931 -0.0000295685 -0.0004382138  0.2577039468  0.0001149088 -0.0001099351 -0.0002695858  0.0539149374 -0.0003256565 -0.0000308060  0.0569693864 -0.0000126892  0.0085143630
  0.4000000000  0.3333333333  0.3333333333  0.3333333333  0.0000000000  0.0000000000  0.2836577383  0.0000000011  0.0762909028  0.0000000000  0.0029509618  0.0000000000  0.0000000036  0.0000000010 -0.0000000000  0.0000000000 -0.0000000000  0.2849394072  0.0000000000  0.0029613040 -0.0000000000  0.0000000011 -0.0000000000 -0.0000000000  0.0984103091  0.0000000000  0.0000000011
  0.4000000000  0.3333333333  0.3333333333  0.3333333333  0.0000000000  0.3333333333  0.2818713387  0.0000000011  0.0775131001 -0.0000000000  0.0021901285  0.0000000000  0.0000000036  0.0000000011  0.0000000000  0.0000000000 -0.0000000000  0.2916700821 -0.0000000000  0.0022979684  0.0000000000  0.0000000011  0.0000000000 -0.0000000000  0.0995556833 -0.0000000000  0.0000000011
  0.4000000000  0.3333333333  0.3333333333  0.3333333333  0.0000000000  0.6666666667  0.2799005459  0.0000000011  0.0780121975 -0.0000000000  0.0011379030  0.0000000000  0.0000000036  0.0000000011 -0.0000000000  0.0000000000 -0.0000000000  0.2947124632 -0.0000000000  0.0011829291  0.0000000000  0.0000000011 -0.0000000000  0.0000000000  0.0994634350  0.0000000000  0.0000000011
  0.4000000000  0.3333333333  0.3333333333  0.3333333333  0.0000000000  1.0000000000  0.2757428389  0.0000000012  0.0781725163 -0.0000000000  0.0001490045  0.0000000000  0.0000000036  0.0000000012 -0.0000000000  0.0000000000 -0.0000000000  0.2973461870  0.0000000000  0.0000828927  0.0000000000  0.0000000011 -0.0000000000 -0.0000000000  0.0992421498  0.0000000000  0.0000000011
  0.4000000000  0.3333333333  0.3333333333  0.3333333333  0.3333333333  0.0000000000  0.3046005273  0.0769949662  0.0000000011 -0.0000000000  0.0000000000 -0.0003169137  0.2682174013  0.0000000011 -0.0000000000  0.0000000000 -0.0002956159  0.0000000036 -0.0000000000 -0.0000000000 -0.0000000000  0.0000000011 -0.0000000000  0.0000000000  0.0000000011  0.0000000000  0.0979032493
  0.4000000000  0.3333333333  0.3333333333  0.3333333333  0.3333333333  0.3333333333  0.2817957396  0.0000000011  0.0775521965 -0.0000000000  0.0021751418  0.0000000000  0.0000000036  0.0000000011  0.0000000000  0.0000000000  0.0000000000  0.2917614388 -0.0000000000  0.0022663383  0.0000000000  0.0000000011  0.0000000000 -0.0000000000  0.0995442112 -0.0000000000  0.0000000011
  0.4000000000  0.3333333333  0.3333333333  0.3333333333  0.3333333333  0.6666666667  0.2796409053  0.0000000011  0.0780522281  0.0000000000  0.0010259003 -0.0000000000  0.0000000036  0.0000000011  0.0000000000  0.0000000000  0.0000000000  0.2952226325  0.0000000000  0.0010547626 -0.0000000000  0.0000000011  0.0000000000  0.0000000000  0.0994538247 -0.0000000000  0.0000000011
  0.4000000000  0.3333333333  0.3333333333  0.3333333333  0.3333333333  1.0000000000  0.2771312395  0.0000000011  0.0781134924  0.0000000000  0.0001977911 -0.0000000000  0.0000000036  0.0000000011 -0.0000000000  0.0000000000 -0.0000000000  0.2974360750 -0.0000000000  0.0001396408 -0.0000000000  0.0000000011 -0.0000000000 -0.0000000000  0.0992395238 -0.0000000000  0.0000000011
  0.4000000000  0.3333333333  0.3333333333  0.3333333333  0.6666666667  0.0000000000  0.3025437580  0.0776986678  0.0000000011  0.0000000000  0.0000000000 -0.0000543383  0.2720545619  0.0000000011  0.0000000000  0.0000000000  0.0000022368  0.0000000036 -0.0000000000 -0.0000000000 -0.0000000000  0.0000000011 -0.0000000000  0.0000000000  0.0000000011  0.0000000000  0.0985466356
  0.4000000000  0.3333333333  0.3333333333  0.3333333333  0.6666666667  0.3333333333  0.3007505798  0.0779354806  0.0000000011 -0.0000000000  0.0000000000 -0.0001047295  0.2753104385  0.0000000011 -0.0000000000 -0.0000000000 -0.0000738892  0.0000000036 -0.0000000000 -0.0000000000 -0.0000000000  0.0000000011 -0.0000000000  0.0000000000  0.0000000011 -0.0000000000  0.0989942710
  0.4000000000  0.3333333333  0.3333333333  0.3333333333  0.6666666667  0.6666666667  0.2577408560  0.0482932328  0.0458225775 -0.0003450656  0.0001137593 -0.0001025291  0.1536054472  0.0165134570 -0.0006013158  0.0000356205  0.0000414041  0.1628376106 -0.0005603436  0.0000862977 -0.0000267603  0.0085201325 -0.0000292225 -0.0000128818  0.0539203372 -0.0004154676  0.0569708950
  0.4000000000  0.3333333333  0.3333333333  0.3333333333  0.6666666667  1.0000000000  0.2776226615  0.0000000011  0.0780661688  0.0000000000  0.0002255815 -0.0000000000  0.0000000036  0.0000000011  0.0000000000  0.0000000000 -0.0000000000  0.2980784291  0.0000000000  0.0001865407 -0.0000000000  0.0000000011 -0.0000000000 -0.0000000000  0.0993626985 -0.0000000000  0.0000000011
  0.4000000000  0.3333333333  0.3333333333  0.3333333333  1.0000000000  0.0000000000  0.2969765804  0.0781469684  0.0000000011  0.0000000000  0.0000000000  0.0002030061  0.2781884036  0.0000000011  0.0000000000 -0.0000000000  0.0002041597  0.0000000036  0.0000000000 -0.0000000000  0.0000000000  0.0000000011 -0.0000000000  0.0000000000  0.0000000011  0.0000000000  0.0993020770
  0.4000000000  0.3333333333  0.3333333333  0.3333333333  1.0000000000  0.3333333333  0.2969614306  0.0781396276  0.0000000011 -0.0000000000 -0.0000000000  0.0001626847  0.2781949710  0.0000000011 -0.0000000000 -0.0000000000  0.0001753299  0.0000000036 -0.0000000000 -0.0000000000  0.0000000000  0.0000000011 -0.0000000000 -0.0000000000  0.0000000011 -0.0000000000  0.0993054762
  0.4000000000  0.3333333333  0.3333333333  0.3333333333  1.0000000000  0.6666666667  0.2971753082  0.0781181895  0.0000000011 -0.0000000000  0.0000000000  0.0003430841  0.2782725962  0.0000000011 -0.0000000000  0.0000000000  0.0003421366  0.0000000036 -0.0000000000  0.0000000000  0.0000000000  0.0000000011 -0.0000000000 -0.0000000000  0.0000000011 -0.0000000000  0.0993783343
  0.4000000000  0.3333333333  0.3333333333  0.3333333333  1.0000000000  1.0000000000  0.1536121923  0.0165130340  0.0482958461  0.0000322432  0.0000458821 -0.0004096156  0.1628544646  0.0458407669  0.0000773250 -0.0000266732 -0.0003813252  0.2577590504  0.0000980487 -0.0001059319 -0.0002318375  0.0539270723 -0.0002832333 -0.0000312239  0.0569659229 -0.0000117835  0.0085203880
  0.4000000000  0.3333333333  0.3333333333  0.6666666667  0.0000000000  0.0000000000  0.2980314653  0.0776459749  0.0000000010 -0.0000000000 -0.0000000000 -0.0053615876  0.2637723584  0.0000000010 -0.0000000000 -0.0000000000 -0.0040309254  0.0000000036 -0.0000000000 -0.0000000000 -0.0000000001  0.0000000011 -0.0000000000 -0.0000000000  0.0000000011 -0.0000000000  0.1004862786
  0.4000000000  0.3333333333  0.3333333333  0.6666666667  0.0000000000  0.3333333333  0.2800499723  0.0000000011  0.0772169124 -0.0000000000  0.0023626189  0.0000000000  0.0000000036  0.0000000011 -0.0000000000  0.0000000000  0.0000000000  0.2930717884 -0.0000000000  0.0025430625  0.0000000000  0.0000000011  0.0000000000 -0.0000000000  0.1003359370 -0.0000000000  0.0000000011
  0.4000000000  0.3333333333  0.3333333333  0.6666666667  0.0000000000  0.6666666667  0.2771451501  0.0000000011  0.0769000675 -0.0000000000  0.0010216635  0.0000000000  0.0000000036  0.0000000011  0.0000000000  0.0000000000 -0.0000000000  0.2978883357  0.0000000000  0.0010078776  0.0000000000  0.0000000011 -0.0000000000 -0.0000000000  0.1005869914  0.0000000000  0.0000000011
  0.4000000000  0.3333333333  0.3333333333  0.6666666667  0.0000000000  1.0000000000  0.2723923518  0.0000000011  0.0777420975  0.0000000000  0.0000645662  0.0000000000  0.0000000036  0.0000000012 -0.0000000000  0.0000000000 -0.0000000000  0.3008390515  0.0000000000  0.0000442856  0.0000000000  0.0000000011  0.0000000000 -0.0000000000  0.0989269980  0.0000000000  0.0000000011
  0.4000000000  0.3333333333  0.3333333333  0.6666666667  0.3333333333  0.0000000000  0.2987999082  0.0777534226  0.0000000011 -0.0000000000  0.0000000000 -0.0026956471  0.2723725032  0.0000000011  0.0000000000  0.0000000000 -0.0021489847  0.0000000036 -0.0000000000  0.0000000000 -0.0000000000  0.0000000011  0.0000000000  0.0000000000  0.0000000011 -0.0000000000  0.1007655930
  0.4000000000  0.3333333333  0.3333333333  0.6666666667  0.3333333333  0.3333333333  0.2986553810  0.0772815980  0.0000000011  0.0000000000  0.0000000000 -0.0033950630  0.2679311201  0.0000000011 -0.0000000000  0.0000000000 -0.0028040235  0.0000000036 -0.0000000000  0.0000000000 -0.0000000000  0.0000000011 -0.0000000000  0.0000000000  0.0000000011  0.0000000000  0.1008304205
  0.4000000000  0.3333333333  0.3333333333  0.6666666667  0.3333333333  0.6666666667  0.2577238477  0.0482843380  0.0457979396 -0.0004039333  0.0001314576 -0.0001202961  0.1535899711  0.0165149724 -0.0007064336  0.0000381571  0.0000504975  0.1628314200 -0.0006624553  0.0000889805 -0.0000280185  0.0085274232 -0.0000380039 -0.0000134237  0.0539144806 -0.0004909843  0.0569747548
  0.4000000000  0.3333333333  0.3333333333  0.6666666667  0.3333333333  1.0000000000  0.2761849783  0.0000000011  0.0779884217  0.0000000000 -0.0003085394  0.0000000000  0.0000000036  0.0000000011 -0.0000000000 -0.0000000000  0.0000000000  0.2998160275  0.0000000000 -0.0003792713  0.0000000000  0.0000000011  0.0000000000 -0.0000000000  0.0992826945 -0.0000000000  0.0000000011
  0.4000000000  0.3333333333  0.3333333333  0.6666666667  0.6666666667  0.0000000000  0.2975877308  0.0785287544  0.0000000012  0.0000000000  0.0000000000 -0.0001960402  0.2729754458  0.0000000012  0.0000000000  0.0000000000 -0.0001024190  0.0000000036 -0.0000000000 -0.0000000000 -0.0000000000  0.0000000011 -0.0000000000  0.0000000000  0.0000000011 -0.0000000000  0.1000543663
  0.4000000000  0.3333333333  0.3333333333  0.6666666667  0.6666666667  0.3333333333  0.2974992153  0.0784363458  0.0000000012 -0.0000000000 -0.0000000000 -0.0000853742  0.2739843203  0.0000000012 -0.0000000000  0.0000000000 -0.0000519775  0.0000000036 -0.0000000000 -0.0000000000  0.0000000000  0.0000000011 -0.0000000000 -0.0000000000  0.0000000011  0.0000000000  0.0997638697
  0.4000000000  0.3333333333  0.3333333333  0.6666666667  0.6666666667  0.6666666667  0.2522231055  0.0515080827  0.0349282293  0.0001755612  0.0000540017 -0.0010767336  0.1651540684  0.0148023886 -0.0008705435 -0.0000145247  0.0000206139  0.1345808881  0.0012635597  0.0001157914 -0.0004683246  0.0091480959 -0.0005503883  0.0000873515  0.0434600547 -0.0002065114  0.0613516055
  0.4000000000  0.3333333333  0.3333333333  0.6666666667  0.6666666667  1.0000000000  0.2577256056  0.0482929180  0.0458201562 -0.0003349583  0.0001142632 -0.0001052929  0.1536058586  0.0165125403 -0.0005853212  0.0000358846  0.0000429697  0.1628377514 -0.0005452083  0.0000870374 -0.0000274475  0.0085192910 -0.0000301385 -0.0000130136  0.0539190362 -0.0004038863  0.0569703887
  0.4000000000  0.3333333333  0.3333333333  0.6666666667  1.0000000000  0.0000000000  0.2970297295  0.0785767270  0.0000000012  0.0000000000  0.0000000000 -0.0002069776  0.2731789222  0.0000000012  0.0000000000  0.0000000000 -0.0001185903  0.0000000036 -0.0000000000 -0.0000000000 -0.0000000000  0.0000000011 -0.0000000000  0.0000000000  0.0000000011 -0.0000000000  0.1001786067
  0.4000000000  0.3333333333  0.3333333333  0.6666666667  1.0000000000  0.3333333333  0.2971927655  0.0785395407  0.0000000012 -0.0000000000 -0.0000000000 -0.0001118350  0.2737452227  0.0000000012 -0.0000000000 -0.0000000000 -0.0000471871  0.0000000036 -0.0000000000 -0.0000000000 -0.0000000000  0.0000000011 -0.0000000000 -0.0000000000  0.0000000011  0.0000000000  0.0999326670
  0.4000000000  0.3333333333  0.3333333333  0.6666666667  1.0000000000  0.6666666667  0.2979543805  0.0779763357  0.0000000011 -0.0000000000  0.0000000000  0.0007994181  0.2777833330  0.0000000011 -0.0000000000  0.0000000000  0.0007581181  0.0000000036 -0.0000000000 -0.0000000000  0.0000000000  0.0000000011  0.0000000000  0.0000000000  0.0000000011 -0.0000000000  0.0995186345
  0.4000000000  0.3333333333  0.3333333333  0.6666666667  1.0000000000  1.0000000000  0.2577136012  0.0482923998  0.0458168331 -0.0003398983  0.0001135008 -0.0001043226  0.1536056312  0.0165122377 -0.0005943267  0.0000356478  0.0000426926  0.1628362000 -0.0005535230  0.0000866111 -0.0000272079  0.0085185050 -0.0000298978 -0.0000129463  0.0539172483 -0.0004095273  0.0569703141
  0.4000000000  0.3333333333  0.3333333333  1.0000000000  0.0000000000  0.0000000000  0.2921670375  0.0785932340  0.0000000010 -0.0000000000 -0.0000000000 -0.0056582632  0.2655108201  0.0000000010  0.0000000000 -0.0000000000 -0.0052298398  0.0000000036 -0.0000000000 -0.0000000000 -0.0000000001  0.0000000011 -0.0000000000 -0.0000000000  0.0000000011 -0.0000000000  0.1015370337
  0.4000000000  0.3333333333  0.3333333333  1.0000000000  0.0000000000  0.3333333333  0.0584958739  0.0584927223  0.0193306020 -0.0015845078  0.0015845146 -0.0584920836  0.0584956009  0.0193305606 -0.0015844869  0.0015844937 -0.0584919477  0.1595512406 -0.0012500839  0.0012500794 -0.0193300568  0.0343020622 -0.0343009372  0.0015844661  0.0343020728 -0.0015844643  0.0584933272
  0.4000000000  0.3333333333  0.3333333333  1.0000000000  0.0000000000  0.6666666667  0.0583494149  0.0583470141  0.0191745418 -0.0010376425  0.0010376502 -0.0583464970  0.0583493024  0.0191745256 -0.0010376341  0.0010376417 -0.0583464408  0.1645704458 -0.0007129636  0.0007129472 -0.0191740833  0.0341699197 -0.0341690609  0.0010376270  0.0341699156 -0.0010376372  0.0583474679
  0.4000000000  0.3333333333  0.3333333333  1.0000000000  0.0000000000  1.0000000000  0.0577509818  0.0577487749  0.0190079652 -0.0007284155  0.0007284206 -0.0577482579  0.0577509717  0.0190079501 -0.0007284122  0.0007284172 -0.0577482529  0.1683650758 -0.0004143004  0.0004143008 -0.0190075241  0.0339738377 -0.0339730361  0.0007284055  0.0339738448 -0.0007284118  0.0577491793
  0.4000000000  0.3333333333  0.3333333333  1.0000000000  0.3333333333  0.0000000000  0.2937683360  0.0784635272  0.0000000010 -0.0000000000 -0.0000000000 -0.0051807283  0.2657881182  0.0000000011  0.0000000000 -0.0000000000 -0.0046421348  0.0000000036 -0.0000000000  0.0000000000 -0.0000000001  0.0000000011 -0.0000000000  0.0000000000  0.0000000011 -0.0000000000  0.1014149578
  0.4000000000  0.3333333333  0.3333333333  1.0000000000  0.3333333333  0.3333333333  0.2937689736  0.0785885615  0.0000000011  0.0000000000  0.0000000000 -0.0041451293  0.2676797646  0.0000000011  0.0000000000  0.0000000000 -0.0038475399  0.0000000036 -0.0000000000  0.0000000000 -0.0000000000  0.0000000011 -0.0000000000  0.0000000000  0.0000000011  0.0000000000  0.1017030149
  0.4000000000  0.3333333333  0.3333333333  1.0000000000  0.3333333333  0.6666666667  0.0583779367  0.0583752973  0.0191340771 -0.0010478566  0.0010478458 -0.0583747088  0.0583778725  0.0191340717 -0.0010478199  0.0010478089 -0.0583746755  0.1643605869 -0.0006634675  0.0006635334 -0.0191336255  0.0341540012 -0.0341530337  0.0010477869  0.0341539665 -0.0010478269  0.0583758209
  0.4000000000  0.3333333333  0.3333333333  1.0000000000  0.3333333333  1.0000000000  0.0581732399  0.0581709725  0.0191125148 -0.0009414232  0.0009414309 -0.0581704771  0.0581731506  0.0191124920 -0.0009414143  0.0009414220 -0.0581704326  0.1656976655 -0.0005715989  0.0005715972 -0.0191120765  0.0341258950 -0.0341250865  0.0009414090  0.0341259006 -0.0009414166  0.0581713939
  0.4000000000  0.3333333333  0.3333333333  1.0000000000  0.6666666667  0.0000000000  0.2963235930  0.0785469013  0.0000000012  0.0000000000  0.0000000000 -0.0000235065  0.2726779315  0.0000000012 -0.0000000000  0.0000000000 -0.0000087119  0.0000000036 -0.0000000000 -0.0000000000 -0.0000000000  0.0000000011 -0.0000000000  0.0000000000  0.0000000011  0.0000000000  0.1005115017
  0.4000000000  0.3333333333  0.3333333333  1.0000000000  0.6666666667  0.3333333333  0.2958884008  0.0785853272  0.0000000011  0.0000000000  0.0000000000 -0.0000482124  0.2727807390  0.0000000012 -0.0000000000  0.0000000000 -0.0000215406  0.0000000036 -0.0000000000 -0.0000000000 -0.0000000000  0.0000000011 -0.0000000000 -0.0000000000  0.0000000011  0.0000000000  0.1005867423
  0.4000000000  0.3333333333  0.3333333333  1.0000000000  0.6666666667  0.6666666667  0.2963902415  0.0785977252  0.0000000012 -0.0000000000 -0.0000000000  0.0000950085  0.2729331221  0.0000000012 -0.0000000000 -0.0000000000  0.0000660880  0.0000000036 -0.0000000000 -0.0000000000 -0.0000000000  0.0000000011 -0.0000000000 -0.0000000000  0.0000000011  0.0000000000  0.1004473304
  0.4000000000  0.3333333333  0.3333333333  1.0000000000  0.6666666667  1.0000000000  0.2165782335  0.0523349785  0.0306746103 -0.0008921351 -0.0010745034 -0.0009341712  0.1611917162  0.0181798296 -0.0013738414  0.0000484343 -0.0004492289  0.1517689586 -0.0012937012 -0.0022550304 -0.0003093102  0.0115751146 -0.0009679699  0.0001938603  0.0399598169 -0.0003678255  0.0616210375
  0.4000000000  0.3333333333  0.3333333333  1.0000000000  1.0000000000  0.0000000000  0.2962385943  0.0785400324  0.0000000011 -0.0000000000  0.0000000000  0.0000383809  0.2725613833  0.0000000012  0.0000000000  0.0000000000  0.0000674382  0.0000000036 -0.0000000000 -0.0000000000  0.0000000000  0.0000000011 -0.0000000000  0.0000000000  0.0000000011 -0.0000000000  0.1005409159
  0.4000000000  0.3333333333  0.3333333333  1.0000000000  1.0000000000  0.3333333333  0.2958599520  0.0785775109  0.0000000011  0.0000000000  0.0000000000  0.0000435544  0.2727667071  0.0000000012  0.0000000000  0.0000000000  0.0000681898  0.0000000036 -0.0000000000 -0.0000000000  0.0000000000  0.0000000011 -0.0000000000 -0.0000000000  0.0000000011  0.0000000000  0.1005922724
  0.4000000000  0.3333333333  0.3333333333  1.0000000000  1.0000000000  0.6666666667  0.2965461920  0.0786115834  0.0000000012 -0.0000000000 -0.0000000000  0.0001138160  0.2730000841  0.0000000012 -0.0000000000 -0.0000000000  0.0000915769  0.0000000036  0.0000000000 -0.0000000000  0.0000000000  0.0000000011 -0.0000000000  0.0000000000  0.0000000011  0.0000000000  0.1003623906
  0.4000000000  0.3333333333  0.3333333333  1.0000000000  1.0000000000  1.0000000000  0.2645504698  0.0670476695  0.0054816323  0.0000215215  0.0006847469  0.0029021443  0.2518156255  0.0056918195 -0.0002056055  0.0004714137  0.0027298946  0.0353249169 -0.0000140482  0.0000562920  0.0001918767  0.0022950509  0.0000951503  0.0001848815  0.0045558262 -0.0000299264  0.0893275237
  0.4000000000  0.3333333333  0.6666666667  0.0000000000  0.0000000000  0.0000000000  0.2780894284  0.0000000011  0.0737732668 -0.0000000000  0.0052275022 -0.0000000000  0.0000000036  0.0000000010 -0.0000000000  0.0000000001 -0.0000000000  0.2820438207 -0.0000000000  0.0058016000 -0.0000000000  0.0000000011 -0.0000000000 -0.0000000000  0.1018724940 -0.0000000000  0.0000000011
  0.4000000000  0.3333333333  0.6666666667  0.0000000000  0.0000000000  0.3333333333  0.2808896830  0.0000000010  0.0745793197  0.0000000000  0.0031099645 -0.0000000000  0.0000000036  0.0000000010  0.0000000000  0.0000000000 -0.0000000000  0.2891246329  0.0000000001  0.0033957103 -0.0000000000  0.0000000011 -0.0000000000 -0.0000000000  0.1021763173  0.0000000000  0.0000000011
  0.4000000000  0.3333333333  0.6666666667  0.0000000000  0.0000000000  0.6666666667  0.2733684965  0.0000000012  0.0785001057  0.0000000000 -0.0000016725  0.0000000000  0.0000000036  0.0000000012 -0.0000000000  0.0000000000 -0.0000000000  0.2962645610  0.0000000000 -0.0000806012 -0.0000000000  0.0000000011 -0.0000000000 -0.0000000000  0.1003358270  0.0000000000  0.0000000011
  0.4000000000  0.3333333333  0.6666666667  0.0000000000  0.0000000000  1.0000000000  0.2729037136  0.0000000012  0.0786077759  0.0000000000 -0.0000868815 -0.0000000000  0.0000000036  0.0000000012 -0.0000000000  0.0000000000 -0.0000000000  0.2964028755  0.0000000000 -0.0002163807 -0.0000000000  0.0000000011 -0.0000000000 -0.0000000000  0.1004345467 -0.0000000000  0.0000000011
  0.4000000000  0.3333333333  0.6666666667  0.0000000000  0.3333333333  0.0000000000  0.2780881882  0.0000000011  0.0743180814 -0.0000000000  0.0049130408 -0.0000000000  0.0000000036  0.0000000010 -0.0000000000  0.0000000000 -0.0000000000  0.2834193299 -0.0000000000  0.0055602313 -0.0000000000  0.0000000011 -0.0000000000 -0.0000000000  0.1021122901 -0.0000000000  0.0000000011
  0.4000000000  0.3333333333  0.6666666667  0.0000000000  0.3333333333  0.3333333333  0.2785310132  0.0000000011  0.0780796513 -0.0000000000  0.0037318341 -0.0000000000  0.0000000036  0.0000000011 -0.0000000000  0.0000000001 -0.0000000000  0.2916995292  0.0000000000  0.0039307603  0.0000000000  0.0000000011 -0.0000000000 -0.0000000000  0.0999083989  0.0000000000  0.0000000011
  0.4000000000  0.3333333333  0.6666666667  0.0000000000  0.3333333333  0.6666666667  0.2731047738  0.0000000012  0.0785757499  0.0000000000 -0.0000274018  0.0000000000  0.0000000036  0.0000000012 -0.0000000000  0.0000000000 -0.0000000000  0.2964259730  0.0000000000 -0.0000723256  0.0000000000  0.0000000011 -0.0000000000 -0.0000000000  0.1003836020  0.0000000000  0.0000000011
  0.4000000000  0.3333333333  0.6666666667  0.0000000000  0.3333333333  1.0000000000  0.2731729150  0.0000000012  0.0785510657  0.0000000000 -0.0000788084  0.0000000000  0.0000000036  0.0000000012 -0.0000000000 -0.0000000000 -0.0000000000  0.2967178129  0.0000000000 -0.0001868524 -0.0000000000  0.0000000011 -0.0000000000 -0.0000000000  0.1002559794  0.0000000000  0.0000000011
  0.4000000000  0.3333333333  0.6666666667  0.0000000000  0.6666666667  0.0000000000  0.0674962055  0.0241523058  0.0580872012  0.0003334547  0.0564908834  0.0000632827  0.1836168868  0.0236310036  0.0004136841  0.0221669135  0.0000665391  0.0600696927  0.0004046745  0.0571029729  0.0002110662  0.0365474735  0.0003095473  0.0357997999  0.0579957867  0.0003414003  0.0371168505
  0.4000000000  0.3333333333  0.6666666667  0.0000000000  0.6666666667  0.3333333333  0.2784961622  0.0000000011  0.0780945535 -0.0000000000  0.0036708085 -0.0000000000  0.0000000036  0.0000000011 -0.0000000000  0.0000000000 -0.0000000000  0.2918509799  0.0000000000  0.0038763840  0.0000000000  0.0000000011 -0.0000000000 -0.0000000000  0.0999067828  0.0000000000  0.0000000011
  0.4000000000  0.3333333333  0.6666666667  0.0000000000  0.6666666667  0.6666666667  0.2735319566  0.0000000012  0.0785663328  0.0000000000 -0.0001163618  0.0000000000  0.0000000036  0.0000000012 -0.0000000000 -0.0000000000 -0.0000000000  0.2964166084  0.0000000000 -0.0002743469  0.0000000000  0.0000000011 -0.0000000000 -0.0000000000  0.1001784559  0.0000000000  0.0000000011
  0.4000000000  0.3333333333  0.6666666667  0.0000000000  0.6666666667  1.0000000000  0.2730695335  0.0000000012  0.0785644287  0.0000000000 -0.0000854810  0.0000000000  0.0000000036  0.0000000012 -0.0000000000 -0.0000000000 -0.0000000000  0.2969901632  0.0000000000 -0.0002047030  0.0000000000  0.0000000011 -0.0000000000 -0.0000000000  0.1001891362  0.0000000000  0.0000000011
  0.4000000000  0.3333333333  0.6666666667  0.0000000000  1.0000000000  0.0000000000  0.2997548786  0.0759848862  0.0000000011  0.0000000000  0.0000000000  0.0015908158  0.2754780379  0.0000000011  0.0000000000  0.0000000000  0.0014722369  0.0000000036  0.0000000000  0.0000000000  0.0000000000  0.0000000011 -0.0000000000  0.0000000000  0.0000000011  0.0000000000  0.1004214763
  0.4000000000  0.3333333333  0.6666666667  0.0000000000  1.0000000000  0.3333333333  0.2804732488  0.0000000011  0.0752873628 -0.0000000000  0.0023820607 -0.0000000000  0.0000000036  0.0000000011 -0.0000000000  0.0000000000  0.0000000000  0.2909457246 -0.0000000000  0.0025505460 -0.0000000000  0.0000000011  0.0000000000 -0.0000000000  0.1022308313 -0.0000000000  0.0000000011
  0.4000000000  0.3333333333  0.6666666667  0.0000000000  1.0000000000  0.6666666667  0.2741451236  0.0000000012  0.0785291775 -0.0000000000 -0.0000545679  0.0000000000  0.0000000036  0.0000000012 -0.0000000000 -0.0000000000 -0.0000000000  0.2963264902 -0.0000000000 -0.0002285661  0.0000000000  0.0000000011 -0.0000000000 -0.0000000000  0.0999794793 -0.0000000000  0.0000000011
  0.4000000000  0.3333333333  0.6666666667  0.0000000000  1.0000000000  1.0000000000  0.2730975430  0.0000000012  0.0785448998  0.0000000000 -0.0001081653  0.0000000000  0.0000000036  0.0000000012 -0.0000000000 -0.0000000000  0.0000000000  0.2971373062  0.0000000000 -0.0002264916 -0.0000000000  0.0000000011 -0.0000000000 -0.0000000000  0.1001144336  0.0000000000  0.0000000011
  0.4000000000  0.3333333333  0.6666666667  0.3333333333  0.0000000000  0.0000000000  0.2767723788  0.0000000011  0.0776888256 -0.0000000000  0.0052439784  0.0000000000  0.0000000036  0.0000000011 -0.0000000000  0.0000000001 -0.0000000000  0.2872886828 -0.0000000000  0.0054475697  0.0000000000  0.0000000011  0.0000000000 -0.0000000000  0.1004635691 -0.0000000000  0.0000000011
  0.4000000000  0.3333333333  0.6666666667  0.3333333333  0.0000000000  0.3333333333  0.2755083366  0.0000000011  0.0784038982 -0.0000000000  0.0050201182 -0.0000000000  0.0000000036  0.0000000011 -0.0000000000  0.0000000001 -0.0000000000  0.2897113516  0.0000000000  0.0054560555  0.0000000000  0.0000000011 -0.0000000000 -0.0000000000  0.1007178701  0.0000000000  0.0000000011
  0.4000000000  0.3333333333  0.6666666667  0.3333333333  0.0000000000  0.6666666667  0.2727504731  0.0000000012  0.0785624128  0.0000000000  0.0000185624  0.0000000000  0.0000000036  0.0000000012 -0.0000000000  0.0000000000 -0.0000000000  0.2964861779  0.0000000000 -0.0000350830 -0.0000000000  0.0000000011 -0.0000000000 -0.0000000000  0.1004487260  0.0000000000  0.0000000011
  0.4000000000  0.3333333333  0.6666666667  0.3333333333  0.0000000000  1.0000000000  0.2727773865  0.0000000012  0.0785672013  0.0000000000 -0.0000181147 -0.0000000000  0.0000000036  0.0000000012 -0.0000000000  0.0000000000 -0.0000000000  0.2967688252  0.0000000000 -0.0000798999 -0.0000000000  0.0000000011 -0.0000000000 -0.0000000000  0.1003772025 -0.0000000000  0.0000000011
  0.4000000000  0.3333333333  0.6666666667  0.3333333333  0.3333333333  0.0000000000  0.2717884098  0.0000000010  0.0768425261 -0.0000000000  0.0060150442  0.0000000000  0.0000000036  0.0000000009 -0.0000000000  0.0000000001 -0.0000000000  0.2852820453 -0.0000000000  0.0054179672  0.0000000000  0.0000000011  0.0000000000 -0.0000000000  0.1010239697 -0.0000000000  0.0000000011
  0.4000000000  0.3333333333  0.6666666667  0.3333333333  0.3333333333  0.3333333333  0.2752993715  0.0000000011  0.0785286145 -0.0000000000  0.0048718903 -0.0000000000  0.0000000036  0.0000000011 -0.0000000000  0.0000000001 -0.0000000000  0.2902922073  0.0000000000  0.0053342839  0.0000000000  0.0000000011 -0.0000000000 -0.0000000000  0.1007237129  0.0000000000  0.0000000011
  0.4000000000  0.3333333333  0.6666666667  0.3333333333  0.3333333333  0.6666666667  0.2727684496  0.0000000012  0.0785708592  0.0000000000  0.0000146198 -0.0000000000  0.0000000036  0.0000000012 -0.0000000000  0.0000000000 -0.0000000000  0.2965342467  0.0000000000 -0.0000496919  0.0000000000  0.0000000011 -0.0000000000 -0.0000000000  0.1004340013  0.0000000000  0.0000000011
  0.4000000000  0.3333333333  0.6666666667  0.3333333333  0.3333333333  1.0000000000  0.2730181375  0.0000000012  0.0785632921 -0.0000000000 -0.0000704945  0.0000000000  0.0000000036  0.0000000012 -0.0000000000 -0.0000000000 -0.0000000000  0.2968631894  0.0000000000 -0.0001663553  0.0000000000  0.0000000011 -0.0000000000 -0.0000000000  0.1002605833  0.0000000000  0.0000000011
  0.4000000000  0.3333333333  0.6666666667  0.3333333333  0.6666666667  0.0000000000  0.0584989084  0.0192084896  0.0584963680 -0.0009443432  0.0584957318 -0.0009443521  0.1637172994  0.0192085020 -0.0005909856  0.0192080281 -0.0005909574  0.0584990489 -0.0009443670  0.0584958025 -0.0009443757  0.0341892747 -0.0009443513  0.0341883379  0.0584968944 -0.0009443275  0.0341892973
  0.4000000000  0.3333333333  0.6666666667  0.3333333333  0.6666666667  0.3333333333  0.2756281186  0.0000000011  0.0784413443 -0.0000000000  0.0046685392 -0.0000000000  0.0000000036  0.0000000011 -0.0000000000  0.0000000001 -0.0000000000  0.2907846079  0.0000000000  0.0051263488  0.0000000000  0.0000000011 -0.0000000000 -0.0000000000  0.1006424742  0.0000000000  0.0000000011
  0.4000000000  0.3333333333  0.6666666667  0.3333333333  0.6666666667  0.6666666667  0.2727300390  0.0000000012  0.0785708204  0.0000000000  0.0000274902 -0.0000000000  0.0000000036  0.0000000012 -0.0000000000  0.0000000000 -0.0000000000  0.2965482639  0.0000000000 -0.0000453448  0.0000000000  0.0000000011  0.0000000000 -0.0000000000  0.1004345221  0.0000000000  0.0000000011
  0.4000000000  0.3333333333  0.6666666667  0.3333333333  0.6666666667  1.0000000000  0.2732032099  0.0000000012  0.0785704259 -0.0000000000 -0.0000694644  0.0000000000  0.0000000036  0.0000000012 -0.0000000000 -0.0000000000 -0.0000000000  0.2969140440 -0.0000000000 -0.0001506302  0.0000000000  0.0000000011 -0.0000000000 -0.0000000000  0.1001918616 -0.0000000000  0.0000000011
  0.4000000000  0.3333333333  0.6666666667  0.3333333333  1.0000000000  0.0000000000  0.2975684771  0.0758044582  0.0000000011  0.0000000000  0.0000000000  0.0013665671  0.2771943629  0.0000000011  0.0000000000  0.0000000000  0.0013170099  0.0000000036  0.0000000000  0.0000000000  0.0000000000  0.0000000011  0.0000000000  0.0000000000  0.0000000011  0.0000000000  0.1010692351
  0.4000000000  0.3333333333  0.6666666667  0.3333333333  1.0000000000  0.3333333333  0.2762502160  0.0000000011  0.0782209481 -0.0000000000  0.0044827966  0.0000000000  0.0000000036  0.0000000011 -0.0000000000  0.0000000001 -0.0000000000  0.2915195747 -0.0000000000  0.0049224591  0.0000000000  0.0000000011  0.0000000000 -0.0000000000  0.1005704635 -0.0000000000  0.0000000011
  0.4000000000  0.3333333333  0.6666666667  0.3333333333  1.0000000000  0.6666666667  0.2737891278  0.0000000012  0.0785632402 -0.0000000000  0.0000282354 -0.0000000000  0.0000000036  0.0000000012 -0.0000000000  0.0000000000 -0.0000000000  0.2967419415 -0.0000000000  0.0000209968 -0.0000000000  0.0000000011  0.0000000000 -0.0000000000  0.1000590182 -0.0000000000  0.0000000011
  0.4000000000  0.3333333333  0.6666666667  0.3333333333  1.0000000000  1.0000000000  0.2735084780  0.0000000012  0.0785832864 -0.0000000000 -0.0001481773 -0.0000000000  0.0000000036  0.0000000012 -0.0000000000 -0.0000000000 -0.0000000000  0.2969000446 -0.0000000000 -0.0002410609 -0.0000000000  0.0000000011  0.0000000000 -0.0000000000  0.1001053358 -0.0000000000  0.0000000011
  0.4000000000  0.3333333333  0.6666666667  0.6666666667  0.0000000000  0.0000000000  0.2689928504  0.0000000010  0.0776088399 -0.0000000000  0.0059634588  0.0000000000  0.0000000036  0.0000000010 -0.0000000000  0.0000000001 -0.0000000000  0.2893573096 -0.0000000000  0.0059407230  0.0000000000  0.0000000011  0.0000000000 -0.0000000000  0.1013647121 -0.0000000000  0.0000000011
  0.4000000000  0.3333333333  0.6666666667  0.6666666667  0.0000000000  0.3333333333  0.2766474277  0.0000000011  0.0758528332  0.0000000000  0.0026985883  0.0000000000  0.0000000036  0.0000000011  0.0000000000  0.0000000000 -0.0000000000  0.2952520556  0.0000000000  0.0028034529  0.0000000000  0.0000000011 -0.0000000000 -0.0000000000  0.1016689376  0.0000000000  0.0000000011
  0.4000000000  0.3333333333  0.6666666667  0.6666666667  0.0000000000  0.6666666667  0.2720700394  0.0000000011  0.0760559600  0.0000000000  0.0008286678  0.0000000000  0.0000000036  0.0000000011  0.0000000000  0.0000000000 -0.0000000000  0.2981665457  0.0000000000  0.0007898445  0.0000000000  0.0000000011 -0.0000000000 -0.0000000000  0.1020083030  0.0000000000  0.0000000011
  0.4000000000  0.3333333333  0.6666666667  0.6666666667  0.0000000000  1.0000000000  0.2726475651  0.0000000012  0.0785379667  0.0000000000 -0.0000622737  0.0000000000  0.0000000036  0.0000000012 -0.0000000000 -0.0000000000 -0.0000000000  0.2974290012 -0.0000000000 -0.0001610062  0.0000000000  0.0000000011 -0.0000000000 -0.0000000000  0.1002024485  0.0000000000  0.0000000011
  0.4000000000  0.3333333333  0.6666666667  0.6666666667  0.3333333333  0.0000000000  0.0584883621  0.0194287278  0.0584853843 -0.0018805520  0.0584845868 -0.0018806095  0.1547608894  0.0194287437 -0.0015831523  0.0194282538 -0.0015831937  0.0584886724 -0.0018805432  0.0584847418 -0.0018806004  0.0344777153 -0.0018805487  0.0344765289  0.0584860428 -0.0018805114  0.0344777121
  0.4000000000  0.3333333333  0.6666666667  0.6666666667  0.3333333333  0.3333333333  0.2687614262  0.0000000011  0.0771378982  0.0000000000  0.0034632105 -0.0000000000  0.0000000036  0.0000000011 -0.0000000000  0.0000000000 -0.0000000000  0.2938941700  0.0000000000  0.0033307098 -0.0000000000  0.0000000011 -0.0000000000 -0.0000000000  0.1024455591  0.0000000000  0.0000000011
  0.4000000000  0.3333333333  0.6666666667  0.6666666667  0.3333333333  0.6666666667  0.2725443988  0.0000000011  0.0759503109 -0.0000000000  0.0006730314  0.0000000000  0.0000000036  0.0000000011  0.0000000000  0.0000000000  0.0000000000  0.2992082799 -0.0000000000  0.0007533168  0.0000000000  0.0000000011  0.0000000000  0.0000000000  0.1014714254 -0.0000000000  0.0000000011
  0.4000000000  0.3333333333  0.6666666667  0.6666666667  0.3333333333  1.0000000000  0.2727020795  0.0000000012  0.0785531704  0.0000000000 -0.0000747260  0.0000000000  0.0000000036  0.0000000012 -0.0000000000 -0.0000000000 -0.0000000000  0.2974493689 -0.0000000000 -0.0001676303  0.0000000000  0.0000000011 -0.0000000000 -0.0000000000  0.1001874841  0.0000000000  0.0000000011
  0.4000000000  0.3333333333  0.6666666667  0.6666666667  0.6666666667  0.0000000000  0.0584531892  0.0194317821  0.0584505648 -0.0016035800  0.0584498603 -0.0016035974  0.1594972010  0.0194318345 -0.0013885362  0.0194312643 -0.0013885865  0.0584534974 -0.0016035836  0.0584500128 -0.0016036011  0.0343172519 -0.0016035677  0.0343161887  0.0584511221 -0.0016035668  0.0343172123
  0.4000000000  0.3333333333  0.6666666667  0.6666666667  0.6666666667  0.3333333333  0.2569077852  0.0481418830  0.0451483123 -0.0012544923  0.0002409542 -0.0001791781  0.1530555529  0.0164877872 -0.0021451675  0.0000572785  0.0000156214  0.1623507432 -0.0020491944  0.0000894373 -0.0000449876  0.0085341554 -0.0000404974 -0.0000097919  0.0536475885 -0.0014999965  0.0570460378
  0.4000000000  0.3333333333  0.6666666667  0.6666666667  0.6666666667  0.6666666667  0.2728166197  0.0000000011  0.0761362260  0.0000000000  0.0011644574  0.0000000000  0.0000000036  0.0000000011  0.0000000000  0.0000000000 -0.0000000000  0.2964318500  0.0000000000  0.0009692793 -0.0000000000  0.0000000011 -0.0000000000 -0.0000000000  0.1028025578  0.0000000000  0.0000000011
  0.4000000000  0.3333333333  0.6666666667  0.6666666667  0.6666666667  1.0000000000  0.2705664275  0.0000000011  0.0751599096  0.0000000000 -0.0005211254 -0.0000000000  0.0000000036  0.0000000011  0.0000000000 -0.0000000000 -0.0000000000  0.2999016168 -0.0000000000 -0.0005965091  0.0000000000  0.0000000011 -0.0000000000 -0.0000000000  0.1016024687 -0.0000000000  0.0000000011
  0.4000000000  0.3333333333  0.6666666667  0.6666666667  1.0000000000  0.0000000000  0.2947842510  0.0755915762  0.0000000011  0.0000000000  0.0000000000  0.0015351078  0.2788757734  0.0000000011  0.0000000000  0.0000000000  0.0015965207  0.0000000036 -0.0000000000  0.0000000000  0.0000000000  0.0000000011 -0.0000000000  0.0000000000  0.0000000011 -0.0000000000  0.1019194259
  0.4000000000  0.3333333333  0.6666666667  0.6666666667  1.0000000000  0.3333333333  0.2564395779  0.0480839258  0.0448893688 -0.0015027584  0.0002458639 -0.0001657900  0.1529701002  0.0165221605 -0.0025856897  0.0000648227  0.0000106971  0.1622216402 -0.0024641197  0.0001024278 -0.0000403901  0.0085636321 -0.0000376504 -0.0000118666  0.0535499665 -0.0017848891  0.0570810029
  0.4000000000  0.3333333333  0.6666666667  0.6666666667  1.0000000000  0.6666666667  0.2575027759  0.0482755693  0.0457009095 -0.0004936227  0.0001513500 -0.0001349425  0.1535250883  0.0165058725 -0.0008545661  0.0000343076  0.0000557517  0.1627763760 -0.0008062432  0.0000761636 -0.0000298111  0.0085145167 -0.0000468342 -0.0000112446  0.0538657916 -0.0005965105  0.0569784316
  0.4000000000  0.3333333333  0.6666666667  0.6666666667  1.0000000000  1.0000000000  0.2757034405  0.0000000011  0.0773667529  0.0000000000 -0.0009222709  0.0000000000  0.0000000036  0.0000000011  0.0000000000 -0.0000000000 -0.0000000000  0.2990388924  0.0000000000 -0.0010898388  0.0000000000  0.0000000011 -0.0000000000 -0.0000000000  0.1002659819  0.0000000000  0.0000000011
  0.4000000000  0.3333333333  0.6666666667  1.0000000000  0.0000000000  0.0000000000  0.0376993433  0.0223930409  0.0376194666 -0.0183063315  0.0376115642 -0.0183039103  0.0965017232  0.0223901825 -0.0177685014  0.0223647792 -0.0177708420  0.0377011783 -0.0183061733  0.0376124876 -0.0183094123  0.0263137250 -0.0183042646  0.0262644507  0.0376455018 -0.0183047196  0.0263149292
  0.4000000000  0.3333333333  0.6666666667  1.0000000000  0.0000000000  0.3333333333  0.0521555080  0.0521521927  0.0233829241 -0.0055103105  0.0055103339 -0.0521515153  0.0521553593  0.0233830355 -0.0055103126  0.0055103314 -0.0521514358  0.1527586500 -0.0040799619  0.0040799247 -0.0233821512  0.0335614225 -0.0335599028  0.0055102465  0.0335614474 -0.0055102402  0.0521527688
  0.4000000000  0.3333333333  0.6666666667  1.0000000000  0.0000000000  0.6666666667  0.0582597383  0.0582561898  0.0197824349 -0.0016184361  0.0016184179 -0.0582554832  0.0582593596  0.0197823105 -0.0016184665  0.0016184474 -0.0582552953  0.1580664517 -0.0013794465  0.0013792805 -0.0197815764  0.0346131102 -0.0346118588  0.0016183989  0.0346132210 -0.0016184052  0.0582568199
  0.4000000000  0.3333333333  0.6666666667  1.0000000000  0.0000000000  1.0000000000  0.2662727725  0.0000000011  0.0780705825  0.0000000000 -0.0023224504  0.0000000000  0.0000000036  0.0000000011 -0.0000000000 -0.0000000000 -0.0000000000  0.2983809323  0.0000000000 -0.0036283951  0.0000000000  0.0000000011  0.0000000000 -0.0000000000  0.1003462486  0.0000000000  0.0000000011
  0.4000000000  0.3333333333  0.6666666667  1.0000000000  0.3333333333  0.0000000000  0.0488441207  0.0232735415  0.0488404568 -0.0082684070  0.0488395216 -0.0082683633  0.1449521008  0.0232733138 -0.0061964195  0.0232725009 -0.0061967093  0.0488443813 -0.0082682921  0.0488396483 -0.0082682391  0.0327964962 -0.0082682495  0.0327947819  0.0488411047 -0.0082681751  0.0327965201
  0.4000000000  0.3333333333  0.6666666667  1.0000000000  0.3333333333  0.3333333333  0.0632401531  0.0579967195  0.0242640579 -0.0018940655  0.0022136863 -0.0534930348  0.0682255215  0.0245664864 -0.0014835869  0.0017386252 -0.0529406682  0.1730163437 -0.0015802286  0.0023013797 -0.0213192282  0.0371031902 -0.0347458848  0.0018469265  0.0364177012 -0.0017088404  0.0552976179
  0.4000000000  0.3333333333  0.6666666667  1.0000000000  0.3333333333  0.6666666667  0.2742184136  0.0000000011  0.0774317264  0.0000000000 -0.0010391455  0.0000000000  0.0000000036  0.0000000011  0.0000000000 -0.0000000000 -0.0000000000  0.2985355324  0.0000000000 -0.0014066781  0.0000000000  0.0000000011 -0.0000000000 -0.0000000000  0.1011626209  0.0000000000  0.0000000011
  0.4000000000  0.3333333333  0.6666666667  1.0000000000  0.3333333333  1.0000000000  0.2671195876  0.0000000011  0.0758129557  0.0000000000 -0.0008603405  0.0000000000  0.0000000036  0.0000000011 -0.0000000000 -0.0000000000  0.0000000000  0.3030260409  0.0000000000 -0.0010095257  0.0000000000  0.0000000011 -0.0000000000 -0.0000000000  0.1011508942  0.0000000000  0.0000000011
  0.4000000000  0.3333333333  0.6666666667  1.0000000000  0.6666666667  0.0000000000  0.2956543528  0.0785281237  0.0000000012 -0.0000000000  0.0000000000 -0.0001896603  0.2728814872  0.0000000012 -0.0000000000  0.0000000000 -0.0001005400  0.0000000036 -0.0000000000 -0.0000000000  0.0000000000  0.0000000011 -0.0000000000  0.0000000000  0.0000000011 -0.0000000000  0.1006031022
  0.4000000000  0.3333333333  0.6666666667  1.0000000000  0.6666666667  0.3333333333  0.2559992763  0.0501689697  0.0389171422 -0.0038794594  0.0004580525  0.0001361817  0.1583986208  0.0181158170 -0.0056537191 -0.0000399326 -0.0000859359  0.1400015163 -0.0073046370  0.0001436665 -0.0000436801  0.0097137544 -0.0000470658  0.0000312769  0.0473468477 -0.0041955512  0.0601043983
  0.4000000000  0.3333333333  0.6666666667  1.0000000000  0.6666666667  0.6666666667  0.2572747481  0.0481547027  0.0453092826 -0.0011636487  0.0000113924 -0.0000089321  0.1531281745  0.0165027864 -0.0019910595  0.0000031305  0.0000040064  0.1624525072 -0.0019120337  0.0000039607 -0.0000007805  0.0085300817 -0.0000042772 -0.0000007214  0.0537000901 -0.0013885731  0.0570106186
  0.4000000000  0.3333333333  0.6666666667  1.0000000000  0.6666666667  1.0000000000  0.0721126944  0.0580098382  0.0278408415 -0.0012961727 -0.0002705152 -0.0492896811  0.0722055977  0.0277349086 -0.0001114758  0.0011070052 -0.0490141055  0.1965541216 -0.0000126688 -0.0002096963 -0.0240278254  0.0393017093 -0.0353238793  0.0006532136  0.0388940510 -0.0006000429  0.0593228327
  0.4000000000  0.3333333333  0.6666666667  1.0000000000  1.0000000000  0.0000000000  0.2958990613  0.0759300261  0.0000000011 -0.0000000000  0.0000000000  0.0002378307  0.2781897987  0.0000000011  0.0000000000  0.0000000000  0.0004579119  0.0000000036  0.0000000000  0.0000000000  0.0000000000  0.0000000011 -0.0000000000  0.0000000000  0.0000000011 -0.0000000000  0.1022416842
  0.4000000000  0.3333333333  0.6666666667  1.0000000000  1.0000000000  0.3333333333  0.2959346647  0.0785931585  0.0000000012  0.0000000000  0.0000000000  0.0002198694  0.2733480208  0.0000000012  0.0000000000  0.0000000000  0.0001808743  0.0000000036 -0.0000000000 -0.0000000000  0.0000000000  0.0000000011 -0.0000000000  0.0000000000  0.0000000011  0.0000000000  0.1004444813
  0.4000000000  0.3333333333  0.6666666667  1.0000000000  1.0000000000  0.6666666667  0.2576939461  0.0482980057  0.0458110370 -0.0003346814 -0.0000566050  0.0000514198  0.1535879223  0.0165091870 -0.0005748917 -0.0000165259 -0.0000190696  0.1628215913 -0.0005358448 -0.0000401103  0.0000146612  0.0085059094  0.0000138888  0.0000058228  0.0539043478 -0.0003950833  0.0569653484
  0.4000000000  0.3333333333  0.6666666667  1.0000000000  1.0000000000  1.0000000000  0.2576727887  0.0482968832  0.0458107702 -0.0002642423 -0.0001179784  0.0001296676  0.1536058941  0.0165093705 -0.0004631912 -0.0000367169 -0.0000523712  0.1628403393 -0.0004307830 -0.0000886001  0.0000347061  0.0085165479  0.0000364653  0.0000130980  0.0539148551 -0.0003215201  0.0569711343
  0.4000000000  0.3333333333  1.0000000000  0.0000000000  0.0000000000  0.0000000000  0.2671931186  0.0000000011  0.0789351983  0.0000000000  0.0067628598  0.0000000000  0.0000000036  0.0000000011 -0.0000000000  0.0000000001 -0.0000000000  0.2873947289 -0.0000000000  0.0073767373 -0.0000000000  0.0000000011  0.0000000000 -0.0000000000  0.1013474934 -0.0000000000  0.0000000011
  0.4000000000  0.3333333333  1.0000000000  0.0000000000  0.0000000000  0.3333333333  0.2664411142  0.0000000011  0.0785549813  0.0000000000  0.0050749700 -0.0000000000  0.0000000036  0.0000000010  0.0000000000  0.0000000001 -0.0000000000  0.2918202291  0.0000000000  0.0052993721 -0.0000000000  0.0000000011 -0.0000000000 -0.0000000000  0.1017040987  0.0000000000  0.0000000011
  0.4000000000  0.3333333333  1.0000000000  0.0000000000  0.0000000000  0.6666666667  0.2697791192  0.0000000012  0.0787495845  0.0000000000  0.0017174688  0.0000000000  0.0000000036  0.0000000011 -0.0000000000  0.0000000000 -0.0000000000  0.2949258829  0.0000000000  0.0016813977 -0.0000000000  0.0000000011 -0.0000000000 -0.0000000000  0.1010008546  0.0000000000  0.0000000011
  0.4000000000  0.3333333333  1.0000000000  0.0000000000  0.0000000000  1.0000000000  0.2727226444  0.0000000012  0.0785637478  0.0000000000 -0.0000000000 -0.0000000000  0.0000000036  0.0000000011 -0.0000000000  0.0000000000 -0.0000000000  0.2957931093 -0.0000000000 -0.0000000000 -0.0000000000  0.0000000011 -0.0000000000 -0.0000000000  0.1006182326 -0.0000000000  0.0000000011
  0.4000000000  0.3333333333  1.0000000000  0.0000000000  0.3333333333  0.0000000000  0.2685941180  0.0000000011  0.0770729803  0.0000000000  0.0064650424 -0.0000000000  0.0000000036  0.0000000011 -0.0000000000  0.0000000000 -0.0000000000  0.2901156682  0.0000000000  0.0070295569 -0.0000000000  0.0000000011 -0.0000000000 -0.0000000000  0.1013074434  0.0000000000  0.0000000011
  0.4000000000  0.3333333333  1.0000000000  0.0000000000  0.3333333333  0.3333333333  0.2668218122  0.0000000011  0.0784804831  0.0000000000  0.0051227726 -0.0000000000  0.0000000036  0.0000000010  0.0000000000  0.0000000001 -0.0000000000  0.2919060021  0.0000000000  0.0053460111 -0.0000000000  0.0000000011 -0.0000000000 -0.0000000000  0.1014737451  0.0000000000  0.0000000011
  0.4000000000  0.3333333333  1.0000000000  0.0000000000  0.3333333333  0.6666666667  0.2727246537  0.0000000012  0.0785652378  0.0000000000  0.0000689133  0.0000000000  0.0000000036  0.0000000011 -0.0000000000  0.0000000000 -0.0000000000  0.2957884041  0.0000000000  0.0000775390  0.0000000000  0.0000000011 -0.0000000000 -0.0000000000  0.1006151275  0.0000000000  0.0000000011
  0.4000000000  0.3333333333  1.0000000000  0.0000000000  0.3333333333  1.0000000000  0.2727314113  0.0000000012  0.0785671486  0.0000000000 -0.0000000000 -0.0000000000  0.0000000036  0.0000000011 -0.0000000000  0.0000000000 -0.0000000000  0.2957771494  0.0000000000 -0.0000000000  0.0000000000  0.0000000011 -0.0000000000 -0.0000000000  0.1006193397 -0.0000000000  0.0000000011
  0.4000000000  0.3333333333  1.0000000000  0.0000000000  0.6666666667  0.0000000000  0.2670559631  0.0000000011  0.0751516215 -0.0000000000  0.0063374021  0.0000000000  0.0000000036  0.0000000010 -0.0000000000  0.0000000001 -0.0000000000  0.2918861330 -0.0000000000  0.0067547899  0.0000000000  0.0000000011  0.0000000000 -0.0000000000  0.1016838095 -0.0000000000  0.0000000011
  0.4000000000  0.3333333333  1.0000000000  0.0000000000  0.6666666667  0.3333333333  0.2669212163  0.0000000011  0.0784617021  0.0000000000  0.0050568005 -0.0000000000  0.0000000036  0.0000000010  0.0000000000  0.0000000001 -0.0000000000  0.2920896981  0.0000000000  0.0052855444 -0.0000000000  0.0000000011 -0.0000000000 -0.0000000000  0.1014194562  0.0000000000  0.0000000011
  0.4000000000  0.3333333333  1.0000000000  0.0000000000  0.6666666667  0.6666666667  0.2727166494  0.0000000012  0.0785635524  0.0000000000  0.0000605617  0.0000000000  0.0000000036  0.0000000011 -0.0000000000  0.0000000000 -0.0000000000  0.2957706116  0.0000000000  0.0000633496  0.0000000000  0.0000000011 -0.0000000000 -0.0000000000  0.1006193850  0.0000000000  0.0000000011
  0.4000000000  0.3333333333  1.0000000000  0.0000000000  0.6666666667  1.0000000000  0.2727355010  0.0000000012  0.0785695479  0.0000000000 -0.0000000000 -0.0000000000  0.0000000036  0.0000000011 -0.0000000000  0.0000000000 -0.0000000000  0.2957535505  0.0000000000 -0.0000000000  0.0000000000  0.0000000011 -0.0000000000 -0.0000000000  0.1006222303 -0.0000000000  0.0000000011
  0.4000000000  0.3333333333  1.0000000000  0.0000000000  1.0000000000  0.0000000000  0.0586676769  0.0189637830  0.0586640349  0.0013895052  0.0586631192  0.0013894842  0.1600491345  0.0189638062  0.0006417509  0.0189632724  0.0006416161  0.0586678334  0.0013895897  0.0586632001  0.0013895690  0.0341109908  0.0013894783  0.0341096253  0.0586648375  0.0013894547  0.0341110754
  0.4000000000  0.3333333333  1.0000000000  0.0000000000  1.0000000000  0.3333333333  0.2669663527  0.0000000011  0.0784397510  0.0000000000  0.0050461672 -0.0000000000  0.0000000036  0.0000000010  0.0000000000  0.0000000001 -0.0000000000  0.2921895480  0.0000000000  0.0052852495 -0.0000000000  0.0000000011 -0.0000000000 -0.0000000000  0.1013974341  0.0000000000  0.0000000011
  0.4000000000  0.3333333333  1.0000000000  0.0000000000  1.0000000000  0.6666666667  0.2727275033  0.0000000012  0.0785665598  0.0000000000  0.0000603632  0.0000000000  0.0000000036  0.0000000011 -0.0000000000  0.0000000000 -0.0000000000  0.2957653094  0.0000000000  0.0000541051  0.0000000000  0.0000000011 -0.0000000000 -0.0000000000  0.1006175919  0.0000000000  0.0000000011
  0.4000000000  0.3333333333  1.0000000000  0.0000000000  1.0000000000  1.0000000000  0.2727399201  0.0000000012  0.0785720227  0.0000000000 -0.0000000000 -0.0000000000  0.0000000036  0.0000000011 -0.0000000000  0.0000000000 -0.0000000000  0.2957362186  0.0000000000 -0.0000000000 -0.0000000000  0.0000000011 -0.0000000000 -0.0000000000  0.1006239466  0.0000000000  0.0000000011
  0.4000000000  0.3333333333  1.0000000000  0.3333333333  0.0000000000  0.0000000000  0.2656125653  0.0000000010  0.0782292821 -0.0000000000  0.0057863118  0.0000000000  0.0000000036  0.0000000010 -0.0000000000  0.0000000001 -0.0000000000  0.2912491079 -0.0000000000  0.0060376328  0.0000000000  0.0000000011  0.0000000000 -0.0000000000  0.1017956998 -0.0000000000  0.0000000011
  0.4000000000  0.3333333333  1.0000000000  0.3333333333  0.0000000000  0.3333333333  0.2662050481  0.0000000011  0.0785385977  0.0000000000  0.0050543589 -0.0000000000  0.0000000036  0.0000000010  0.0000000000  0.0000000001 -0.0000000000  0.2923628818  0.0000000000  0.0053933649 -0.0000000000  0.0000000011 -0.0000000000 -0.0000000000  0.1014675662  0.0000000000  0.0000000011
  0.4000000000  0.3333333333  1.0000000000  0.3333333333  0.0000000000  0.6666666667  0.2692251540  0.0000000012  0.0788199464  0.0000000000  0.0020516687 -0.0000000000  0.0000000036  0.0000000011 -0.0000000000  0.0000000000 -0.0000000000  0.2947511305  0.0000000000  0.0020832249 -0.0000000000  0.0000000011 -0.0000000000 -0.0000000000  0.1010862141  0.0000000000  0.0000000011
  0.4000000000  0.3333333333  1.0000000000  0.3333333333  0.0000000000  1.0000000000  0.2726703170  0.0000000012  0.0785468105  0.0000000000  0.0000112106 -0.0000000000  0.0000000036  0.0000000012 -0.0000000000  0.0000000000 -0.0000000000  0.2963344910  0.0000000000  0.0000248228  0.0000000000  0.0000000011  0.0000000000 -0.0000000000  0.1005110590  0.0000000000  0.0000000011
  0.4000000000  0.3333333333  1.0000000000  0.3333333333  0.3333333333  0.0000000000  0.2672700254  0.0000000011  0.0744663658  0.0000000000  0.0065446290 -0.0000000000  0.0000000036  0.0000000011 -0.0000000000  0.0000000000 -0.0000000000  0.2917927970 -0.0000000000  0.0072316975 -0.0000000000  0.0000000011  0.0000000000 -0.0000000000  0.1013916458  0.0000000000  0.0000000011
  0.4000000000  0.3333333333  1.0000000000  0.3333333333  0.3333333333  0.3333333333  0.2663350525  0.0000000011  0.0785143563  0.0000000000  0.0050072138  0.0000000000  0.0000000036  0.0000000010  0.0000000000  0.0000000001 -0.0000000000  0.2925438689  0.0000000000  0.0053491613 -0.0000000000  0.0000000011 -0.0000000000 -0.0000000000  0.1014021996  0.0000000000  0.0000000011
  0.4000000000  0.3333333333  1.0000000000  0.3333333333  0.3333333333  0.6666666667  0.2692677111  0.0000000012  0.0787147189  0.0000000000  0.0020687853 -0.0000000000  0.0000000036  0.0000000011 -0.0000000000  0.0000000000 -0.0000000000  0.2948062859  0.0000000000  0.0020988708 -0.0000000000  0.0000000011 -0.0000000000 -0.0000000000  0.1010188746  0.0000000000  0.0000000011
  0.4000000000  0.3333333333  1.0000000000  0.3333333333  0.3333333333  1.0000000000  0.2726581191  0.0000000012  0.0785447058  0.0000000000  0.0000112756 -0.0000000000  0.0000000036  0.0000000011 -0.0000000000  0.0000000000 -0.0000000000  0.2963305050  0.0000000000  0.0000247612 -0.0000000000  0.0000000011  0.0000000000 -0.0000000000  0.1005130475  0.0000000000  0.0000000011
  0.4000000000  0.3333333333  1.0000000000  0.3333333333  0.6666666667  0.0000000000  0.2669140401  0.0000000011  0.0752125063 -0.0000000000  0.0063431016  0.0000000000  0.0000000036  0.0000000010 -0.0000000000  0.0000000001 -0.0000000000  0.2918543186 -0.0000000000  0.0067379962  0.0000000000  0.0000000011  0.0000000000 -0.0000000000  0.1016786662 -0.0000000000  0.0000000011
  0.4000000000  0.3333333333  1.0000000000  0.3333333333  0.6666666667  0.3333333333  0.2664047928  0.0000000011  0.0784968037  0.0000000000  0.0049685003  0.0000000000  0.0000000036  0.0000000010  0.0000000000  0.0000000001 -0.0000000000  0.2926545891  0.0000000000  0.0053098168 -0.0000000000  0.0000000011 -0.0000000000 -0.0000000000  0.1013629685  0.0000000000  0.0000000011
  0.4000000000  0.3333333333  1.0000000000  0.3333333333  0.6666666667  0.6666666667  0.2699808675  0.0000000012  0.0787147931  0.0000000000  0.0014868620 -0.0000000000  0.0000000036  0.0000000011 -0.0000000000  0.0000000000 -0.0000000000  0.2953108031  0.0000000000  0.0015022905 -0.0000000000  0.0000000011 -0.0000000000 -0.0000000000  0.1009253756  0.0000000000  0.0000000011
  0.4000000000  0.3333333333  1.0000000000  0.3333333333  0.6666666667  1.0000000000  0.2726555608  0.0000000012  0.0785442752  0.0000000000  0.0000111475 -0.0000000000  0.0000000036  0.0000000011 -0.0000000000  0.0000000000 -0.0000000000  0.2963285502  0.0000000000  0.0000249695 -0.0000000000  0.0000000011  0.0000000000 -0.0000000000  0.1005135219  0.0000000000  0.0000000011
  0.4000000000  0.3333333333  1.0000000000  0.3333333333  1.0000000000  0.0000000000  0.2666625723  0.0000000011  0.0754162161 -0.0000000000  0.0063713036  0.0000000000  0.0000000036  0.0000000010 -0.0000000000  0.0000000001 -0.0000000000  0.2915030395 -0.0000000000  0.0066991439  0.0000000000  0.0000000011  0.0000000000 -0.0000000000  0.1017342390 -0.0000000000  0.0000000011
  0.4000000000  0.3333333333  1.0000000000  0.3333333333  1.0000000000  0.3333333333  0.2663170698  0.0000000011  0.0787959040  0.0000000000  0.0045018086 -0.0000000000  0.0000000036  0.0000000011 -0.0000000000  0.0000000000 -0.0000000000  0.2929892011  0.0000000000  0.0048272458 -0.0000000000  0.0000000011 -0.0000000000 -0.0000000000  0.1015160230  0.0000000000  0.0000000011
  0.4000000000  0.3333333333  1.0000000000  0.3333333333  1.0000000000  0.6666666667  0.2703624917  0.0000000012  0.0786968582  0.0000000000  0.0012203967 -0.0000000000  0.0000000036  0.0000000011 -0.0000000000  0.0000000000 -0.0000000000  0.2955404164  0.0000000000  0.0012287643 -0.0000000000  0.0000000011 -0.0000000000 -0.0000000000  0.1008632415  0.0000000000  0.0000000011
  0.4000000000  0.3333333333  1.0000000000  0.3333333333  1.0000000000  1.0000000000  0.2727447504  0.0000000012  0.0785716850  0.0000000000  0.0000179954  0.0000000000  0.0000000036  0.0000000011 -0.0000000000  0.0000000000 -0.0000000000  0.2958728934  0.0000000000  0.0000338433  0.0000000000  0.0000000011  0.0000000000 -0.0000000000  0.1005985644 -0.0000000000  0.0000000011
  0.4000000000  0.3333333333  1.0000000000  0.6666666667  0.0000000000  0.0000000000  0.2664705929  0.0000000011  0.0753475268 -0.0000000000  0.0063893211  0.0000000000  0.0000000036  0.0000000010 -0.0000000000  0.0000000001 -0.0000000000  0.2917018962 -0.0000000000  0.0067394424  0.0000000000  0.0000000011  0.0000000000 -0.0000000000  0.1017101589 -0.0000000000  0.0000000011
  0.4000000000  0.3333333333  1.0000000000  0.6666666667  0.0000000000  0.3333333333  0.2671360260  0.0000000011  0.0765892506  0.0000000000  0.0041914377  0.0000000000  0.0000000036  0.0000000011  0.0000000000  0.0000000000 -0.0000000000  0.2957754222  0.0000000000  0.0043716927 -0.0000000000  0.0000000011 -0.0000000000 -0.0000000000  0.1022598791  0.0000000000  0.0000000011
  0.4000000000  0.3333333333  1.0000000000  0.6666666667  0.0000000000  0.6666666667  0.2725486862  0.0000000012  0.0785319046  0.0000000000  0.0000576659  0.0000000000  0.0000000036  0.0000000012 -0.0000000000  0.0000000000 -0.0000000000  0.2965677150 -0.0000000000  0.0001551229  0.0000000000  0.0000000011 -0.0000000000 -0.0000000000  0.1004654472 -0.0000000000  0.0000000011
  0.4000000000  0.3333333333  1.0000000000  0.6666666667  0.0000000000  1.0000000000  0.2725930936  0.0000000012  0.0785401733 -0.0000000000 -0.0000312551  0.0000000000  0.0000000036  0.0000000011 -0.0000000000 -0.0000000000 -0.0000000000  0.2964598744 -0.0000000000 -0.0000045099 -0.0000000000  0.0000000011 -0.0000000000 -0.0000000000  0.1004889280 -0.0000000000  0.0000000011
  0.4000000000  0.3333333333  1.0000000000  0.6666666667  0.3333333333  0.0000000000  0.2654428888  0.0000000010  0.0781707541  0.0000000000  0.0057828966 -0.0000000000  0.0000000036  0.0000000010  0.0000000000  0.0000000001 -0.0000000000  0.2914314229  0.0000000000  0.0060712252 -0.0000000000  0.0000000011 -0.0000000000 -0.0000000000  0.1017904509  0.0000000000  0.0000000011
  0.4000000000  0.3333333333  1.0000000000  0.6666666667  0.3333333333  0.3333333333  0.2663983344  0.0000000010  0.0765290597  0.0000000000  0.0043636626  0.0000000000  0.0000000036  0.0000000010  0.0000000000  0.0000000001 -0.0000000000  0.2951610832  0.0000000000  0.0046232325 -0.0000000000  0.0000000011 -0.0000000000 -0.0000000000  0.1021992837  0.0000000000  0.0000000011
  0.4000000000  0.3333333333  1.0000000000  0.6666666667  0.3333333333  0.6666666667  0.2727651462  0.0000000012  0.0785611141  0.0000000000  0.0000522167  0.0000000000  0.0000000036  0.0000000012 -0.0000000000  0.0000000000 -0.0000000000  0.2966415076  0.0000000000  0.0001210862  0.0000000000  0.0000000011 -0.0000000000 -0.0000000000  0.1004108405  0.0000000000  0.0000000011
  0.4000000000  0.3333333333  1.0000000000  0.6666666667  0.3333333333  1.0000000000  0.2727478333  0.0000000012  0.0785622520 -0.0000000000 -0.0000018969  0.0000000000  0.0000000036  0.0000000012 -0.0000000000 -0.0000000000 -0.0000000000  0.2964517757 -0.0000000000  0.0000343846  0.0000000000  0.0000000011 -0.0000000000 -0.0000000000  0.1004584298 -0.0000000000  0.0000000011
  0.4000000000  0.3333333333  1.0000000000  0.6666666667  0.6666666667  0.0000000000  0.0585966328  0.0191895780  0.0585931291 -0.0019361671  0.0585921955 -0.0019361772  0.1539575812  0.0191895993 -0.0014016268  0.0191891184 -0.0014016349  0.0585969408 -0.0019362072  0.0585923514 -0.0019362175  0.0343619824 -0.0019361253  0.0343606278  0.0585939182 -0.0019361179  0.0343620265
  0.4000000000  0.3333333333  1.0000000000  0.6666666667  0.6666666667  0.3333333333  0.2664496583  0.0000000011  0.0784442211  0.0000000000  0.0045588339  0.0000000000  0.0000000036  0.0000000010 -0.0000000000  0.0000000000 -0.0000000000  0.2938072599  0.0000000000  0.0050102237 -0.0000000000  0.0000000011  0.0000000000 -0.0000000000  0.1011921781  0.0000000000  0.0000000011
  0.4000000000  0.3333333333  1.0000000000  0.6666666667  0.6666666667  0.6666666667  0.2728042688  0.0000000012  0.0785726786 -0.0000000000  0.0000563870  0.0000000000  0.0000000036  0.0000000012 -0.0000000000  0.0000000000 -0.0000000000  0.2965465883  0.0000000000  0.0001509762  0.0000000000  0.0000000011 -0.0000000000 -0.0000000000  0.1004214177  0.0000000000  0.0000000011
  0.4000000000  0.3333333333  1.0000000000  0.6666666667  0.6666666667  1.0000000000  0.2727590813  0.0000000012  0.0785695376 -0.0000000000 -0.0000040376  0.0000000000  0.0000000036  0.0000000012 -0.0000000000 -0.0000000000 -0.0000000000  0.2964051793 -0.0000000000  0.0000357451  0.0000000000  0.0000000011 -0.0000000000 -0.0000000000  0.1004662684 -0.0000000000  0.0000000011
  0.4000000000  0.3333333333  1.0000000000  0.6666666667  1.0000000000  0.0000000000  0.0586054015  0.0192269587  0.0586018907 -0.0017611676  0.0586009560 -0.0017611620  0.1578694888  0.0192270202 -0.0012040456  0.0192263977 -0.0012040019  0.0586056939 -0.0017612045  0.0586011033 -0.0017611991  0.0342418233 -0.0017611173  0.0342404298  0.0586026603 -0.0017611208  0.0342418162
  0.4000000000  0.3333333333  1.0000000000  0.6666666667  1.0000000000  0.3333333333  0.2665830520  0.0000000011  0.0784556682  0.0000000000  0.0044508527  0.0000000000  0.0000000036  0.0000000010 -0.0000000000  0.0000000000 -0.0000000000  0.2937302090  0.0000000000  0.0048595473 -0.0000000000  0.0000000011  0.0000000000 -0.0000000000  0.1011918352  0.0000000000  0.0000000011
  0.4000000000  0.3333333333  1.0000000000  0.6666666667  1.0000000000  0.6666666667  0.2728681572  0.0000000012  0.0785799678  0.0000000000  0.0000591101  0.0000000000  0.0000000036  0.0000000012 -0.0000000000  0.0000000000 -0.0000000000  0.2965462578  0.0000000000  0.0001460245  0.0000000000  0.0000000011 -0.0000000000 -0.0000000000  0.1004042546  0.0000000000  0.0000000011
  0.4000000000  0.3333333333  1.0000000000  0.6666666667  1.0000000000  1.0000000000  0.2728466801  0.0000000012  0.0785753832 -0.0000000000  0.0000070144  0.0000000000  0.0000000036  0.0000000012 -0.0000000000 -0.0000000000 -0.0000000000  0.2964232808 -0.0000000000  0.0000421479  0.0000000000  0.0000000011 -0.0000000000 -0.0000000000  0.1004415030 -0.0000000000  0.0000000011
  0.4000000000  0.3333333333  1.0000000000  1.0000000000  0.0000000000  0.0000000000  0.0367698061  0.0366846401  0.0216235430 -0.0185507832  0.0185478360 -0.0366775237  0.0367684528  0.0216283713 -0.0185449729  0.0185477382 -0.0366768982  0.1046231070 -0.0183101736  0.0183106431 -0.0215976476  0.0262271628 -0.0261738086  0.0185455891  0.0262249572 -0.0185458565  0.0367128440
  0.4000000000  0.3333333333  1.0000000000  1.0000000000  0.0000000000  0.3333333333  0.0492760934  0.0492724551  0.0231725748 -0.0076100188  0.0076099902 -0.0492716403  0.0492760464  0.0231726445 -0.0076098828  0.0076098448 -0.0492716156  0.1505394448 -0.0056305394  0.0056307371 -0.0231717398  0.0329669201 -0.0329652553  0.0076098463  0.0329669207 -0.0076097833  0.0492730638
  0.4000000000  0.3333333333  1.0000000000  1.0000000000  0.0000000000  0.6666666667  0.2726312151  0.0000000012  0.0785664492 -0.0000000000 -0.0000339409  0.0000000000  0.0000000036  0.0000000011 -0.0000000000 -0.0000000000 -0.0000000000  0.2965076178 -0.0000000000 -0.0000010465  0.0000000000  0.0000000011 -0.0000000000 -0.0000000000  0.1004684340  0.0000000000  0.0000000011
  0.4000000000  0.3333333333  1.0000000000  1.0000000000  0.0000000000  1.0000000000  0.2692197220  0.0000000011  0.0773936956 -0.0000000000 -0.0035653914 -0.0000000000  0.0000000036  0.0000000011 -0.0000000000 -0.0000000000 -0.0000000000  0.2947040959 -0.0000000000 -0.0036191049 -0.0000000000  0.0000000011 -0.0000000000 -0.0000000000  0.1022066619 -0.0000000000  0.0000000011
  0.4000000000  0.3333333333  1.0000000000  1.0000000000  0.3333333333  0.0000000000  0.0516370778  0.0238616708  0.0516339345 -0.0065347466  0.0516332029 -0.0065347333  0.1392209497  0.0238615804 -0.0048670694  0.0238607820 -0.0048671186  0.0516371992 -0.0065347595  0.0516332676 -0.0065347407  0.0334530282 -0.0065346715  0.0334515009  0.0516345157 -0.0065346699  0.0334530245
  0.4000000000  0.3333333333  1.0000000000  1.0000000000  0.3333333333  0.3333333333  0.2771028923  0.0000000011  0.0762308748 -0.0000000000  0.0008672301 -0.0000000000  0.0000000036  0.0000000011 -0.0000000000  0.0000000000  0.0000000000  0.2965671684 -0.0000000000  0.0007781662  0.0000000000  0.0000000011  0.0000000000 -0.0000000000  0.1019310024 -0.0000000000  0.0000000011
  0.4000000000  0.3333333333  1.0000000000  1.0000000000  0.3333333333  0.6666666667  0.2771608269  0.0000000011  0.0755827038 -0.0000000000 -0.0011088893  0.0000000000  0.0000000036  0.0000000011 -0.0000000000 -0.0000000000  0.0000000000  0.2966532548 -0.0000000000 -0.0009936268  0.0000000000  0.0000000011 -0.0000000000  0.0000000000  0.1021176989 -0.0000000000  0.0000000011
  0.4000000000  0.3333333333  1.0000000000  1.0000000000  0.3333333333  1.0000000000  0.2723893825  0.0000000011  0.0763584814 -0.0000000000 -0.0023906572  0.0000000000  0.0000000036  0.0000000011 -0.0000000000 -0.0000000000 -0.0000000000  0.2972593281 -0.0000000000 -0.0023276271 -0.0000000000  0.0000000011 -0.0000000000  0.0000000000  0.1024086590 -0.0000000000  0.0000000011
  0.4000000000  0.3333333333  1.0000000000  1.0000000000  0.6666666667  0.0000000000  0.0568485046  0.0206682700  0.0568456867 -0.0023108717  0.0568448984 -0.0023108910  0.1510309538  0.0206682791 -0.0020658989  0.0206676287 -0.0020662276  0.0568488261 -0.0023107408  0.0568450485 -0.0023107557  0.0352536397 -0.0023107673  0.0352524149  0.0568462057 -0.0023107379  0.0352535761
  0.4000000000  0.3333333333  1.0000000000  1.0000000000  0.6666666667  0.3333333333  0.1586353223  0.0261885056  0.0519519629 -0.0004075873  0.0008181870 -0.0119022691  0.1122209066  0.0319652802 -0.0014098445  0.0007651688 -0.0158173764  0.2450733240 -0.0017382314 -0.0003598540 -0.0075486013  0.0396070947 -0.0079380490  0.0005314182  0.0644673894 -0.0005775006  0.0136182542
  0.4000000000  0.3333333333  1.0000000000  1.0000000000  0.6666666667  0.6666666667  0.2763634630  0.0000000011  0.0756139009 -0.0000000000 -0.0014532664  0.0000000000  0.0000000036  0.0000000011 -0.0000000000 -0.0000000000 -0.0000000000  0.2968749559 -0.0000000000 -0.0013921248 -0.0000000000  0.0000000011 -0.0000000000  0.0000000000  0.1022880625 -0.0000000000  0.0000000011
  0.4000000000  0.3333333333  1.0000000000  1.0000000000  0.6666666667  1.0000000000  0.2736921636  0.0000000011  0.0762445971 -0.0000000000 -0.0021966871  0.0000000000  0.0000000036  0.0000000011 -0.0000000000 -0.0000000000 -0.0000000000  0.2965988007 -0.0000000000 -0.0021577688 -0.0000000000  0.0000000011 -0.0000000000  0.0000000000  0.1023835064 -0.0000000000  0.0000000011
  0.4000000000  0.3333333333  1.0000000000  1.0000000000  1.0000000000  0.0000000000  0.0581877904  0.0199739510  0.0581849779 -0.0016903573  0.0581841875 -0.0016903836  0.1538017977  0.0199739948 -0.0016209454  0.0199733137 -0.0016211160  0.0581881334 -0.0016902863  0.0581843565 -0.0016903120  0.0348974249 -0.0016902966  0.0348962265  0.0581855326 -0.0016902906  0.0348973584
  0.4000000000  0.3333333333  1.0000000000  1.0000000000  1.0000000000  0.3333333333  0.0684227210  0.0236561135  0.0588046848 -0.0010285339  0.0546336580 -0.0008481283  0.1700703181  0.0232196773 -0.0011926903  0.0210759085 -0.0004036198  0.0629728112 -0.0013731777  0.0550877339 -0.0011388142  0.0365822306 -0.0010534675  0.0352869143  0.0574921564 -0.0011062927  0.0371860928
  0.4000000000  0.3333333333  1.0000000000  1.0000000000  1.0000000000  0.6666666667  0.2759705281  0.0000000011  0.0768506265 -0.0000000000 -0.0011405871  0.0000000000  0.0000000036  0.0000000011 -0.0000000000 -0.0000000000 -0.0000000000  0.2954224643 -0.0000000000 -0.0013168419  0.0000000000  0.0000000011  0.0000000000 -0.0000000000  0.1011988634 -0.0000000000  0.0000000011
  0.4000000000  0.3333333333  1.0000000000  1.0000000000  1.0000000000  1.0000000000  0.2678476865  0.0000000011  0.0782156437  0.0000000000 -0.0042791554  0.0000000000  0.0000000036  0.0000000010  0.0000000000 -0.0000000000 -0.0000000000  0.2939386082  0.0000000000 -0.0045708332  0.0000000000  0.0000000011  0.0000000000 -0.0000000000  0.1009923968  0.0000000000  0.0000000011
