  0.6000000000  0.3333333333  0.0000000000  0.0000000000  0.0000000000  0.0000000000  0.5205603705  0.1365864835  0.0000000062 -0.0000000000 -0.0000000000 -0.0000000000  0.4721214755  0.0000000054 -0.0000000000 -0.0000000000 -0.0000000000  0.0000000200 -0.0000000000 -0.0000000000  0.0000000000  0.0000000057 -0.0000000000 -0.0000000000  0.0000000057 -0.0000000000  0.1740705917
  0.6000000000  0.3333333333  0.0000000000  0.0000000000  0.0000000000  0.3333333333  0.4999341858  0.0000000041  0.1369912216 -0.0000000000 -0.0000000000 -0.0000000000  0.0000000116  0.0000000038 -0.0000000000 -0.0000000000 -0.0000000000  0.4957801836 -0.0000000000 -0.0000000000  0.0000000000  0.0000000034 -0.0000000000 -0.0000000000  0.1747818768  0.0000000000  0.0000000034
  0.6000000000  0.3333333333  0.0000000000  0.0000000000  0.0000000000  0.6666666667  0.4993111863  0.0000000040  0.1373679855 -0.0000000000 -0.0000000000 -0.0000000000  0.0000000115  0.0000000037 -0.0000000000 -0.0000000000 -0.0000000000  0.4977075033 -0.0000000001 -0.0000000000 -0.0000000000  0.0000000034 -0.0000000000 -0.0000000000  0.1751696248 -0.0000000000  0.0000000034
  0.6000000000  0.3333333333  0.0000000000  0.0000000000  0.0000000000  1.0000000000  0.4914257264  0.0000000038  0.1391236517  0.0000000000 -0.0000000000 -0.0000000000  0.0000000116  0.0000000039  0.0000000000 -0.0000000000 -0.0000000000  0.5085380121  0.0000000000 -0.0000000000 -0.0000000000  0.0000000034 -0.0000000000 -0.0000000000  0.1764133403  0.0000000000  0.0000000034
  0.6000000000  0.3333333333  0.0000000000  0.0000000000  0.3333333333  0.0000000000  0.5207393692  0.1368815886  0.0000000042  0.0000000000 -0.0000000000 -0.0000000000  0.4732336784  0.0000000033  0.0000000000  0.0000000000 -0.0000000000  0.0000000121  0.0000000000 -0.0000000000  0.0000000000  0.0000000035 -0.0000000000 -0.0000000000  0.0000000035  0.0000000000  0.1743261027
  0.6000000000  0.3333333333  0.0000000000  0.0000000000  0.3333333333  0.3333333333  0.5178883765  0.1349962277  0.0774152584  0.0060953015 -0.0000000000 -0.0000000000  0.4166203597  0.0553973890  0.0077447006 -0.0000000000 -0.0000000000  0.2353106258  0.0132700719 -0.0000000000  0.0000000000  0.0366492121 -0.0000000000 -0.0000000000  0.0800036882  0.0049414135  0.1515598586
  0.6000000000  0.3333333333  0.0000000000  0.0000000000  0.3333333333  0.6666666667  0.5122334262  0.0800193086  0.1355313219 -0.0040760537 -0.0000000000 -0.0000000000  0.2261003391  0.0541404811 -0.0086273958 -0.0000000000 -0.0000000000  0.4407148197 -0.0056018373 -0.0000000000 -0.0000000000  0.0351312701 -0.0000000000 -0.0000000000  0.1497506831 -0.0034173418  0.0834142385
  0.6000000000  0.3333333333  0.0000000000  0.0000000000  0.3333333333  1.0000000000  0.5122698389  0.0800220389  0.1355481690  0.0040724353 -0.0000000000 -0.0000000000  0.2261241883  0.0541577198  0.0086116186  0.0000000000 -0.0000000000  0.4407421348  0.0055895216 -0.0000000000 -0.0000000000  0.0351478991 -0.0000000000 -0.0000000000  0.1497642320  0.0034104502  0.0834197562
  0.6000000000  0.3333333333  0.0000000000  0.0000000000  0.6666666667  0.0000000000  0.5148645309  0.1384922124  0.0000000041  0.0000000000 -0.0000000000 -0.0000000000  0.4830888464  0.0000000037  0.0000000001  0.0000000000 -0.0000000000  0.0000000118  0.0000000000 -0.0000000000 -0.0000000000  0.0000000034 -0.0000000000 -0.0000000000  0.0000000034  0.0000000000  0.1756382020
  0.6000000000  0.3333333333  0.0000000000  0.0000000000  0.6666666667  0.3333333333  0.4415976213  0.1356285631  0.0541008974  0.0000036478 -0.0000000000 -0.0000000000  0.5101943891  0.0796705941  0.0000109454  0.0000000000 -0.0000000000  0.2262840194  0.0000044415 -0.0000000000 -0.0000000000  0.0830232115 -0.0000000000 -0.0000000000  0.0348618986  0.0000047642  0.1497635131
  0.6000000000  0.3333333333  0.0000000000  0.0000000000  0.6666666667  0.6666666667  0.4040830256  0.1053342944  0.1017618462 -0.0000960212 -0.0000000000 -0.0000000000  0.3947073851  0.1005098156 -0.0008599973  0.0000000000 -0.0000000000  0.3825012282  0.0001982271 -0.0000000000 -0.0000000000  0.0932684467 -0.0000000000 -0.0000000000  0.0949571357 -0.0000263331  0.0988640857
  0.6000000000  0.3333333333  0.0000000000  0.0000000000  0.6666666667  1.0000000000  0.3979180507  0.1020847836  0.1046018634  0.0002754042 -0.0000000000 -0.0000000000  0.3863326122  0.1017158179 -0.0002326611 -0.0000000000 -0.0000000000  0.3980330905  0.0005314127 -0.0000000000 -0.0000000000  0.0947766416 -0.0000000000 -0.0000000000  0.0979611227  0.0005056444  0.0949036589
  0.6000000000  0.3333333333  0.0000000000  0.0000000000  1.0000000000  0.0000000000  0.5075155341  0.1390168270  0.0000000039  0.0000000000 -0.0000000000 -0.0000000000  0.4917741021  0.0000000039  0.0000000000  0.0000000000 -0.0000000000  0.0000000116 -0.0000000000 -0.0000000000  0.0000000000  0.0000000034 -0.0000000000 -0.0000000000  0.0000000034  0.0000000000  0.1762699822
  0.6000000000  0.3333333333  0.0000000000  0.0000000000  1.0000000000  0.3333333333  0.4411894561  0.1356270032  0.0540576884 -0.0000322697 -0.0000000000 -0.0000000000  0.5102514014  0.0799068070 -0.0000637620  0.0000000000 -0.0000000000  0.2263773722 -0.0000292280 -0.0000000000 -0.0000000000  0.0831271972 -0.0000000000 -0.0000000000  0.0347303464 -0.0000229809  0.1496558243
  0.6000000000  0.3333333333  0.0000000000  0.0000000000  1.0000000000  0.6666666667  0.4411479191  0.1356765945  0.0540382107 -0.0000133498 -0.0000000000 -0.0000000000  0.5103253761  0.0799805864 -0.0000262863  0.0000000000 -0.0000000000  0.2262447565 -0.0000099439 -0.0000000000  0.0000000000  0.0831071570 -0.0000000000 -0.0000000000  0.0346641250 -0.0000088665  0.1496580360
  0.6000000000  0.3333333333  0.0000000000  0.0000000000  1.0000000000  1.0000000000  0.3852057729  0.1023706235  0.1007379193 -0.0006728843 -0.0000000000 -0.0000000000  0.4036496594  0.1049434290 -0.0007415735 -0.0000000000 -0.0000000000  0.3934074596 -0.0001024544 -0.0000000000 -0.0000000000  0.0983014805 -0.0000000000 -0.0000000000  0.0935438039 -0.0009800515  0.0956168545
  0.6000000000  0.3333333333  0.0000000000  0.3333333333  0.0000000000  0.0000000000  0.5209520703  0.1365306220  0.0000000042  0.0000000000  0.0000000000 -0.0000083316  0.4719877138  0.0000000033  0.0000000001  0.0000000000 -0.0000052326  0.0000000121  0.0000000000  0.0000000000  0.0000000000  0.0000000035 -0.0000000000  0.0000000000  0.0000000035  0.0000000000  0.1742032776
  0.6000000000  0.3333333333  0.0000000000  0.3333333333  0.0000000000  0.3333333333  0.4944710242  0.0630140723  0.1335366739  0.0023294049  0.0003179222 -0.0030083794  0.1879499353  0.0455505449  0.0047467260  0.0001303330 -0.0028714891  0.4445813735  0.0037589818  0.0000709711 -0.0006731297  0.0256294601 -0.0000717649  0.0003579694  0.1519850384  0.0024812131  0.0684942615
  0.6000000000  0.3333333333  0.0000000000  0.3333333333  0.0000000000  0.6666666667  0.4954426503  0.0000000039  0.1387916732  0.0000000000  0.0007796864  0.0000000000  0.0000000116  0.0000000038  0.0000000000  0.0000000000  0.0000000000  0.5037686096  0.0000000000  0.0009542515  0.0000000000  0.0000000034  0.0000000000  0.0000000000  0.1760788174  0.0000000000  0.0000000034
  0.6000000000  0.3333333333  0.0000000000  0.3333333333  0.0000000000  1.0000000000  0.4909288338  0.0000000038  0.1391498338  0.0000000000  0.0003876171  0.0000000000  0.0000000116  0.0000000039  0.0000000000  0.0000000000  0.0000000000  0.5090912572  0.0000000000  0.0004151796  0.0000000000  0.0000000034  0.0000000000  0.0000000000  0.1764385091  0.0000000000  0.0000000034
  0.6000000000  0.3333333333  0.0000000000  0.3333333333  0.3333333333  0.0000000000  0.5200349749  0.1371959008  0.0000000042  0.0000000000 -0.0000000001 -0.0000080381  0.4764107553  0.0000000034  0.0000000000 -0.0000000000 -0.0000158690  0.0000000121  0.0000000000 -0.0000000000 -0.0000000000  0.0000000035 -0.0000000000 -0.0000000000  0.0000000035  0.0000000000  0.1743477495
  0.6000000000  0.3333333333  0.0000000000  0.3333333333  0.3333333333  0.3333333333  0.5140233021  0.1345003671  0.0799806400  0.0007087989  0.0000752629 -0.0003501331  0.4146645399  0.0566097972  0.0009097584  0.0000464910  0.0000692613  0.2470886388  0.0014873516  0.0001872069 -0.0000688960  0.0370520994 -0.0006303001  0.0000775608  0.0806329174  0.0006039370  0.1503716229
  0.6000000000  0.3333333333  0.0000000000  0.3333333333  0.3333333333  0.6666666667  0.4464815003  0.1263812071  0.0583829265  0.0004796450  0.0004530265 -0.0061191515  0.4098070989  0.0537360808  0.0012234730 -0.0002652505 -0.0026348857  0.2577172247  0.0018088011  0.0007944647 -0.0025515166  0.0318458740 -0.0059532409 -0.0000737708  0.0694192042  0.0004682084  0.1473500818
  0.6000000000  0.3333333333  0.0000000000  0.3333333333  0.3333333333  1.0000000000  0.5121684146  0.0800124332  0.1355039274  0.0040853311 -0.0000096059  0.0000090345  0.2260587925  0.0541132588  0.0086555351 -0.0000058230  0.0000048963  0.4406738636  0.0056259105 -0.0000078768  0.0000065164  0.0351060667  0.0000024815 -0.0000022183  0.1497297040  0.0034314847  0.0834035303
  0.6000000000  0.3333333333  0.0000000000  0.3333333333  0.6666666667  0.0000000000  0.5135314167  0.1387153029  0.0000000041  0.0000000000 -0.0000000000 -0.0003699146  0.4844548192  0.0000000037  0.0000000000 -0.0000000000 -0.0001932456  0.0000000118  0.0000000000 -0.0000000000 -0.0000000000  0.0000000034 -0.0000000000 -0.0000000000  0.0000000034  0.0000000000  0.1758189435
  0.6000000000  0.3333333333  0.0000000000  0.3333333333  0.6666666667  0.3333333333  0.4410702207  0.1356670584  0.0541691827  0.0000070950 -0.0039491599 -0.0000071947  0.5114563563  0.0800074604  0.0000146569 -0.0029065955 -0.0000036403  0.2263026848  0.0000051998 -0.0060954833  0.0000018355  0.0832910927  0.0000022877 -0.0023919434  0.0349862714  0.0000049611  0.1497615244
  0.6000000000  0.3333333333  0.0000000000  0.3333333333  0.6666666667  0.6666666667  0.3961991946  0.1093432242  0.0547102452 -0.0003782959 -0.0017197411 -0.0002110162  0.4511814358  0.0867707425 -0.0009193232 -0.0011296074 -0.0002460358  0.2582485558 -0.0002515963 -0.0027227833 -0.0000877961  0.0916519928 -0.0003909766 -0.0009055098  0.0371577905 -0.0012402144  0.1274205480
  0.6000000000  0.3333333333  0.0000000000  0.3333333333  0.6666666667  1.0000000000  0.2741996388  0.1108645926  0.1109556854  0.0000072212  0.0000137230 -0.0003962576  0.2736850810  0.1108968852 -0.0000885979 -0.0000058851 -0.0001263354  0.2741945860  0.0001411053 -0.0000009392 -0.0001560659  0.0807458749 -0.0000649264 -0.0000145546  0.0807433890  0.0000406700  0.0807770764
  0.6000000000  0.3333333333  0.0000000000  0.3333333333  1.0000000000  0.0000000000  0.5092380599  0.1391282594  0.0000000039  0.0000000000 -0.0000000000 -0.0003331028  0.4907401304  0.0000000038  0.0000000000 -0.0000000000 -0.0001392197  0.0000000116  0.0000000000 -0.0000000000 -0.0000000000  0.0000000034  0.0000000000 -0.0000000000  0.0000000034  0.0000000000  0.1763998285
  0.6000000000  0.3333333333  0.0000000000  0.3333333333  1.0000000000  0.3333333333  0.4407562700  0.1355557827  0.0541666110  0.0000016162 -0.0055799811 -0.0000019723  0.5122854090  0.0800237658  0.0000019961 -0.0040689505  0.0000030731  0.2261393391  0.0000025526 -0.0086004418  0.0000060345  0.0834231542  0.0000002846 -0.0034054361  0.0351566986  0.0000025353  0.1497706414
  0.6000000000  0.3333333333  0.0000000000  0.3333333333  1.0000000000  0.6666666667  0.4407051180  0.1355249373  0.0541340499 -0.0000036012 -0.0056074543 -0.0000048591  0.5122196511  0.0800179214 -0.0000049852 -0.0040780141 -0.0000051837  0.2260902613 -0.0000025017 -0.0086338486 -0.0000027048  0.0834118630 -0.0000012696 -0.0034205165  0.0351252858 -0.0000011634  0.1497457475
  0.6000000000  0.3333333333  0.0000000000  0.3333333333  1.0000000000  1.0000000000  0.2738452074  0.1109501467  0.1108198718 -0.0001384499 -0.0000719449 -0.0000721823  0.2741878187  0.1109412206 -0.0003396374 -0.0000516748  0.0001108811  0.2738365961 -0.0001166387 -0.0000888444  0.0000112844  0.0808046453  0.0000493769 -0.0000418412  0.0806558196 -0.0000697063  0.0808447906
  0.6000000000  0.3333333333  0.0000000000  0.6666666667  0.0000000000  0.0000000000  0.5047007954  0.1374307631  0.0000000040 -0.0000000000 -0.0000000000 -0.0060634145  0.4718483585  0.0000000037 -0.0000000000 -0.0000000000 -0.0059425855  0.0000000121 -0.0000000000 -0.0000000000 -0.0000000003  0.0000000035  0.0000000000  0.0000000000  0.0000000035 -0.0000000000  0.1759816591
  0.6000000000  0.3333333333  0.0000000000  0.6666666667  0.0000000000  0.3333333333  0.2685499953  0.1068605538  0.0831839508  0.0029949836  0.0153777481 -0.0757578304  0.2156787384  0.0734022487  0.0146916946  0.0005646353 -0.0765941132  0.3778491482  0.0179910570  0.0156489068 -0.0342403522  0.0840859385 -0.0464901435 -0.0006434985  0.0920761873  0.0019599926  0.1162222067
  0.6000000000  0.3333333333  0.0000000000  0.6666666667  0.0000000000  0.6666666667  0.3233671564  0.0717981105  0.1009124467  0.0004352309  0.0010450079 -0.0613792522  0.1338273582  0.0435929714  0.0013675604 -0.0002406964 -0.0670744414  0.4109835989  0.0023888916  0.0007708123 -0.0237476569  0.0609778784 -0.0292597242 -0.0001371603  0.1251219132  0.0002205694  0.0747637742
  0.6000000000  0.3333333333  0.0000000000  0.6666666667  0.0000000000  1.0000000000  0.3402453264  0.0665612985  0.1068256006  0.0012354680  0.0026727277 -0.0527842673  0.1399314673  0.0473375354  0.0085718023 -0.0014492383 -0.0614985246  0.4190130217  0.0090104233  0.0028709287 -0.0219688895  0.0611468122 -0.0248019603  0.0003921276  0.1298992803  0.0001474878  0.0666887177
  0.6000000000  0.3333333333  0.0000000000  0.6666666667  0.3333333333  0.0000000000  0.5107272384  0.1392192292  0.0000000040 -0.0000000000 -0.0000000000 -0.0021209644  0.4864785913  0.0000000038 -0.0000000000 -0.0000000000 -0.0019859601  0.0000000118 -0.0000000000  0.0000000000 -0.0000000002  0.0000000034  0.0000000000 -0.0000000000  0.0000000034 -0.0000000000  0.1763812089
  0.6000000000  0.3333333333  0.0000000000  0.6666666667  0.3333333333  0.3333333333  0.4418717235  0.1362703836  0.0580362696  0.0003944265  0.0066102475 -0.0007006491  0.4724055477  0.0735427421  0.0008843364  0.0034464785  0.0001467606  0.2429823631  0.0010674983  0.0090012929 -0.0000608045  0.0770058161  0.0000618013  0.0025586928  0.0401022603 -0.0000892283  0.1509281195
  0.6000000000  0.3333333333  0.0000000000  0.6666666667  0.3333333333  0.6666666667  0.4725163437  0.1340860982  0.0667981276  0.0017800156  0.0031353674 -0.0057845661  0.4216714020  0.0589623501  0.0039673273  0.0007249681 -0.0016790470  0.2548408584  0.0059500709  0.0031331577 -0.0027533727  0.0369514882 -0.0053449775  0.0001820915  0.0714700440  0.0017782464  0.1525181643
  0.6000000000  0.3333333333  0.0000000000  0.6666666667  0.3333333333  1.0000000000  0.3373640219  0.1255755131  0.0885087542  0.0001813751  0.0083937466 -0.0503932726  0.2996090415  0.0827583168  0.0047032765  0.0007667231 -0.0517446244  0.3771408386  0.0079626510  0.0093298789 -0.0312028713  0.0825729356 -0.0405535345  0.0001952195  0.0863164287 -0.0005526553  0.1338437708
  0.6000000000  0.3333333333  0.0000000000  0.6666666667  0.6666666667  0.0000000000  0.5096343102  0.1390794941  0.0000000040  0.0000000000  0.0000000000 -0.0014865055  0.4892828347  0.0000000038 -0.0000000000 -0.0000000000 -0.0012069257  0.0000000117  0.0000000000  0.0000000000 -0.0000000001  0.0000000034  0.0000000000  0.0000000000  0.0000000034 -0.0000000000  0.1763505887
  0.6000000000  0.3333333333  0.0000000000  0.6666666667  0.6666666667  0.3333333333  0.4414472892  0.1356627420  0.0540444190  0.0000572729  0.0004428674 -0.0001603955  0.5101485348  0.0797380230  0.0001202416  0.0002571728 -0.0001043772  0.2261527427  0.0000515158  0.0005853305 -0.0000881798  0.0830682982  0.0000097004  0.0002137444  0.0348135422  0.0000420721  0.1497869136
  0.6000000000  0.3333333333  0.0000000000  0.6666666667  0.6666666667  0.6666666667  0.3203854651  0.1148893842  0.0707652340 -0.0004997430  0.0053880778 -0.0386893017  0.2654860149  0.0693349309  0.0048662233 -0.0001483281 -0.0360574427  0.2816775699  0.0076046809  0.0044618928 -0.0182658576  0.0796368951 -0.0305255982 -0.0003354057  0.0754785154 -0.0005972694  0.1219176265
  0.6000000000  0.3333333333  0.0000000000  0.6666666667  0.6666666667  1.0000000000  0.3771598662  0.0947797943  0.0947577010  0.0016097527 -0.0008781730 -0.0038364477  0.3683394021  0.1046412265  0.0019270381 -0.0011279252 -0.0028009026  0.3680957533  0.0035892308 -0.0011831041 -0.0013007355  0.0947371590 -0.0020663993 -0.0020006579  0.0891049497 -0.0006864696  0.0907640580
  0.6000000000  0.3333333333  0.0000000000  0.6666666667  1.0000000000  0.0000000000  0.5090356666  0.1391324031  0.0000000039  0.0000000000 -0.0000000001 -0.0001713283  0.4909230929  0.0000000038  0.0000000000 -0.0000000000 -0.0000077702  0.0000000116  0.0000000000 -0.0000000000 -0.0000000000  0.0000000034 -0.0000000000 -0.0000000000  0.0000000034  0.0000000000  0.1764015423
  0.6000000000  0.3333333333  0.0000000000  0.6666666667  1.0000000000  0.3333333333  0.4407506346  0.1355506440  0.0541548495  0.0000038190 -0.0056003572 -0.0000073842  0.5122635471  0.0800124966  0.0000046565 -0.0040813240  0.0000078990  0.2261040020  0.0000069284 -0.0086226449  0.0000175726  0.0834150423  0.0000004228 -0.0034154303  0.0351499192  0.0000073759  0.1497710054
  0.6000000000  0.3333333333  0.0000000000  0.6666666667  1.0000000000  0.6666666667  0.3996076078  0.1132769355  0.0556888048 -0.0004126641  0.0007061182  0.0008571574  0.4436296702  0.0865214276 -0.0003947428  0.0005179845  0.0013225352  0.2609601446  0.0000830681  0.0006821222  0.0000640798  0.0894051114 -0.0000670675  0.0003000874  0.0378037233 -0.0015358916  0.1311601399
  0.6000000000  0.3333333333  0.0000000000  0.6666666667  1.0000000000  1.0000000000  0.3567674985  0.0943970087  0.0892351927 -0.0037254752 -0.0011634645  0.0022770001  0.3677895235  0.1072613682 -0.0056180944 -0.0011700602  0.0030419514  0.3566352614 -0.0034953915 -0.0019526327  0.0013776987  0.0962861717  0.0023198527 -0.0017338611  0.0838244687 -0.0078740086  0.0908128702
  0.6000000000  0.3333333333  0.0000000000  1.0000000000  0.0000000000  0.0000000000  0.4960961243  0.1382377213  0.0000000039 -0.0000000000 -0.0000000000 -0.0079016467  0.4733886118  0.0000000039 -0.0000000000 -0.0000000000 -0.0087273881  0.0000000123 -0.0000000000 -0.0000000000 -0.0000000004  0.0000000035  0.0000000000 -0.0000000000  0.0000000035 -0.0000000000  0.1763412083
  0.6000000000  0.3333333333  0.0000000000  1.0000000000  0.0000000000  0.3333333333  0.2650573573  0.1127390071  0.0714670193  0.0007392553  0.0046577531 -0.0621379031  0.2594539341  0.0696174987  0.0025069322  0.0008290035 -0.0617497297  0.3638706996  0.0046060374  0.0058686746 -0.0306358364  0.0803977505 -0.0424439678  0.0008334629  0.0793762833 -0.0006269071  0.1249554683
  0.6000000000  0.3333333333  0.0000000000  1.0000000000  0.0000000000  0.6666666667  0.1186106859  0.1127080501  0.0394375753 -0.0000948225  0.0000802144 -0.1110993764  0.1180017179  0.0392394868 -0.0000988068  0.0000935665 -0.1111723039  0.3016116402 -0.0001200264  0.0001134033 -0.0375650817  0.0676659327 -0.0654726817  0.0000904920  0.0677079456 -0.0000870408  0.1133498331
  0.6000000000  0.3333333333  0.0000000000  1.0000000000  0.0000000000  1.0000000000  0.1988001740  0.1039344874  0.0669064511  0.0021396189  0.0057010186 -0.0858668837  0.1689420641  0.0592264717  0.0086003559  0.0009013317 -0.0887938059  0.3583983165  0.0096916223  0.0059805326 -0.0303810808  0.0793529289 -0.0515315003  0.0001694114  0.0889935190  0.0009287229  0.1025002960
  0.6000000000  0.3333333333  0.0000000000  1.0000000000  0.3333333333  0.0000000000  0.5036226709  0.1394944933  0.0000000039 -0.0000000000  0.0000000000 -0.0052274405  0.4860777746  0.0000000038  0.0000000000  0.0000000000 -0.0046956144  0.0000000118  0.0000000000  0.0000000000 -0.0000000003  0.0000000034  0.0000000000  0.0000000000  0.0000000034  0.0000000000  0.1770898555
  0.6000000000  0.3333333333  0.0000000000  1.0000000000  0.3333333333  0.3333333333  0.4486327221  0.1402483921  0.0608653027  0.0010807937  0.0040175740 -0.0171553223  0.4202482886  0.0602075975  0.0043052401  0.0009737043 -0.0175936510  0.2258081035  0.0065838475  0.0056534636 -0.0120361489  0.0535658517 -0.0202244690  0.0004176222  0.0506969984  0.0002182143  0.1568452440
  0.6000000000  0.3333333333  0.0000000000  1.0000000000  0.3333333333  0.6666666667  0.4539284214  0.1340813317  0.0617609085 -0.0006660315  0.0033745463 -0.0060618309  0.4400344054  0.0641978147 -0.0008100030  0.0011253064 -0.0047446075  0.2466613415 -0.0007081619  0.0036212266 -0.0038466106  0.0540656861 -0.0092202123  0.0011774465  0.0537247469 -0.0008840913  0.1498175368
  0.6000000000  0.3333333333  0.0000000000  1.0000000000  0.3333333333  1.0000000000  0.2892065883  0.1181596161  0.0835267915  0.0005069892  0.0128930327 -0.0607945189  0.2504799911  0.0805566212  0.0043497624 -0.0002888727 -0.0613642627  0.3820065354  0.0083063941  0.0112756833 -0.0325322153  0.0865433913 -0.0455918329  0.0006148519  0.0850575615 -0.0021576877  0.1272349052
  0.6000000000  0.3333333333  0.0000000000  1.0000000000  0.6666666667  0.0000000000  0.5090302041  0.1391930470  0.0000000039  0.0000000000 -0.0000000000 -0.0019013331  0.4895289446  0.0000000037 -0.0000000000  0.0000000000 -0.0018777106  0.0000000115  0.0000000000  0.0000000000 -0.0000000001  0.0000000034  0.0000000000 -0.0000000000  0.0000000034 -0.0000000000  0.1765370773
  0.6000000000  0.3333333333  0.0000000000  1.0000000000  0.6666666667  0.3333333333  0.4408096944  0.1355715616  0.0541573198  0.0000057578  0.0052593299 -0.0000036360  0.5120734687  0.0800243096  0.0000014943  0.0038392831 -0.0000298655  0.2261680857  0.0000139933  0.0081019406 -0.0000387041  0.0834007799  0.0000024849  0.0031986058  0.0351193765  0.0000124266  0.1497676213
  0.6000000000  0.3333333333  0.0000000000  1.0000000000  0.6666666667  0.6666666667  0.4007171828  0.1089128423  0.0930954624 -0.0022946571  0.0000963692 -0.0016217312  0.4012132395  0.0983592335 -0.0059405324  0.0000649088 -0.0014672134  0.3494444714 -0.0015493044  0.0005489397 -0.0003500447  0.0888680029 -0.0001178515  0.0003276493  0.0855339005 -0.0025118529  0.1073825976
  0.6000000000  0.3333333333  0.0000000000  1.0000000000  0.6666666667  1.0000000000  0.2632927813  0.0913150622  0.0679608146 -0.0020061205 -0.0004304646 -0.0051350722  0.2932655323  0.0842027320 -0.0025051375 -0.0003753361 -0.0047771302  0.2867063449 -0.0004149775  0.0004128599 -0.0005728507  0.0856512469 -0.0000289471  0.0000401712  0.0624105930 -0.0020296957  0.0934277464
  0.6000000000  0.3333333333  0.0000000000  1.0000000000  1.0000000000  0.0000000000  0.5089695180  0.1391457146  0.0000000039  0.0000000000 -0.0000000001 -0.0000812620  0.4909871108  0.0000000038  0.0000000000 -0.0000000000 -0.0000550176  0.0000000116 -0.0000000000  0.0000000000 -0.0000000000  0.0000000034 -0.0000000000 -0.0000000000  0.0000000034  0.0000000000  0.1764082249
  0.6000000000  0.3333333333  0.0000000000  1.0000000000  1.0000000000  0.3333333333  0.4412793502  0.1356703821  0.0540477399  0.0000184438 -0.0014040434  0.0000782327  0.5104545752  0.0798595710  0.0000302212 -0.0010296276  0.0000627713  0.2261977048  0.0000195823 -0.0021636939  0.0000538320  0.0830961136 -0.0000028350 -0.0008373225  0.0347556603  0.0000129411  0.1497230312
  0.6000000000  0.3333333333  0.0000000000  1.0000000000  1.0000000000  0.6666666667  0.4379983175  0.1281151656  0.0514881973  0.0002987643  0.0015164394 -0.0076366828  0.4117262135  0.0488097340  0.0020200806  0.0003180420 -0.0062450284  0.2155961899  0.0029505499  0.0018664190 -0.0030046109  0.0395767101 -0.0107697444  0.0002427731  0.0469917848  0.0001687646  0.1491075311
  0.6000000000  0.3333333333  0.0000000000  1.0000000000  1.0000000000  1.0000000000  0.3125805817  0.1030111947  0.0704065556 -0.0047067869  0.0000488678  0.0001664228  0.3551499688  0.0897506181 -0.0030991976  0.0000884760  0.0003932534  0.2812242496 -0.0032405656  0.0001241061  0.0000688946  0.0890149991  0.0000582573 -0.0001009269  0.0544931058 -0.0068562545  0.1094276817
  0.6000000000  0.3333333333  0.3333333333  0.0000000000  0.0000000000  0.0000000000  0.5121637182  0.0800112555  0.1355021478  0.0040863061  0.0000048261 -0.0000041772  0.2260541659  0.0541104524  0.0086585846  0.0000048189 -0.0000026834  0.4406703875  0.0056281466  0.0000018399 -0.0000030119  0.0351034188 -0.0000020127  0.0000007560  0.1497283301  0.0034326172  0.0834022214
  0.6000000000  0.3333333333  0.3333333333  0.0000000000  0.0000000000  0.3333333333  0.4994989810  0.0000000040  0.1372567023 -0.0000000000  0.0001656841 -0.0000000000  0.0000000115  0.0000000037 -0.0000000000  0.0000000000 -0.0000000000  0.4973348454 -0.0000000000  0.0002461240 -0.0000000000  0.0000000034 -0.0000000000 -0.0000000000  0.1750946534  0.0000000000  0.0000000034
  0.6000000000  0.3333333333  0.3333333333  0.0000000000  0.0000000000  0.6666666667  0.4952593715  0.0000000039  0.1388014668  0.0000000000  0.0007545013 -0.0000000000  0.0000000116  0.0000000038  0.0000000000  0.0000000000  0.0000000000  0.5038782391  0.0000000000  0.0007527346  0.0000000000  0.0000000034 -0.0000000000 -0.0000000000  0.1760519012 -0.0000000000  0.0000000034
  0.6000000000  0.3333333333  0.3333333333  0.0000000000  0.0000000000  1.0000000000  0.4912690412  0.0000000038  0.1391173124 -0.0000000000  0.0001028856 -0.0000000000  0.0000000116  0.0000000039 -0.0000000000 -0.0000000000 -0.0000000000  0.5086364080 -0.0000000001 -0.0000140584  0.0000000000  0.0000000034  0.0000000000  0.0000000000  0.1764047790 -0.0000000000  0.0000000034
  0.6000000000  0.3333333333  0.3333333333  0.0000000000  0.3333333333  0.0000000000  0.5201538314  0.1371497285  0.0000000042  0.0000000000 -0.0000000001  0.0000060730  0.4760114574  0.0000000034  0.0000000000 -0.0000000000  0.0000116714  0.0000000121  0.0000000000 -0.0000000000  0.0000000000  0.0000000035 -0.0000000000 -0.0000000000  0.0000000035  0.0000000000  0.1743436192
  0.6000000000  0.3333333333  0.3333333333  0.0000000000  0.3333333333  0.3333333333  0.5120896733  0.0800941752  0.1354728235 -0.0042631618  0.0000019863 -0.0000081085  0.2263571881  0.0541740230 -0.0090190626 -0.0000135906 -0.0000076368  0.4404665900 -0.0058042509  0.0000163728 -0.0000038291  0.0351796953 -0.0000102995  0.0000234690  0.1496721834 -0.0035421949  0.0835115712
  0.6000000000  0.3333333333  0.3333333333  0.0000000000  0.3333333333  0.6666666667  0.5122491060  0.0800208297  0.1355382357  0.0040738264 -0.0000010743  0.0000015878  0.2261117587  0.0541479630  0.0086193874  0.0000022932 -0.0000001425  0.4407264149  0.0055954955 -0.0000041895  0.0000010659  0.0351385262 -0.0000009264 -0.0000006323  0.1497562606  0.0034138065  0.0834169936
  0.6000000000  0.3333333333  0.3333333333  0.0000000000  0.3333333333  1.0000000000  0.5121154169  0.0799008071  0.1355407633  0.0042277177  0.0000069222 -0.0000067502  0.2257720192  0.0540730812  0.0088632970  0.0000340673 -0.0000123518  0.4407423273  0.0058393137 -0.0000244860 -0.0000063728  0.0351017310 -0.0000135027 -0.0000033426  0.1497950208  0.0035376818  0.0833245965
  0.6000000000  0.3333333333  0.3333333333  0.0000000000  0.6666666667  0.0000000000  0.5142696231  0.1381398020  0.0000000040  0.0000000000  0.0000000000  0.0002819385  0.4847826063  0.0000000035  0.0000000001  0.0000000000  0.0001689016  0.0000000118  0.0000000000 -0.0000000000  0.0000000000  0.0000000034 -0.0000000000  0.0000000000  0.0000000034  0.0000000000  0.1755821305
  0.6000000000  0.3333333333  0.3333333333  0.0000000000  0.6666666667  0.3333333333  0.4878183196  0.1304895880  0.0671038214  0.0003830933  0.0015260718  0.0002439556  0.4097866351  0.0479119300  0.0005481699  0.0003533145  0.0000566676  0.2177423213  0.0018532353  0.0014664814  0.0001566191  0.0298649727  0.0003577464  0.0000519407  0.0707835436  0.0002136409  0.1491651504
  0.6000000000  0.3333333333  0.3333333333  0.0000000000  0.6666666667  0.6666666667  0.2748348340  0.1108630246  0.1110764899 -0.0000216718  0.0002550968  0.0000898221  0.2734000652  0.1106887213 -0.0001531778  0.0000877700  0.0000299835  0.2737377474  0.0000925327  0.0000639112  0.0000247932  0.0806530533 -0.0000024465  0.0000989758  0.0809162691  0.0000391333  0.0806881346
  0.6000000000  0.3333333333  0.3333333333  0.0000000000  0.6666666667  1.0000000000  0.2745851447  0.1107036258  0.1110792287  0.0001698183 -0.0000028669 -0.0000251256  0.2731263199  0.1107631564  0.0001515258 -0.0000662795 -0.0000800864  0.2743120169  0.0004249171 -0.0002205387 -0.0000363883  0.0807101164 -0.0000427264 -0.0000089937  0.0809764969  0.0001876266  0.0805567808
  0.6000000000  0.3333333333  0.3333333333  0.0000000000  1.0000000000  0.0000000000  0.5093421077  0.1391429516  0.0000000039  0.0000000000  0.0000000000  0.0004847562  0.4906671003  0.0000000038  0.0000000000  0.0000000000  0.0003858190  0.0000000116  0.0000000000  0.0000000000  0.0000000000  0.0000000034  0.0000000000  0.0000000000  0.0000000034  0.0000000000  0.1764269360
  0.6000000000  0.3333333333  0.3333333333  0.0000000000  1.0000000000  0.3333333333  0.4407058612  0.1355262115  0.0541350471 -0.0000014840  0.0056085500  0.0000019785  0.5122214657  0.0800178537 -0.0000020343  0.0040791913  0.0000020474  0.2260913628 -0.0000009891  0.0086355219  0.0000010243  0.0834121766  0.0000004104  0.0034210882  0.0351263295 -0.0000004530  0.1497466496
  0.6000000000  0.3333333333  0.3333333333  0.0000000000  1.0000000000  0.6666666667  0.2744268649  0.1110159884  0.1108138938 -0.0002248252  0.0003245351  0.0000838298  0.2744527471  0.1107577348 -0.0005527830  0.0001022875  0.0000263094  0.2732591996 -0.0002107360  0.0000620078  0.0000165393  0.0807073364 -0.0000185294  0.0001224598  0.0806915237 -0.0001092809  0.0808330997
  0.6000000000  0.3333333333  0.3333333333  0.0000000000  1.0000000000  1.0000000000  0.2739150277  0.1108547345  0.1109286431 -0.0000531582 -0.0000584352 -0.0000048951  0.2739298183  0.1109142701 -0.0001968496 -0.0001020937 -0.0000358039  0.2739902522 -0.0000025754 -0.0002820212 -0.0000202451  0.0808809907 -0.0000308858 -0.0000488901  0.0808367665  0.0000032584  0.0807320856
  0.6000000000  0.3333333333  0.3333333333  0.3333333333  0.0000000000  0.0000000000  0.5091638319  0.0783793328  0.1343201208 -0.0088760249  0.0001676228 -0.0002514274  0.2212867876  0.0531989776 -0.0177971272  0.0001080946 -0.0002058515  0.4379243881 -0.0127165108  0.0000846883 -0.0001233672  0.0356200425 -0.0001095691  0.0002398017  0.1491950431 -0.0072428556  0.0828109573
  0.6000000000  0.3333333333  0.3333333333  0.3333333333  0.0000000000  0.3333333333  0.4959776547  0.0000000040  0.1386244807  0.0000000000  0.0009623835 -0.0000000000  0.0000000117  0.0000000038 -0.0000000000  0.0000000000  0.0000000000  0.5023381599  0.0000000000  0.0012517754 -0.0000000000  0.0000000034 -0.0000000000 -0.0000000000  0.1758792699  0.0000000000  0.0000000034
  0.6000000000  0.3333333333  0.3333333333  0.3333333333  0.0000000000  0.6666666667  0.4948052956  0.0000000039  0.1388834138  0.0000000000  0.0010863785  0.0000000000  0.0000000116  0.0000000039  0.0000000000  0.0000000000  0.0000000000  0.5045638814  0.0000000000  0.0012251984 -0.0000000000  0.0000000034  0.0000000000 -0.0000000000  0.1761845950  0.0000000000  0.0000000034
  0.6000000000  0.3333333333  0.3333333333  0.3333333333  0.0000000000  1.0000000000  0.4909594921  0.0000000038  0.1391225573 -0.0000000000  0.0000588003  0.0000000000  0.0000000116  0.0000000039 -0.0000000000 -0.0000000000  0.0000000000  0.5089900330 -0.0000000001 -0.0001394845  0.0000000000  0.0000000034  0.0000000000  0.0000000000  0.1764009934 -0.0000000000  0.0000000034
  0.6000000000  0.3333333333  0.3333333333  0.3333333333  0.3333333333  0.0000000000  0.4907785923  0.1319417518  0.0404857712 -0.0032419592  0.0153970072 -0.0005430207  0.4313202224  0.0295506606 -0.0056686764  0.0057932063 -0.0005886885  0.1216787677 -0.0071537368  0.0205978120 -0.0008165421  0.0243785259 -0.0007936922  0.0024181106  0.0428720086 -0.0023582229  0.1586245135
  0.6000000000  0.3333333333  0.3333333333  0.3333333333  0.3333333333  0.3333333333  0.5106374627  0.0806733968  0.1347241201 -0.0062028563  0.0000521693 -0.0000467401  0.2284903582  0.0543875335 -0.0134431245  0.0000312617  0.0000105775  0.4378771420 -0.0080475995  0.0000303504 -0.0000071624  0.0358061006 -0.0000150084  0.0001502860  0.1487922620 -0.0048923147  0.0844218713
  0.6000000000  0.3333333333  0.3333333333  0.3333333333  0.3333333333  0.6666666667  0.5122698324  0.0800262090  0.1355469635 -0.0040741616 -0.0000075776 -0.0000075032  0.2261371234  0.0541606601 -0.0086158112 -0.0000048830 -0.0000038654  0.4407375000 -0.0055896275 -0.0000062638 -0.0000053907  0.0351507375 -0.0000022126 -0.0000011554  0.1497622015 -0.0034110149  0.0834242466
  0.6000000000  0.3333333333  0.3333333333  0.3333333333  0.3333333333  1.0000000000  0.5122206626  0.0800170994  0.1355254651  0.0040773908 -0.0000123051  0.0000091600  0.2260945351  0.0541354422  0.0086291299 -0.0000205661  0.0000087381  0.4407102884  0.0056043283  0.0000043334  0.0000069331  0.0351305709  0.0000085419 -0.0000009130  0.1497498983  0.0034170735  0.0834155279
  0.6000000000  0.3333333333  0.3333333333  0.3333333333  0.6666666667  0.0000000000  0.5140275899  0.1382854507  0.0000000040  0.0000000000  0.0000000000  0.0000156781  0.4850513251  0.0000000036  0.0000000001 -0.0000000000 -0.0000824717  0.0000000116  0.0000000000 -0.0000000000 -0.0000000000  0.0000000034 -0.0000000000  0.0000000000  0.0000000034  0.0000000000  0.1757813439
  0.6000000000  0.3333333333  0.3333333333  0.3333333333  0.6666666667  0.3333333333  0.4845000889  0.1337608817  0.0675439233 -0.0012155717  0.0030752631 -0.0044163516  0.4204006794  0.0557459308 -0.0023478581  0.0012012636 -0.0008128505  0.2437349161 -0.0014937525  0.0034474825 -0.0024534420  0.0338034841 -0.0052480322  0.0005126092  0.0716123243 -0.0008698448  0.1523952592
  0.6000000000  0.3333333333  0.3333333333  0.3333333333  0.6666666667  0.6666666667  0.2751549809  0.1108272770  0.1110476284 -0.0001535480  0.0004012927 -0.0006965924  0.2732985487  0.1105173512 -0.0003647208  0.0001206707 -0.0003412102  0.2739046759 -0.0001281826  0.0001451749 -0.0003037538  0.0803255396 -0.0002168288  0.0001532512  0.0809180295 -0.0000864153  0.0806319979
  0.6000000000  0.3333333333  0.3333333333  0.3333333333  0.6666666667  1.0000000000  0.2744996046  0.1107182549  0.1111315030  0.0000544569  0.0000247162 -0.0007193011  0.2729183017  0.1107242679  0.0000153087 -0.0000591648 -0.0003954514  0.2745463518  0.0001930509 -0.0001865531 -0.0003342349  0.0806124184 -0.0002310395 -0.0000163937  0.0810499714  0.0000630359  0.0806072762
  0.6000000000  0.3333333333  0.3333333333  0.3333333333  1.0000000000  0.0000000000  0.5086264115  0.1391445560  0.0000000039  0.0000000000  0.0000000000  0.0007639159  0.4911692475  0.0000000038  0.0000000000  0.0000000000  0.0008183623  0.0000000116  0.0000000000  0.0000000000  0.0000000000  0.0000000034 -0.0000000000  0.0000000000  0.0000000034 -0.0000000000  0.1764246571
  0.6000000000  0.3333333333  0.3333333333  0.3333333333  1.0000000000  0.3333333333  0.4404150169  0.1354384770  0.0540149390  0.0000190565  0.0063655487  0.0000429594  0.5117170632  0.0798637039  0.0000257203  0.0046034900  0.0000039082  0.2257003628  0.0000224517  0.0095755050 -0.0000439662  0.0833335766  0.0000365689  0.0038258651  0.0351064835  0.0000222265  0.1497153304
  0.6000000000  0.3333333333  0.3333333333  0.3333333333  1.0000000000  0.6666666667  0.2744208481  0.1112185190  0.1109825374 -0.0002512093  0.0002203783 -0.0001423103  0.2743723176  0.1109052869 -0.0005525535  0.0000683160  0.0000201038  0.2732510901 -0.0002926668  0.0000252761 -0.0000419429  0.0806637459 -0.0000173396  0.0000801318  0.0807411831 -0.0001610319  0.0809125778
  0.6000000000  0.3333333333  0.3333333333  0.3333333333  1.0000000000  1.0000000000  0.2739416158  0.1109371397  0.1109584207 -0.0000730291 -0.0000601503 -0.0002433906  0.2739090509  0.1109283859 -0.0001893891 -0.0000994465 -0.0000830513  0.2739417297 -0.0000399752 -0.0002571407 -0.0001021968  0.0807815099 -0.0000581567 -0.0000448359  0.0808347925 -0.0000327893  0.0807700749
  0.6000000000  0.3333333333  0.3333333333  0.6666666667  0.0000000000  0.0000000000  0.4437606134  0.1212757101  0.0420345503 -0.0089744205  0.0315591547 -0.0053657097  0.4020186455  0.0300371404 -0.0125953912  0.0127099290 -0.0050788041  0.1208239479 -0.0147564446  0.0361578504 -0.0051135923  0.0358186098 -0.0109243295  0.0084078830  0.0511356633 -0.0067826060  0.1484695902
  0.6000000000  0.3333333333  0.3333333333  0.6666666667  0.0000000000  0.3333333333  0.3454911072  0.0649793123  0.1051098022 -0.0008318459  0.0021937219 -0.0584046660  0.1175241613  0.0377644864 -0.0012208261  0.0005556384 -0.0642218675  0.4011605544 -0.0001795545  0.0021167910 -0.0223622870  0.0542129692 -0.0277512045  0.0008845486  0.1277794422 -0.0005108985  0.0729680733
  0.6000000000  0.3333333333  0.3333333333  0.6666666667  0.0000000000  0.6666666667  0.3369072430  0.0674094789  0.1047306726 -0.0006628610  0.0016538299 -0.0557846176  0.1355071765  0.0442820868  0.0006652906  0.0000730805 -0.0629132186  0.4165041963  0.0026825910  0.0012898234 -0.0228868208  0.0608399723 -0.0267561725  0.0008991008  0.1286040831 -0.0003870559  0.0699382823
  0.6000000000  0.3333333333  0.3333333333  0.6666666667  0.0000000000  1.0000000000  0.4114403593  0.0388201447  0.1246936222 -0.0006807438  0.0008519914 -0.0296822935  0.1027834935  0.0340848554  0.0041997829  0.0001522920 -0.0414166501  0.4681741355  0.0035023298  0.0011515509 -0.0149001031  0.0433333548 -0.0112878089  0.0017448764  0.1519463185 -0.0008522959  0.0450150430
  0.6000000000  0.3333333333  0.3333333333  0.6666666667  0.3333333333  0.0000000000  0.4472140944  0.1231847109  0.0389050799 -0.0088903541  0.0279394788 -0.0048039740  0.4147539223  0.0310810763 -0.0164683416  0.0120443704 -0.0051102641  0.1135300801 -0.0178274206  0.0322505308 -0.0051188745  0.0361229445 -0.0096033042  0.0078993880  0.0453309459 -0.0065659811  0.1517775734
  0.6000000000  0.3333333333  0.3333333333  0.6666666667  0.3333333333  0.3333333333  0.4845898926  0.1335666919  0.0675558561 -0.0021725685  0.0023032412 -0.0044701658  0.4198808133  0.0556590853 -0.0037924238  0.0010239714 -0.0008559954  0.2434561598 -0.0039848398  0.0018806972 -0.0024839656  0.0337314635 -0.0052769521  0.0004187957  0.0715712280 -0.0019127726  0.1522159041
  0.6000000000  0.3333333333  0.3333333333  0.6666666667  0.3333333333  0.6666666667  0.3454083176  0.1021375377  0.0873938217 -0.0004188459  0.0019069887 -0.0405255926  0.2509099421  0.0619982661 -0.0005656461  0.0007463955 -0.0313344709  0.3578338636 -0.0003404549  0.0014359817 -0.0225260097  0.0565777439 -0.0306806398  0.0002399287  0.0924351281 -0.0004167291  0.1106593429
  0.6000000000  0.3333333333  0.3333333333  0.6666666667  0.3333333333  1.0000000000  0.3383557769  0.1005468767  0.1092897687 -0.0009930845  0.0023545523 -0.0439071342  0.2225142108  0.0752266791 -0.0027258469  0.0004701399 -0.0503028245  0.4355738042 -0.0007016307  0.0006430886 -0.0286489410  0.0756456175 -0.0317122960  0.0008889126  0.1139949131 -0.0013677338  0.1085245087
  0.6000000000  0.3333333333  0.3333333333  0.6666666667  0.6666666667  0.0000000000  0.5096775082  0.1391072439  0.0000000039 -0.0000000000  0.0000000000 -0.0005248071  0.4901759439  0.0000000038 -0.0000000000  0.0000000000 -0.0002592798  0.0000000117  0.0000000000  0.0000000000 -0.0000000000  0.0000000034  0.0000000000 -0.0000000000  0.0000000034 -0.0000000000  0.1763877316
  0.6000000000  0.3333333333  0.3333333333  0.6666666667  0.6666666667  0.3333333333  0.4847017251  0.1338103077  0.0673602390 -0.0021601110  0.0017541355 -0.0044783494  0.4206832005  0.0558193964 -0.0038021996  0.0009080065 -0.0008523583  0.2436611827 -0.0040658534  0.0013539880 -0.0024386217  0.0338894917 -0.0052241462  0.0004090091  0.0714228468 -0.0019044227  0.1525076639
  0.6000000000  0.3333333333  0.3333333333  0.6666666667  0.6666666667  0.6666666667  0.3810896422  0.1057684326  0.0951606208 -0.0009049603  0.0029432093  0.0000340225  0.3773485404  0.0952194322 -0.0018284358  0.0016589885  0.0005436018  0.3795001342 -0.0009525188  0.0021744172 -0.0003052153  0.0897005850 -0.0018596241  0.0024156392  0.0914830167 -0.0012190915  0.0969970616
  0.6000000000  0.3333333333  0.3333333333  0.6666666667  0.6666666667  1.0000000000  0.3949071130  0.1039504597  0.1028755285 -0.0005206668  0.0004373025 -0.0038725631  0.3938921673  0.1019001552 -0.0003516664  0.0000698168 -0.0028016235  0.3877892988  0.0003290621 -0.0002706018 -0.0022076900  0.0948908376 -0.0028221977 -0.0007960005  0.0954222528 -0.0008626751  0.0973503562
  0.6000000000  0.3333333333  0.3333333333  0.6666666667  1.0000000000  0.0000000000  0.5089281566  0.1391954830  0.0000000039  0.0000000000  0.0000000000  0.0011013344  0.4904898739  0.0000000038 -0.0000000000  0.0000000000  0.0012204673  0.0000000116  0.0000000000  0.0000000000  0.0000000001  0.0000000034 -0.0000000000  0.0000000000  0.0000000034 -0.0000000000  0.1764341053
  0.6000000000  0.3333333333  0.3333333333  0.6666666667  1.0000000000  0.3333333333  0.4421478943  0.1351911820  0.0516557883 -0.0001385615  0.0058261168 -0.0000395493  0.5083583553  0.0754430233 -0.0001945621  0.0039183530 -0.0001669142  0.2144581526 -0.0001918165  0.0083535033 -0.0001422101  0.0784770212 -0.0006352553  0.0032589045  0.0344092531 -0.0000386990  0.1505862318
  0.6000000000  0.3333333333  0.3333333333  0.6666666667  1.0000000000  0.6666666667  0.3812315177  0.1071550349  0.0933155743 -0.0016867764  0.0036717510  0.0010752549  0.3812428442  0.0939390476 -0.0032887070  0.0018618930  0.0015726683  0.3654331013 -0.0013632951  0.0018364446 -0.0001075642  0.0885691575 -0.0012606444  0.0025213470  0.0891845480 -0.0021312833  0.0996102708
  0.6000000000  0.3333333333  0.3333333333  0.6666666667  1.0000000000  1.0000000000  0.3632059104  0.0978007894  0.0885529803 -0.0013209945 -0.0006124534  0.0003149597  0.3592386278  0.0975691438 -0.0034526059 -0.0002874369  0.0007823220  0.3610433539 -0.0011403080 -0.0010004266 -0.0001523690  0.0893703899 -0.0014421956 -0.0006773812  0.0857966791 -0.0025909981  0.0927831878
  0.6000000000  0.3333333333  0.3333333333  1.0000000000  0.0000000000  0.0000000000  0.1543554331  0.1079888615  0.0463450320 -0.0020220938  0.0044369141 -0.1029740369  0.1263087480  0.0410234287 -0.0003053637  0.0008667814 -0.1048910748  0.2904425554  0.0002798478  0.0042081714 -0.0350028012  0.0682902662 -0.0620182568  0.0012833137  0.0708881899 -0.0015433889  0.1127078536
  0.6000000000  0.3333333333  0.3333333333  1.0000000000  0.0000000000  0.3333333333  0.1203256528  0.1126123312  0.0396241498 -0.0008083059  0.0005914760 -0.1108910813  0.1184862720  0.0392113911 -0.0010838669  0.0008734764 -0.1109302063  0.2952426113 -0.0009145843  0.0001028819 -0.0374025503  0.0682177532 -0.0658110703  0.0009092393  0.0684671020 -0.0008516790  0.1134207185
  0.6000000000  0.3333333333  0.3333333333  1.0000000000  0.0000000000  0.6666666667  0.1571237192  0.1109855660  0.0542174565  0.0004006653  0.0025395113 -0.1033046528  0.1395978691  0.0495685047  0.0007037085  0.0024438819 -0.1043476606  0.3245288184  0.0002426600  0.0024276563 -0.0368483811  0.0743830461 -0.0642705149  0.0017131530  0.0778584770 -0.0002725051  0.1139145759
  0.6000000000  0.3333333333  0.3333333333  1.0000000000  0.0000000000  1.0000000000  0.1608119080  0.1063818564  0.0582453635 -0.0009660856  0.0007092682 -0.0957419768  0.1451237674  0.0556862129 -0.0008442142  0.0007754383 -0.0971910755  0.3526531020 -0.0007590791  0.0007241630 -0.0351333608  0.0771239950 -0.0589263959  0.0011580688  0.0835816428 -0.0011220481  0.1060857388
  0.6000000000  0.3333333333  0.3333333333  1.0000000000  0.3333333333  0.0000000000  0.4395180948  0.1251633331  0.0292622600 -0.0130854246  0.0198944523 -0.0081878931  0.4136247512  0.0287208404 -0.0220553309  0.0127636153 -0.0088312321  0.0852514269 -0.0243204125  0.0227863036 -0.0073900558  0.0357711071 -0.0137335799  0.0094144502  0.0339284606 -0.0093911639  0.1529714396
  0.6000000000  0.3333333333  0.3333333333  1.0000000000  0.3333333333  0.3333333333  0.3214881537  0.1191900284  0.0818733921 -0.0005185525  0.0056578977 -0.0542255535  0.2616461196  0.0770390201 -0.0006551870 -0.0009730491 -0.0557122006  0.3626964929  0.0014964500  0.0040067886 -0.0307657878  0.0817032861 -0.0420924318  0.0001656234  0.0824028885 -0.0023706819  0.1317035213
  0.6000000000  0.3333333333  0.3333333333  1.0000000000  0.3333333333  0.6666666667  0.2709994322  0.1206863183  0.0794652535 -0.0007050707  0.0061073022 -0.0621863028  0.2444524846  0.0800459519 -0.0027603282 -0.0002811344 -0.0626379646  0.3854160213  0.0006085757  0.0051210984 -0.0355638722  0.0866030610 -0.0480047191  0.0007070035  0.0841553910 -0.0027819382  0.1270393955
  0.6000000000  0.3333333333  0.3333333333  1.0000000000  0.3333333333  1.0000000000  0.1932857520  0.1188268624  0.0685430949 -0.0000878245  0.0010604612 -0.0798096450  0.1824082771  0.0678245026  0.0009943188  0.0006932559 -0.0783875651  0.3789972986  0.0012318718  0.0007079331 -0.0389662955  0.0860308824 -0.0546696468  0.0003519547  0.0846472045  0.0000239516  0.1215479656
  0.6000000000  0.3333333333  0.3333333333  1.0000000000  0.6666666667  0.0000000000  0.5091421368  0.1391125051  0.0000000040 -0.0000000000  0.0000000000 -0.0003461605  0.4905487284  0.0000000038 -0.0000000000  0.0000000000 -0.0002868433  0.0000000117  0.0000000000  0.0000000000 -0.0000000000  0.0000000034  0.0000000000 -0.0000000000  0.0000000034 -0.0000000000  0.1763958108
  0.6000000000  0.3333333333  0.3333333333  1.0000000000  0.6666666667  0.3333333333  0.4477342943  0.1357313639  0.0574377066 -0.0008021817  0.0009486152 -0.0146460728  0.4143817342  0.0532352239 -0.0005756250  0.0006854258 -0.0135251114  0.2180422868 -0.0020232939  0.0003457657 -0.0096529346  0.0452076803 -0.0178270741  0.0005467019  0.0511819352 -0.0005805911  0.1539626971
  0.6000000000  0.3333333333  0.3333333333  1.0000000000  0.6666666667  0.6666666667  0.3269561103  0.1225714170  0.0786620622 -0.0003263138  0.0020597376 -0.0403739927  0.2886104000  0.0773164792 -0.0011072194 -0.0010535856 -0.0415192340  0.3393791303  0.0004676660  0.0011125030 -0.0254550493  0.0790924044 -0.0370683636 -0.0000460848  0.0781221087 -0.0012126937  0.1342180063
  0.6000000000  0.3333333333  0.3333333333  1.0000000000  0.6666666667  1.0000000000  0.2975543782  0.1201023019  0.0818498388  0.0000367378  0.0062189014 -0.0532756262  0.2578846671  0.0796343048 -0.0006962813 -0.0012227224 -0.0543933382  0.3756011246  0.0016771177  0.0038546090 -0.0315866458  0.0835834193 -0.0435722383 -0.0000076461  0.0831669376 -0.0020952382  0.1295657972
  0.6000000000  0.3333333333  0.3333333333  1.0000000000  1.0000000000  0.0000000000  0.5090847235  0.1391683612  0.0000000039  0.0000000000 -0.0000000000  0.0011882026  0.4904476159  0.0000000038  0.0000000000  0.0000000000  0.0011868760  0.0000000115 -0.0000000000  0.0000000000  0.0000000001  0.0000000034 -0.0000000000 -0.0000000000  0.0000000034  0.0000000000  0.1764622301
  0.6000000000  0.3333333333  0.3333333333  1.0000000000  1.0000000000  0.3333333333  0.4407534662  0.1355647000  0.0535024635  0.0000084543  0.0078645411  0.0000121853  0.5113160024  0.0790483815  0.0000118151  0.0054213675  0.0000017170  0.2230729183  0.0000043331  0.0108923296 -0.0000193400  0.0825682947  0.0000049453  0.0045968204  0.0347495548  0.0000047093  0.1500481915
  0.6000000000  0.3333333333  0.3333333333  1.0000000000  1.0000000000  0.6666666667  0.4334007822  0.1262347405  0.0535443673 -0.0001609954  0.0008106278 -0.0079770538  0.4022264408  0.0479955972 -0.0002305722  0.0005111535 -0.0060911504  0.2092205418  0.0001028318  0.0011077616 -0.0043979118  0.0377165996 -0.0126135671  0.0002095711  0.0494993984 -0.0000602372  0.1474417362
  0.6000000000  0.3333333333  0.3333333333  1.0000000000  1.0000000000  1.0000000000  0.4071429628  0.1110045768  0.0585244634 -0.0005961836  0.0026132645 -0.0025412365  0.3839447000  0.0693565649  0.0003282769  0.0013336048 -0.0040119609  0.2499931819  0.0009858827  0.0015434373 -0.0031869733  0.0631394207 -0.0081838043  0.0018154031  0.0445438790 -0.0019166826  0.1313286878
  0.6000000000  0.3333333333  0.6666666667  0.0000000000  0.0000000000  0.0000000000  0.4870092945  0.0000000038  0.1374909143 -0.0000000000  0.0047950883  0.0000000000  0.0000000119  0.0000000036 -0.0000000000  0.0000000003  0.0000000000  0.4954801582 -0.0000000001  0.0047635373 -0.0000000000  0.0000000034  0.0000000000 -0.0000000000  0.1759301632 -0.0000000000  0.0000000034
  0.6000000000  0.3333333333  0.6666666667  0.0000000000  0.0000000000  0.3333333333  0.4908360967  0.0000000039  0.1390763543 -0.0000000000  0.0030374603  0.0000000000  0.0000000117  0.0000000039 -0.0000000000  0.0000000002  0.0000000000  0.5045795416 -0.0000000000  0.0033737572 -0.0000000000  0.0000000034  0.0000000000 -0.0000000000  0.1766567913  0.0000000000  0.0000000034
  0.6000000000  0.3333333333  0.6666666667  0.0000000000  0.0000000000  0.6666666667  0.4915006064  0.0000000039  0.1391284728  0.0000000000  0.0012825998 -0.0000000000  0.0000000116  0.0000000039 -0.0000000000  0.0000000001  0.0000000000  0.5079467362  0.0000000000  0.0012776863  0.0000000000  0.0000000034 -0.0000000000 -0.0000000000  0.1764097031  0.0000000000  0.0000000034
  0.6000000000  0.3333333333  0.6666666667  0.0000000000  0.0000000000  1.0000000000  0.4912205071  0.0000000038  0.1391233361 -0.0000000000  0.0000963449 -0.0000000000  0.0000000116  0.0000000039 -0.0000000000 -0.0000000000 -0.0000000000  0.5087046971 -0.0000000001 -0.0000247258  0.0000000000  0.0000000034  0.0000000000  0.0000000000  0.1764062955 -0.0000000000  0.0000000034
  0.6000000000  0.3333333333  0.6666666667  0.0000000000  0.3333333333  0.0000000000  0.2775620685  0.0904905626  0.1089363548 -0.0044267310  0.0676086243  0.0455578789  0.3185009342  0.0912784812 -0.0482683901  0.0162610817  0.0497792467  0.2888378452 -0.0465338014  0.0677146563  0.0047676601  0.0914507796  0.0038201373  0.0276004713  0.1216442740 -0.0023783111  0.0937403000
  0.6000000000  0.3333333333  0.6666666667  0.0000000000  0.3333333333  0.3333333333  0.4854273834  0.0617256590  0.1348893227  0.0023435479 -0.0028583526  0.0019176117  0.2017759090  0.0484360099  0.0042435894 -0.0019488463  0.0033349772  0.4493652452  0.0047245073 -0.0009095943 -0.0000959638  0.0321576882 -0.0003852753 -0.0044269620  0.1540061798  0.0022818524  0.0643667513
  0.6000000000  0.3333333333  0.6666666667  0.0000000000  0.3333333333  0.6666666667  0.4783826201  0.0571712344  0.1368020953  0.0054890295 -0.0035725632  0.0024790160  0.1908608450  0.0476955913  0.0111693367 -0.0021521739  0.0036196271  0.4601476975  0.0084902694 -0.0020786454 -0.0007400791  0.0335941284 -0.0011729675 -0.0053419292  0.1563104865  0.0051008052  0.0559054090
  0.6000000000  0.3333333333  0.6666666667  0.0000000000  0.3333333333  1.0000000000  0.4910631573  0.0000000038  0.1391287817 -0.0000000000  0.0000884677  0.0000000000  0.0000000116  0.0000000039 -0.0000000000 -0.0000000000  0.0000000000  0.5088351869 -0.0000000001 -0.0000243466  0.0000000000  0.0000000034  0.0000000000  0.0000000000  0.1764003460 -0.0000000000  0.0000000034
  0.6000000000  0.3333333333  0.6666666667  0.0000000000  0.6666666667  0.0000000000  0.2566483013  0.0863894724  0.1153851270 -0.0035668002  0.0720697061  0.0242867918  0.3918103925  0.0884967736 -0.0234231662  0.0340902373  0.0247187428  0.2648878150 -0.0232947444  0.0706199990  0.0050145169  0.0912210406  0.0026806880  0.0452919815  0.1246956553 -0.0016396579  0.0905652402
  0.6000000000  0.3333333333  0.6666666667  0.0000000000  0.6666666667  0.3333333333  0.4772961985  0.0684832613  0.1353649318  0.0003716836 -0.0033126915  0.0006996721  0.2327104553  0.0547874619  0.0007028899 -0.0021096955  0.0007011717  0.4463850480  0.0006210651 -0.0010014282  0.0001042372  0.0362865343 -0.0000155143 -0.0053949433  0.1522390307  0.0004706355  0.0702034670
  0.6000000000  0.3333333333  0.6666666667  0.0000000000  0.6666666667  0.6666666667  0.4728062606  0.0678054474  0.1363313594  0.0025195718 -0.0039310400 -0.0001319421  0.2320327695  0.0550477676  0.0054232152 -0.0024312233  0.0000020155  0.4475422719  0.0046719142 -0.0011627004 -0.0007847263  0.0371414096 -0.0005838691 -0.0056963676  0.1532670679  0.0024250264  0.0693060675
  0.6000000000  0.3333333333  0.6666666667  0.0000000000  0.6666666667  1.0000000000  0.4199697617  0.0550144409  0.1357629367 -0.0000296789 -0.0000197625 -0.0058281294  0.2321995634  0.0761569106 -0.0000474185 -0.0000099543 -0.0086428526  0.5182031688 -0.0001067269 -0.0001175454 -0.0041479988  0.0786271998 -0.0036610574 -0.0000659329  0.1527781917  0.0000186393  0.0359709411
  0.6000000000  0.3333333333  0.6666666667  0.0000000000  1.0000000000  0.0000000000  0.2010380228  0.0763281731  0.1126469937 -0.0012950140  0.0921659899  0.0059815867  0.4178122228  0.0747517198 -0.0057757099  0.0466542510  0.0054773256  0.1817628815 -0.0064644155  0.0941481751  0.0014418572  0.0864483228  0.0006345896  0.0635148646  0.1093560304 -0.0001314953  0.0908528679
  0.6000000000  0.3333333333  0.6666666667  0.0000000000  1.0000000000  0.3333333333  0.4588015738  0.0665055359  0.1351479987 -0.0004092200 -0.0040008373 -0.0000280752  0.2407100825  0.0583797128 -0.0014664440 -0.0027891278 -0.0002273144  0.4487444773 -0.0010427262 -0.0023105454 -0.0000110765  0.0455743158 -0.0000646701 -0.0067828512  0.1512956389 -0.0001358282  0.0598250966
  0.6000000000  0.3333333333  0.6666666667  0.0000000000  1.0000000000  0.6666666667  0.4917232488  0.0804157745  0.1332133595  0.0001935774 -0.0004214941 -0.0002469327  0.2420120911  0.0560424657 -0.0004491427  0.0002023179 -0.0004859500  0.4355755969 -0.0000372328 -0.0003030479  0.0000017890  0.0390945064 -0.0000855800 -0.0003346760  0.1466837199  0.0005678910  0.0802205393
  0.6000000000  0.3333333333  0.6666666667  0.0000000000  1.0000000000  1.0000000000  0.4203532643  0.0571113778  0.1343567449  0.0005613344 -0.0009886355 -0.0020022809  0.2499576403  0.0689478640  0.0008060336 -0.0023096741 -0.0024717222  0.4857314945  0.0005182605 -0.0050816695 -0.0011161464  0.0738523945 -0.0007426023 -0.0062251178  0.1527473833  0.0002172597  0.0369171385
  0.6000000000  0.3333333333  0.6666666667  0.3333333333  0.0000000000  0.0000000000  0.4771844507  0.0000000038  0.1378902022 -0.0000000000  0.0074199417  0.0000000000  0.0000000121  0.0000000038 -0.0000000000  0.0000000003 -0.0000000000  0.4968863768 -0.0000000000  0.0067958097  0.0000000000  0.0000000035 -0.0000000000 -0.0000000000  0.1767935116 -0.0000000000  0.0000000035
  0.6000000000  0.3333333333  0.6666666667  0.3333333333  0.0000000000  0.3333333333  0.4907591108  0.0000000039  0.1390908085 -0.0000000000  0.0031108717  0.0000000000  0.0000000117  0.0000000039 -0.0000000000  0.0000000002  0.0000000000  0.5046708785 -0.0000000000  0.0034768489  0.0000000000  0.0000000034  0.0000000000 -0.0000000000  0.1766280662 -0.0000000000  0.0000000034
  0.6000000000  0.3333333333  0.6666666667  0.3333333333  0.0000000000  0.6666666667  0.4906157665  0.0000000038  0.1391891438  0.0000000000  0.0015049173  0.0000000000  0.0000000116  0.0000000039 -0.0000000000  0.0000000001  0.0000000000  0.5085357078  0.0000000000  0.0013811602  0.0000000000  0.0000000034 -0.0000000000 -0.0000000000  0.1764362987  0.0000000000  0.0000000034
  0.6000000000  0.3333333333  0.6666666667  0.3333333333  0.0000000000  1.0000000000  0.4908627354  0.0000000038  0.1391341401 -0.0000000000  0.0000562115  0.0000000000  0.0000000116  0.0000000039 -0.0000000000 -0.0000000000 -0.0000000000  0.5090647621 -0.0000000001 -0.0000821921  0.0000000000  0.0000000034  0.0000000000 -0.0000000000  0.1763973802 -0.0000000000  0.0000000034
  0.6000000000  0.3333333333  0.6666666667  0.3333333333  0.3333333333  0.0000000000  0.1864962379  0.0720519937  0.1151924124 -0.0008052439  0.0968353592 -0.0007726683  0.4156388360  0.0699234921 -0.0016349221  0.0494568608 -0.0000750734  0.1686203604 -0.0024609212  0.0981578854 -0.0001906922  0.0832003028 -0.0005557982  0.0680401432  0.1168577757 -0.0010313752  0.0856229694
  0.6000000000  0.3333333333  0.6666666667  0.3333333333  0.3333333333  0.3333333333  0.4882978401  0.0682292800  0.1352254141 -0.0009465730 -0.0004149658 -0.0014067589  0.2136482616  0.0512461742 -0.0019838731 -0.0004192015 -0.0013439265  0.4452694793 -0.0016092139 -0.0000572517 -0.0002246052  0.0340898529 -0.0000352099 -0.0009022446  0.1520053449 -0.0012000985  0.0721660916
  0.6000000000  0.3333333333  0.6666666667  0.3333333333  0.3333333333  0.6666666667  0.4902338998  0.0458028234  0.1370830696 -0.0003465289 -0.0022984461 -0.0010538147  0.1441787175  0.0362073831 -0.0009707577 -0.0014268525 -0.0007547824  0.4681628267 -0.0003420721 -0.0012361411 -0.0002245587  0.0207556735 -0.0000659035 -0.0030637804  0.1600420375 -0.0004101559  0.0477628724
  0.6000000000  0.3333333333  0.6666666667  0.3333333333  0.3333333333  1.0000000000  0.4905657380  0.0000000038  0.1391244338 -0.0000000000 -0.0002779845  0.0000000000  0.0000000116  0.0000000039 -0.0000000000 -0.0000000000 -0.0000000000  0.5093978593 -0.0000000000 -0.0004480564  0.0000000000  0.0000000034  0.0000000000 -0.0000000000  0.1764085498 -0.0000000000  0.0000000034
  0.6000000000  0.3333333333  0.6666666667  0.3333333333  0.6666666667  0.0000000000  0.1812285691  0.0713249420  0.1154101779 -0.0008091957  0.0986281668 -0.0004141205  0.4186226725  0.0700915989 -0.0014204128  0.0503188287  0.0000360718  0.1657222886 -0.0024199867  0.0998165476 -0.0001174392  0.0837142639 -0.0004153654  0.0693958977  0.1161951197 -0.0008850382  0.0857334298
  0.6000000000  0.3333333333  0.6666666667  0.3333333333  0.6666666667  0.3333333333  0.4735208193  0.0732148344  0.1370061414 -0.0022838215 -0.0009979959 -0.0014411689  0.2421018301  0.0580837771 -0.0054343845 -0.0003171476 -0.0009754153  0.4440194715 -0.0040315294  0.0002064252  0.0001514139  0.0396794995  0.0000698197 -0.0011825334  0.1516403377 -0.0020048998  0.0759300086
  0.6000000000  0.3333333333  0.6666666667  0.3333333333  0.6666666667  0.6666666667  0.5021111260  0.0816020808  0.1348522061  0.0002135698  0.0001425843 -0.0000001560  0.2387490847  0.0558695326  0.0005607505  0.0001517549  0.0000179507  0.4377876978  0.0008235793  0.0000568795  0.0000012603  0.0367955636 -0.0000452927  0.0004704464  0.1481816872  0.0000874996  0.0833012478
  0.6000000000  0.3333333333  0.6666666667  0.3333333333  0.6666666667  1.0000000000  0.5120741382  0.0800231968  0.1355660650  0.0038476914 -0.0000319717  0.0000043235  0.2261614959  0.0541531603  0.0081212820 -0.0000417324  0.0000153703  0.4408028871  0.0052731459 -0.0000034016  0.0000074127  0.0351187599  0.0000139573  0.0000019946  0.1497659634  0.0032057502  0.0834023153
  0.6000000000  0.3333333333  0.6666666667  0.3333333333  1.0000000000  0.0000000000  0.3311975595  0.0995901194  0.0765454396 -0.0001818569  0.0622802727  0.0000252594  0.4016966125  0.0496487769 -0.0014412545  0.0251875919  0.0001186905  0.1541477471 -0.0007309425  0.0667151583 -0.0000588480  0.0656822281 -0.0001548860  0.0295765057  0.0744859495 -0.0001241785  0.1245530725
  0.6000000000  0.3333333333  0.6666666667  0.3333333333  1.0000000000  0.3333333333  0.4563195173  0.0744320303  0.1325791646 -0.0015031494  0.0021390933  0.0021825646  0.2542987717  0.0581058259 -0.0025491030  0.0012612610  0.0024819879  0.4318945736 -0.0026101962  0.0014025357 -0.0001687241  0.0394864904 -0.0009735777  0.0014799326  0.1468066626 -0.0005988998  0.0792638952
  0.6000000000  0.3333333333  0.6666666667  0.3333333333  1.0000000000  0.6666666667  0.5013731058  0.0831286110  0.1338866562 -0.0006169347 -0.0001453252  0.0002057016  0.2433927486  0.0559424652 -0.0017120944 -0.0002124978  0.0006567899  0.4340412129 -0.0007308155 -0.0000672020  0.0001452883  0.0363621780  0.0000322081 -0.0003487847  0.1469661026 -0.0003653578  0.0854059109
  0.6000000000  0.3333333333  0.6666666667  0.3333333333  1.0000000000  1.0000000000  0.5002247312  0.0813613453  0.1347527819  0.0009927107  0.0000857623  0.0002737751  0.2384896767  0.0559028031  0.0021318214  0.0000226659  0.0004563193  0.4375160814  0.0014826444 -0.0000133694  0.0000984546  0.0370233613  0.0000847145  0.0003239059  0.1480502967  0.0007899398  0.0830292376
  0.6000000000  0.3333333333  0.6666666667  0.6666666667  0.0000000000  0.0000000000  0.3778751302  0.0464734247  0.1072191435 -0.0151948721  0.0095173490 -0.0351912494  0.1124593119  0.0458623779 -0.0312821838  0.0092004593 -0.0361143429  0.3662444152 -0.0306423127  0.0083713844 -0.0163165408  0.0485117537 -0.0132929223  0.0144215170  0.1311584093 -0.0138427813  0.0549907481
  0.6000000000  0.3333333333  0.6666666667  0.6666666667  0.0000000000  0.3333333333  0.4138972811  0.0372802355  0.1240312475 -0.0040890921  0.0022975334 -0.0312417059  0.0879387253  0.0282992392 -0.0058822574  0.0023986061 -0.0406908909  0.4585381635 -0.0058106449  0.0021129797 -0.0148800756  0.0377820044 -0.0117386551  0.0047684642  0.1522835921 -0.0028682799  0.0453826511
  0.6000000000  0.3333333333  0.6666666667  0.6666666667  0.0000000000  0.6666666667  0.4122929112  0.0388326559  0.1241452709 -0.0024348299  0.0012211697 -0.0315307045  0.0932513254  0.0303794654 -0.0020526244  0.0012415895 -0.0424415093  0.4617668142 -0.0022814571  0.0009620647 -0.0155285567  0.0402294879 -0.0122813875  0.0029459488  0.1518850770 -0.0018983396  0.0457930614
  0.6000000000  0.3333333333  0.6666666667  0.6666666667  0.0000000000  1.0000000000  0.4131325863  0.0387768809  0.1245103062 -0.0011398624  0.0004577416 -0.0309498761  0.0933020206  0.0304771460 -0.0007334353  0.0005133708 -0.0418514529  0.4659808548 -0.0008870389  0.0003924800 -0.0153095855  0.0395394992 -0.0120573398  0.0014961655  0.1523861447 -0.0008471815  0.0444444096
  0.6000000000  0.3333333333  0.6666666667  0.6666666667  0.3333333333  0.0000000000  0.2063391650  0.0678947972  0.1090972326 -0.0023304275  0.0873560976 -0.0031569133  0.3385824554  0.0661290254 -0.0087094283  0.0333800760 -0.0023223729  0.1829150445 -0.0089217480  0.0899050556 -0.0022366467  0.0816141846 -0.0027848699  0.0551982092  0.1051513390 -0.0034108487  0.0872882483
  0.6000000000  0.3333333333  0.6666666667  0.6666666667  0.3333333333  0.3333333333  0.3174710690  0.0879036076  0.1066518153 -0.0030964232  0.0202254728 -0.0246892775  0.2685509670  0.0836745272 -0.0075853888  0.0070144545 -0.0268303237  0.3560076123 -0.0059562812  0.0205263766 -0.0106660438  0.0804173948 -0.0148871173  0.0130827621  0.1088651303 -0.0062940062  0.0945476029
  0.6000000000  0.3333333333  0.6666666667  0.6666666667  0.3333333333  0.6666666667  0.3802032062  0.0518272282  0.1181018342 -0.0017277427  0.0011483780 -0.0357886375  0.1393802345  0.0436854901 -0.0017897378  0.0011349524 -0.0473977651  0.4432842854 -0.0005324925  0.0019558288 -0.0170198112  0.0570766507 -0.0170335197  0.0021670468  0.1412857373 -0.0013147996  0.0516929203
  0.6000000000  0.3333333333  0.6666666667  0.6666666667  0.3333333333  1.0000000000  0.4083834789  0.0401257179  0.1250854017 -0.0005075197  0.0002714721 -0.0219101623  0.1451445859  0.0457372274 -0.0003132544  0.0002928068 -0.0339774604  0.4804100887 -0.0004671097  0.0003188494 -0.0126162479  0.0533663295 -0.0093023108  0.0004219253  0.1510806988 -0.0003916942  0.0377313180
  0.6000000000  0.3333333333  0.6666666667  0.6666666667  0.6666666667  0.0000000000  0.3272053070  0.0984777764  0.0792904266 -0.0012716106  0.0631109748  0.0002903681  0.3933628553  0.0513997807 -0.0052552346  0.0257180115 -0.0001247596  0.1571864073 -0.0040547639  0.0688703781 -0.0009031612  0.0677303073 -0.0010882981  0.0307912309  0.0754390762 -0.0007200173  0.1224346545
  0.6000000000  0.3333333333  0.6666666667  0.6666666667  0.6666666667  0.3333333333  0.3763138020  0.0955519229  0.0900219272 -0.0035133540  0.0041294596 -0.0103386105  0.3097847688  0.0798140294 -0.0051220455  0.0013250527 -0.0094501020  0.3450984268 -0.0023832865  0.0034671056 -0.0060232374  0.0688055607 -0.0136040886  0.0022786685  0.0961467265 -0.0049650654  0.0996846122
  0.6000000000  0.3333333333  0.6666666667  0.6666666667  0.6666666667  0.6666666667  0.3164800241  0.0926590549  0.0766218545 -0.0015596750  0.0035313735 -0.0252031094  0.2499997416  0.0604756176 -0.0029916808  0.0020394279 -0.0282238663  0.3433457153 -0.0031307860  0.0031241875 -0.0169216308  0.0591189121 -0.0216285799  0.0020511571  0.0868329900 -0.0016076016  0.1065907198
  0.6000000000  0.3333333333  0.6666666667  0.6666666667  0.6666666667  1.0000000000  0.3173934960  0.0925897582  0.0967655311 -0.0015203847  0.0017933917 -0.0425007375  0.2113657975  0.0654571586 -0.0044815098  0.0000794339 -0.0401329537  0.3992862048 -0.0018848764  0.0006057078 -0.0256319340  0.0678773388 -0.0304003143  0.0007805854  0.1044328943 -0.0015177704  0.1016289909
  0.6000000000  0.3333333333  0.6666666667  0.6666666667  1.0000000000  0.0000000000  0.3453799543  0.1038544317  0.0733193584 -0.0010514087  0.0577791574  0.0005964189  0.4033288210  0.0488980934 -0.0021848451  0.0240810146  0.0003705905  0.1527414153 -0.0016847659  0.0639175792 -0.0004518414  0.0643017044 -0.0013336454  0.0277552711  0.0704470226 -0.0008184135  0.1274005896
  0.6000000000  0.3333333333  0.6666666667  0.6666666667  1.0000000000  0.3333333333  0.2499703675  0.0827579462  0.1180039219 -0.0013220437  0.0566507167  0.0069008895  0.3765279034  0.0751868348 -0.0116578194  0.0314152737  0.0107637764  0.2381124923 -0.0085134001  0.0564237168  0.0013558167  0.0849213766 -0.0008587992  0.0436301739  0.1241947315 -0.0005028793  0.0907127988
  0.6000000000  0.3333333333  0.6666666667  0.6666666667  1.0000000000  0.6666666667  0.3944442354  0.1036886430  0.1058353876 -0.0013091686  0.0041069657  0.0003898154  0.3860983279  0.1026578154 -0.0011529426  0.0025526579  0.0010490261  0.3930317032 -0.0009869500  0.0035343587 -0.0004232828  0.0953295261 -0.0008439258  0.0030172411  0.0986386935 -0.0014053378  0.0963047728
  0.6000000000  0.3333333333  0.6666666667  0.6666666667  1.0000000000  1.0000000000  0.3849002665  0.1027144306  0.1146598114 -0.0005046565  0.0008459369 -0.0066874452  0.3598774918  0.1010258904 -0.0002701096  0.0007826854 -0.0028388603  0.3913172314 -0.0004473713  0.0007044137 -0.0033470593  0.0915777504 -0.0041567059 -0.0012944110  0.1051643852 -0.0006996115  0.0928186423
  0.6000000000  0.3333333333  0.6666666667  1.0000000000  0.0000000000  0.0000000000  0.1883024633  0.0547612963  0.0798022155 -0.0176247002  0.0688099001 -0.0088844445  0.2567725958  0.0517073612 -0.0300830195  0.0303596850 -0.0096763712  0.1141337584 -0.0294204796  0.0687207153 -0.0157749069  0.0654563272 -0.0157207008  0.0409027517  0.0856770911 -0.0211928333  0.0720451534
  0.6000000000  0.3333333333  0.6666666667  1.0000000000  0.0000000000  0.3333333333  0.1784318646  0.1093296499  0.0602632912 -0.0023101582  0.0017678901 -0.0953547044  0.1529137558  0.0561316324 -0.0057484673  0.0018587396 -0.0967103702  0.3293021381 -0.0066733433  0.0013606726 -0.0344881616  0.0788136370 -0.0597750782  0.0026661649  0.0822894133 -0.0032594232  0.1096449781
  0.6000000000  0.3333333333  0.6666666667  1.0000000000  0.0000000000  0.6666666667  0.1775346734  0.1092221583  0.0600884887 -0.0021111333 -0.0017696023 -0.0962256482  0.1514649538  0.0562938241 -0.0062619847  0.0010071286 -0.0975248381  0.3307589616 -0.0063549957 -0.0024392784 -0.0346645719  0.0782765357 -0.0601328264  0.0017717780  0.0821064862 -0.0028594954  0.1100411330
  0.6000000000  0.3333333333  0.6666666667  1.0000000000  0.0000000000  1.0000000000  0.2865493623  0.0801750923  0.0957222865 -0.0009729020  0.0003543415 -0.0617813994  0.1709219760  0.0575852997 -0.0010780887  0.0004600320 -0.0685287399  0.4127690212 -0.0004726403  0.0001921054 -0.0264335001  0.0752559058 -0.0321024339  0.0012377214  0.1185276561 -0.0005904424  0.0719534465
  0.6000000000  0.3333333333  0.6666666667  1.0000000000  0.3333333333  0.0000000000  0.2114946717  0.0699067488  0.1046050422 -0.0041128297  0.0827247815 -0.0041968869  0.3394879942  0.0695821167 -0.0117572691  0.0329345920 -0.0039374866  0.1756182815 -0.0116067520  0.0849335164 -0.0030854928  0.0826580218 -0.0041656538  0.0528851579  0.1002195714 -0.0056212492  0.0885305212
  0.6000000000  0.3333333333  0.6666666667  1.0000000000  0.3333333333  0.3333333333  0.2025255440  0.1164104809  0.0709478267 -0.0009751531 -0.0000619672 -0.0732687441  0.1893065867  0.0681216619  0.0024957739  0.0024520450 -0.0727594241  0.3713967192  0.0008545637  0.0004294892 -0.0361800863  0.0859710088 -0.0521307846  0.0018033767  0.0863058972  0.0001393054  0.1209686683
  0.6000000000  0.3333333333  0.6666666667  1.0000000000  0.3333333333  0.6666666667  0.1854512108  0.1175026172  0.0671786210 -0.0012561785 -0.0032015876 -0.0854037175  0.1707505587  0.0652808084 -0.0042720120 -0.0008492586 -0.0843608846  0.3782695346 -0.0043039980 -0.0044089762 -0.0408171981  0.0847327074 -0.0595582211 -0.0006495130  0.0844032873 -0.0006629978  0.1205969367
  0.6000000000  0.3333333333  0.6666666667  1.0000000000  0.3333333333  1.0000000000  0.1771615696  0.1184782078  0.0659198812 -0.0013644095 -0.0052091287 -0.0877137019  0.1698963447  0.0654920206 -0.0036372104 -0.0012637385 -0.0862473454  0.3790996697 -0.0041916678 -0.0064410308 -0.0412472835  0.0860266586 -0.0599642359 -0.0011056587  0.0848533492 -0.0002781618  0.1207666947
  0.6000000000  0.3333333333  0.6666666667  1.0000000000  0.6666666667  0.0000000000  0.3433845302  0.1036815608  0.0724417869 -0.0039835158  0.0530894736 -0.0002243637  0.3948374228  0.0583063400 -0.0150503015  0.0236391292  0.0000911150  0.1651125691 -0.0152054143  0.0604287353 -0.0024526790  0.0724390248 -0.0022914807  0.0258077690  0.0664451062 -0.0024486835  0.1256992464
  0.6000000000  0.3333333333  0.6666666667  1.0000000000  0.6666666667  0.3333333333  0.2506257106  0.1047622440  0.0999394607 -0.0020979424  0.0114155130 -0.0347315541  0.2643180987  0.0776775892 -0.0012542504  0.0042486629 -0.0335631185  0.2781691260 -0.0013321956  0.0121143234 -0.0158156429  0.0854727313 -0.0288441450  0.0076326908  0.0921552273 -0.0024121462  0.1103571485
  0.6000000000  0.3333333333  0.6666666667  1.0000000000  0.6666666667  0.6666666667  0.2669519237  0.1172807925  0.0826861725 -0.0009175507 -0.0120686068 -0.0544004747  0.2348737715  0.0749916336 -0.0003481789  0.0000723553 -0.0546018709  0.3751356494 -0.0050788052 -0.0106663662 -0.0322205921  0.0851678965 -0.0447876856 -0.0005251616  0.0867389421  0.0018107921  0.1269186191
  0.6000000000  0.3333333333  0.6666666667  1.0000000000  0.6666666667  1.0000000000  0.2673411025  0.1127231870  0.0801153603 -0.0021659794 -0.0170209381 -0.0523514950  0.2205970890  0.0689174612 -0.0044831262  0.0016310874 -0.0534764762  0.3505312572 -0.0091394371 -0.0147154315 -0.0279516908  0.0829587771 -0.0404802940  0.0002730456  0.0895967802  0.0011475665  0.1220991375
  0.6000000000  0.3333333333  0.6666666667  1.0000000000  1.0000000000  0.0000000000  0.3548550817  0.1078716500  0.0701225484 -0.0022732265  0.0504945647  0.0009385655  0.4044385736  0.0560180336 -0.0103461150  0.0229171784  0.0010570790  0.1613999820 -0.0094077287  0.0589242239 -0.0015582493  0.0695024994 -0.0016114006  0.0251786333  0.0649428059 -0.0014381977  0.1292162596
  0.6000000000  0.3333333333  0.6666666667  1.0000000000  1.0000000000  0.3333333333  0.2996139399  0.0901206228  0.0879501016 -0.0022753175  0.0390953955  0.0006225812  0.3196106553  0.0588339859  0.0000445804  0.0171292485  0.0011894654  0.2146048827 -0.0017913672  0.0407526497 -0.0021014591  0.0715210331 -0.0035763417  0.0214637671  0.0792310676 -0.0014427108  0.1101862117
  0.6000000000  0.3333333333  0.6666666667  1.0000000000  1.0000000000  0.6666666667  0.3623774999  0.1081127723  0.0977548294 -0.0017279109  0.0020252931 -0.0017679784  0.3527182250  0.1002964670 -0.0055207155  0.0017421530 -0.0004686143  0.3581501563 -0.0044162010  0.0001922665 -0.0013610458  0.0892252874 -0.0029163607  0.0027757151  0.0930492913 -0.0013262532  0.0973585674
  0.6000000000  0.3333333333  0.6666666667  1.0000000000  1.0000000000  1.0000000000  0.3638302021  0.1023957537  0.0989907032 -0.0006627682  0.0020113444  0.0012612222  0.3576711426  0.0967246475 -0.0016770793  0.0012395822  0.0014123362  0.3678429406 -0.0001089003  0.0002912985 -0.0002022360  0.0899211616 -0.0017324884  0.0011646741  0.0922358723  0.0006178942  0.0931533334
  0.6000000000  0.3333333333  1.0000000000  0.0000000000  0.0000000000  0.0000000000  0.4735885518  0.0000000038  0.1382816794  0.0000000000  0.0086177151  0.0000000000  0.0000000121  0.0000000039  0.0000000000  0.0000000003 -0.0000000000  0.4963320272  0.0000000000  0.0077458292  0.0000000000  0.0000000035  0.0000000000 -0.0000000000  0.1763806285  0.0000000000  0.0000000035
  0.6000000000  0.3333333333  1.0000000000  0.0000000000  0.0000000000  0.3333333333  0.4865209527  0.0000000039  0.1393613146  0.0000000000  0.0049634239 -0.0000000000  0.0000000118  0.0000000039  0.0000000000  0.0000000003 -0.0000000000  0.5023697691  0.0000000000  0.0056352490  0.0000000000  0.0000000034 -0.0000000000 -0.0000000000  0.1770807828  0.0000000000  0.0000000034
  0.6000000000  0.3333333333  1.0000000000  0.0000000000  0.0000000000  0.6666666667  0.4898440267  0.0000000038  0.1391141446 -0.0000000000  0.0026950327  0.0000000000  0.0000000115  0.0000000039 -0.0000000000  0.0000000002  0.0000000000  0.5072325401 -0.0000000000  0.0028076407  0.0000000000  0.0000000034  0.0000000000 -0.0000000000  0.1767397042  0.0000000000  0.0000000034
  0.6000000000  0.3333333333  1.0000000000  0.0000000000  0.0000000000  1.0000000000  0.4912284677  0.0000000038  0.1391360228 -0.0000000000 -0.0000000000 -0.0000000000  0.0000000116  0.0000000039 -0.0000000000 -0.0000000000 -0.0000000000  0.5087210501 -0.0000000001 -0.0000000000  0.0000000000  0.0000000034 -0.0000000000 -0.0000000000  0.1764094558 -0.0000000000  0.0000000034
  0.6000000000  0.3333333333  1.0000000000  0.0000000000  0.3333333333  0.0000000000  0.2780350702  0.0837001698  0.1256775619 -0.0032171127  0.0643587582  0.0188633663  0.3735088747  0.0867093699 -0.0213747994  0.0331393338  0.0227311341  0.3054257906 -0.0191614266  0.0634956194  0.0040602741  0.0865567187  0.0014346699  0.0445081619  0.1337313376 -0.0009378268  0.0878244372
  0.6000000000  0.3333333333  1.0000000000  0.0000000000  0.3333333333  0.3333333333  0.4862976946  0.0000000038  0.1394707415  0.0000000000  0.0047803292 -0.0000000000  0.0000000118  0.0000000039  0.0000000000  0.0000000003 -0.0000000000  0.5030831958  0.0000000000  0.0053712376  0.0000000000  0.0000000034 -0.0000000000 -0.0000000000  0.1770742170  0.0000000000  0.0000000034
  0.6000000000  0.3333333333  1.0000000000  0.0000000000  0.3333333333  0.6666666667  0.4905355103  0.0000000039  0.1391872030 -0.0000000000  0.0014496281  0.0000000000  0.0000000117  0.0000000040  0.0000000000  0.0000000001 -0.0000000000  0.5086634354 -0.0000000000  0.0013967516  0.0000000000  0.0000000034  0.0000000000 -0.0000000000  0.1764371540  0.0000000000  0.0000000034
  0.6000000000  0.3333333333  1.0000000000  0.0000000000  0.3333333333  1.0000000000  0.4910959483  0.0000000038  0.1391409894  0.0000000000 -0.0000000000 -0.0000000000  0.0000000116  0.0000000039  0.0000000000 -0.0000000000 -0.0000000000  0.5088403459  0.0000000001 -0.0000000000 -0.0000000000  0.0000000034 -0.0000000000 -0.0000000000  0.1764050529  0.0000000000  0.0000000034
  0.6000000000  0.3333333333  1.0000000000  0.0000000000  0.6666666667  0.0000000000  0.2768153928  0.0838155131  0.1254517117 -0.0031279746  0.0645227572  0.0195885090  0.3740764631  0.0870392377 -0.0219095382  0.0330776707  0.0235400155  0.3042521733 -0.0197038223  0.0636778530  0.0041323720  0.0867586782  0.0015163308  0.0447446105  0.1334789725 -0.0008890033  0.0879557432
  0.6000000000  0.3333333333  1.0000000000  0.0000000000  0.6666666667  0.3333333333  0.4330253823  0.0392776493  0.1370771051  0.0018826535  0.0145676200  0.0035159893  0.1540849430  0.0412702399  0.0028793768  0.0077844666  0.0038730382  0.4591616944  0.0030614458  0.0133934177  0.0021028938  0.0364029432  0.0012537348  0.0139046966  0.1617055366  0.0014415916  0.0380654272
  0.6000000000  0.3333333333  1.0000000000  0.0000000000  0.6666666667  0.6666666667  0.4904231197  0.0000000038  0.1391759687 -0.0000000000  0.0014633340  0.0000000000  0.0000000117  0.0000000040 -0.0000000000  0.0000000001  0.0000000000  0.5087502075  0.0000000000  0.0014563648  0.0000000000  0.0000000034  0.0000000000 -0.0000000000  0.1764445543 -0.0000000000  0.0000000034
  0.6000000000  0.3333333333  1.0000000000  0.0000000000  0.6666666667  1.0000000000  0.4910205373  0.0000000038  0.1391359081 -0.0000000000 -0.0000000000 -0.0000000000  0.0000000116  0.0000000039  0.0000000000 -0.0000000000 -0.0000000000  0.5088656588 -0.0000000001 -0.0000000000 -0.0000000000  0.0000000034 -0.0000000000 -0.0000000000  0.1763982527 -0.0000000000  0.0000000034
  0.6000000000  0.3333333333  1.0000000000  0.0000000000  1.0000000000  0.0000000000  0.2107710586  0.0798344582  0.1151805510 -0.0017592719  0.0867248284  0.0159987488  0.4187867257  0.0822364120 -0.0143922703  0.0435266782  0.0164783524  0.2238828880 -0.0147740444  0.0858734040  0.0035417238  0.0900403625  0.0024742193  0.0574678459  0.1227651721 -0.0006046470  0.0889978000
  0.6000000000  0.3333333333  1.0000000000  0.0000000000  1.0000000000  0.3333333333  0.4231731491  0.0483265773  0.1381316128  0.0012599369  0.0149956344  0.0047168368  0.1874072122  0.0521342055 -0.0018600980  0.0100037935  0.0084255936  0.4543059816 -0.0008825062  0.0156149805  0.0025961831  0.0479627281  0.0013713243  0.0177131828  0.1582055715  0.0012353383  0.0437333353
  0.6000000000  0.3333333333  1.0000000000  0.0000000000  1.0000000000  0.6666666667  0.4398888252  0.0470551977  0.1361637100  0.0011746457  0.0000647569  0.0009995271  0.1910078766  0.0501583058  0.0021706463 -0.0007349390  0.0012007446  0.4865653514  0.0024424099 -0.0017454330  0.0004760471  0.0477509259  0.0005223694 -0.0010695601  0.1593506199  0.0008054188  0.0343837068
  0.6000000000  0.3333333333  1.0000000000  0.0000000000  1.0000000000  1.0000000000  0.4835220292  0.0575851273  0.1349431843  0.0124058484 -0.0000000000 -0.0000000000  0.1735711367  0.0498010076  0.0251940627 -0.0000000000 -0.0000000000  0.4494785397  0.0164959715 -0.0000000000  0.0000000000  0.0420712782 -0.0000000000 -0.0000000000  0.1531757502  0.0093776653  0.0605795089
  0.6000000000  0.3333333333  1.0000000000  0.3333333333  0.0000000000  0.0000000000  0.4734805746  0.0000000038  0.1382684551  0.0000000000  0.0086646543  0.0000000000  0.0000000121  0.0000000039  0.0000000000  0.0000000003 -0.0000000000  0.4962309651 -0.0000000000  0.0078255835 -0.0000000000  0.0000000035  0.0000000000 -0.0000000000  0.1763615403  0.0000000000  0.0000000035
  0.6000000000  0.3333333333  1.0000000000  0.3333333333  0.0000000000  0.3333333333  0.4856855998  0.0000000038  0.1394560847 -0.0000000000  0.0049111089 -0.0000000000  0.0000000118  0.0000000039  0.0000000000  0.0000000003 -0.0000000000  0.5035462513  0.0000000000  0.0053906499 -0.0000000000  0.0000000034 -0.0000000000 -0.0000000000  0.1770621558  0.0000000000  0.0000000034
  0.6000000000  0.3333333333  1.0000000000  0.3333333333  0.0000000000  0.6666666667  0.4894788084  0.0000000038  0.1391512431 -0.0000000000  0.0027384012  0.0000000000  0.0000000115  0.0000000039 -0.0000000000  0.0000000002  0.0000000000  0.5076018598 -0.0000000000  0.0027923300  0.0000000000  0.0000000034  0.0000000000 -0.0000000000  0.1767391544  0.0000000000  0.0000000034
  0.6000000000  0.3333333333  1.0000000000  0.3333333333  0.0000000000  1.0000000000  0.4909568676  0.0000000038  0.1391413905 -0.0000000000 -0.0000530690  0.0000000000  0.0000000116  0.0000000039  0.0000000000 -0.0000000000 -0.0000000000  0.5089538608 -0.0000000000 -0.0000513425  0.0000000000  0.0000000034 -0.0000000000 -0.0000000000  0.1764015521 -0.0000000000  0.0000000034
  0.6000000000  0.3333333333  1.0000000000  0.3333333333  0.3333333333  0.0000000000  0.2883174588  0.0811545111  0.1269679302 -0.0027127450  0.0611042813  0.0123995736  0.3664504979  0.0839286372 -0.0137022786  0.0331692644  0.0141004441  0.3187038826 -0.0124431534  0.0600670169  0.0032483028  0.0831353324  0.0011871957  0.0418171823  0.1366113877 -0.0010421327  0.0847294330
  0.6000000000  0.3333333333  1.0000000000  0.3333333333  0.3333333333  0.3333333333  0.4857036449  0.0000000038  0.1394970289 -0.0000000000  0.0046747031 -0.0000000000  0.0000000118  0.0000000039  0.0000000000  0.0000000003 -0.0000000000  0.5042503629 -0.0000000000  0.0050997524  0.0000000000  0.0000000034  0.0000000000 -0.0000000000  0.1770730299 -0.0000000000  0.0000000034
  0.6000000000  0.3333333333  1.0000000000  0.3333333333  0.3333333333  0.6666666667  0.4895213217  0.0000000038  0.1391556663 -0.0000000000  0.0027071197  0.0000000000  0.0000000115  0.0000000039 -0.0000000000  0.0000000002  0.0000000000  0.5076263544 -0.0000000000  0.0027629596  0.0000000000  0.0000000034  0.0000000000 -0.0000000000  0.1767323452  0.0000000000  0.0000000034
  0.6000000000  0.3333333333  1.0000000000  0.3333333333  0.3333333333  1.0000000000  0.4909570186  0.0000000038  0.1391506873 -0.0000000000  0.0002122379 -0.0000000000  0.0000000116  0.0000000039 -0.0000000000  0.0000000000 -0.0000000000  0.5090364436 -0.0000000001  0.0002385079 -0.0000000000  0.0000000034 -0.0000000000 -0.0000000000  0.1764176465 -0.0000000000  0.0000000034
  0.6000000000  0.3333333333  1.0000000000  0.3333333333  0.6666666667  0.0000000000  0.2790784857  0.0836561471  0.1257756002 -0.0033301350  0.0641801732  0.0184993469  0.3728454302  0.0864579295 -0.0212824035  0.0330595430  0.0223375663  0.3062964778 -0.0189833035  0.0632853612  0.0040363051  0.0864122156  0.0013728634  0.0442726766  0.1338905904 -0.0009930005  0.0877561876
  0.6000000000  0.3333333333  1.0000000000  0.3333333333  0.6666666667  0.3333333333  0.4857033081  0.0000000038  0.1395113433 -0.0000000000  0.0045221986 -0.0000000000  0.0000000118  0.0000000039 -0.0000000000  0.0000000003 -0.0000000000  0.5047960640 -0.0000000000  0.0049028576  0.0000000000  0.0000000034  0.0000000000 -0.0000000000  0.1770895141 -0.0000000000  0.0000000034
  0.6000000000  0.3333333333  1.0000000000  0.3333333333  0.6666666667  0.6666666667  0.4895455572  0.0000000038  0.1391569062 -0.0000000000  0.0026935113  0.0000000000  0.0000000115  0.0000000039 -0.0000000000  0.0000000002  0.0000000000  0.5076363720 -0.0000000000  0.0027495992  0.0000000000  0.0000000034  0.0000000000 -0.0000000000  0.1767304641  0.0000000000  0.0000000034
  0.6000000000  0.3333333333  1.0000000000  0.3333333333  0.6666666667  1.0000000000  0.4908147703  0.0000000038  0.1391409540 -0.0000000000  0.0000339628 -0.0000000000  0.0000000116  0.0000000039  0.0000000000  0.0000000000 -0.0000000000  0.5090682085 -0.0000000000  0.0000509652 -0.0000000000  0.0000000034 -0.0000000000 -0.0000000000  0.1763952154 -0.0000000000  0.0000000034
  0.6000000000  0.3333333333  1.0000000000  0.3333333333  1.0000000000  0.0000000000  0.2332910581  0.0844581822  0.1188366950 -0.0033725595  0.0790831035  0.0178941543  0.4102169292  0.0875862970 -0.0189529535  0.0398162287  0.0190257405  0.2501493738 -0.0198254636  0.0785236471  0.0038027178  0.0902128669  0.0021669674  0.0534148893  0.1251954275 -0.0017569692  0.0903049921
  0.6000000000  0.3333333333  1.0000000000  0.3333333333  1.0000000000  0.3333333333  0.4594811253  0.0645353018  0.1367736094  0.0000458909  0.0025945425 -0.0013271144  0.2268200342  0.0557024387  0.0008546061  0.0021040538 -0.0014468716  0.4506057453  0.0004026802  0.0019647918 -0.0010460389  0.0402549593 -0.0006882075  0.0034281536  0.1543099850  0.0001390260  0.0649934795
  0.6000000000  0.3333333333  1.0000000000  0.3333333333  1.0000000000  0.6666666667  0.4895447161  0.0000000038  0.1391891963 -0.0000000000  0.0018535621 -0.0000000000  0.0000000115  0.0000000039 -0.0000000000  0.0000000001  0.0000000000  0.5090107672  0.0000000000  0.0018923568  0.0000000000  0.0000000034 -0.0000000000 -0.0000000000  0.1765300966  0.0000000000  0.0000000034
  0.6000000000  0.3333333333  1.0000000000  0.3333333333  1.0000000000  1.0000000000  0.4906272378  0.0000000038  0.1391429470  0.0000000000  0.0004713419  0.0000000000  0.0000000115  0.0000000039  0.0000000000  0.0000000000  0.0000000000  0.5093442115  0.0000000000  0.0005291367  0.0000000000  0.0000000034 -0.0000000000 -0.0000000000  0.1764398970  0.0000000000  0.0000000034
  0.6000000000  0.3333333333  1.0000000000  0.6666666667  0.0000000000  0.0000000000  0.2014590284  0.0720904215  0.1130727507 -0.0021903346  0.0853311439  0.0107203404  0.3713280982  0.0773670161 -0.0185445728  0.0376610824  0.0118846391  0.2254270348 -0.0195068493  0.0853372665 -0.0006793450  0.0846153897 -0.0014037158  0.0563902563  0.1207484403 -0.0035164836  0.0847572511
  0.6000000000  0.3333333333  1.0000000000  0.6666666667  0.0000000000  0.3333333333  0.4152474875  0.0356701153  0.1250252573 -0.0067483031  0.0035755696 -0.0242507902  0.1084549092  0.0335973372 -0.0140953112  0.0036459653 -0.0324232836  0.4596041903 -0.0133564532  0.0033718857 -0.0129421303  0.0391886954 -0.0096948623  0.0067227817  0.1535181723 -0.0042818635  0.0388106710
  0.6000000000  0.3333333333  1.0000000000  0.6666666667  0.0000000000  0.6666666667  0.4894554848  0.0000000037  0.1391954838 -0.0000000000  0.0016924229 -0.0000000000  0.0000000115  0.0000000039 -0.0000000000  0.0000000001  0.0000000000  0.5093725325  0.0000000000  0.0017331908  0.0000000000  0.0000000034 -0.0000000000 -0.0000000000  0.1765044231  0.0000000000  0.0000000034
  0.6000000000  0.3333333333  1.0000000000  0.6666666667  0.0000000000  1.0000000000  0.4899336494  0.0000000038  0.1391994885 -0.0000000000 -0.0011237211 -0.0000000000  0.0000000116  0.0000000039 -0.0000000000 -0.0000000001  0.0000000000  0.5093495452 -0.0000000000 -0.0010330822  0.0000000000  0.0000000034 -0.0000000000  0.0000000000  0.1764020581 -0.0000000000  0.0000000034
  0.6000000000  0.3333333333  1.0000000000  0.6666666667  0.3333333333  0.0000000000  0.2085850016  0.0743526818  0.1152072538 -0.0011913826  0.0825411423  0.0071290629  0.3888977752  0.0783256585 -0.0152416783  0.0389022369  0.0090442906  0.2402781550 -0.0158843769  0.0824739422 -0.0009401099  0.0847929044 -0.0015379905  0.0565947253  0.1219137104 -0.0017182782  0.0863268887
  0.6000000000  0.3333333333  1.0000000000  0.6666666667  0.3333333333  0.3333333333  0.4125020012  0.0430121607  0.1247175871 -0.0078762420  0.0051815901 -0.0182377662  0.1791803434  0.0469250236 -0.0141620100  0.0046783226 -0.0205363062  0.4489303610 -0.0152867348  0.0056012650 -0.0090508392  0.0492913781 -0.0065691375  0.0101481550  0.1511324713 -0.0051976738  0.0435308773
  0.6000000000  0.3333333333  1.0000000000  0.6666666667  0.3333333333  0.6666666667  0.4149715635  0.0379007067  0.1260107588 -0.0036472976  0.0017741857 -0.0229097214  0.1277044529  0.0384118842 -0.0059509462  0.0017077584 -0.0315707136  0.4707611490 -0.0062150760  0.0015558709 -0.0126463967  0.0425200535 -0.0092219470  0.0041183674  0.1540354697 -0.0022963983  0.0375817209
  0.6000000000  0.3333333333  1.0000000000  0.6666666667  0.3333333333  1.0000000000  0.4754283279  0.0219271080  0.1359414160 -0.0002689362 -0.0003659651 -0.0049699312  0.0692945381  0.0174272727 -0.0005111801 -0.0001548120 -0.0048882398  0.4839785796 -0.0006485805 -0.0000353110 -0.0024371490  0.0096681634 -0.0009489452 -0.0002530258  0.1661396953 -0.0002677677  0.0222433894
  0.6000000000  0.3333333333  1.0000000000  0.6666666667  0.6666666667  0.0000000000  0.1564014921  0.0546049583  0.1100849862 -0.0016166818  0.0985673906  0.0013100582  0.3258180772  0.0598443850 -0.0046546606  0.0342668076  0.0004462271  0.1781890930 -0.0056604169  0.0974303170  0.0001072904  0.0817345527 -0.0009850188  0.0604162538  0.1121059244 -0.0021266232  0.0776628344
  0.6000000000  0.3333333333  1.0000000000  0.6666666667  0.6666666667  0.3333333333  0.4113003919  0.0448874418  0.1264795640 -0.0067686325  0.0069595005 -0.0130258166  0.1939280430  0.0493805134 -0.0109559659  0.0056270025 -0.0140314762  0.4464668387 -0.0113983791  0.0073485576 -0.0072482405  0.0486816378 -0.0053779761  0.0124882018  0.1515053600 -0.0044799858  0.0449156832
  0.6000000000  0.3333333333  1.0000000000  0.6666666667  0.6666666667  0.6666666667  0.4120434773  0.0405151472  0.1255388394 -0.0029870856  0.0019685113 -0.0183517674  0.1654141899  0.0467604894 -0.0020926984  0.0020967858 -0.0227384343  0.4696111010 -0.0032180535  0.0020510715 -0.0097788635  0.0493033307 -0.0071884667  0.0056035710  0.1525004911 -0.0021084608  0.0392544785
  0.6000000000  0.3333333333  1.0000000000  0.6666666667  0.6666666667  1.0000000000  0.4806064936  0.0373193439  0.1351433872 -0.0010111917 -0.0001720187 -0.0028604996  0.1178370220  0.0296915615 -0.0020866851 -0.0001267263 -0.0021240503  0.4682887815 -0.0020644167  0.0000504386 -0.0018154819  0.0165596916 -0.0007415957 -0.0002344088  0.1601720074 -0.0010949901  0.0397891933
  0.6000000000  0.3333333333  1.0000000000  0.6666666667  1.0000000000  0.0000000000  0.1603181262  0.0572558496  0.1092878528 -0.0010318529  0.0970449704  0.0044325483  0.3284058623  0.0616326904 -0.0056888044  0.0335543230  0.0038575613  0.1841450759 -0.0065148353  0.0957050561  0.0005744131  0.0828510665 -0.0001731109  0.0586764499  0.1107566532 -0.0013414270  0.0787481299
  0.6000000000  0.3333333333  1.0000000000  0.6666666667  1.0000000000  0.3333333333  0.3514798868  0.0776960724  0.1318881832 -0.0015058708  0.0375108577  0.0041308892  0.3206882672  0.0793476625 -0.0051235099  0.0231036086  0.0051135774  0.3816701420 -0.0045334648  0.0361471033  0.0013600597  0.0732049200  0.0000390810  0.0336199196  0.1445751595 -0.0003941415  0.0748055930
  0.6000000000  0.3333333333  1.0000000000  0.6666666667  1.0000000000  0.6666666667  0.4194462519  0.0529697355  0.1316435896 -0.0010799165  0.0045072663 -0.0020066959  0.2175777129  0.0614788065  0.0000529099  0.0047703015 -0.0041692717  0.4650488113 -0.0018300087  0.0078026092 -0.0016281967  0.0556801942 -0.0021342694  0.0111980828  0.1482475043 -0.0008915098  0.0457633130
  0.6000000000  0.3333333333  1.0000000000  0.6666666667  1.0000000000  1.0000000000  0.4077072337  0.0397025819  0.1253195359 -0.0006303454  0.0002854735 -0.0212676819  0.1447778571  0.0459331221 -0.0003983521  0.0003627879 -0.0334960190  0.4817625705 -0.0005618729  0.0002979427 -0.0127581628  0.0534707481 -0.0095075523  0.0005374269  0.1511704167 -0.0004845435  0.0370122482
  0.6000000000  0.3333333333  1.0000000000  1.0000000000  0.0000000000  0.0000000000  0.2271745670  0.0745057565  0.0582355843 -0.0257463482  0.0090889184 -0.0472261032  0.1411611343  0.0664575806 -0.0481147043  0.0134892334 -0.0455946443  0.2368872743 -0.0473274299  0.0085478437 -0.0204844645  0.0734328823 -0.0260104481  0.0132845756  0.0748361091 -0.0321081267  0.0852335291
  0.6000000000  0.3333333333  1.0000000000  1.0000000000  0.0000000000  0.3333333333  0.2496920114  0.0920729645  0.0769864103 -0.0082905641 -0.0029635659 -0.0697967975  0.1730765480  0.0731607968 -0.0243833119  0.0033454479 -0.0720727880  0.3358829890 -0.0263304940 -0.0028353359 -0.0269040835  0.0852129968 -0.0406104279  0.0044378954  0.0942184776 -0.0088351125  0.0905277275
  0.6000000000  0.3333333333  1.0000000000  1.0000000000  0.0000000000  0.6666666667  0.3431796891  0.0608176208  0.1084505368 -0.0057127498 -0.0006983075 -0.0431999706  0.1539949605  0.0561896128 -0.0191145402  0.0032516437 -0.0516019701  0.4210642209 -0.0189037445 -0.0007285978 -0.0196717771  0.0666108240 -0.0200825206  0.0034055939  0.1305431307 -0.0033992161  0.0581948128
  0.6000000000  0.3333333333  1.0000000000  1.0000000000  0.0000000000  1.0000000000  0.2395948912  0.1051265440  0.0843742234 -0.0042539019 -0.0156605355 -0.0782597532  0.1887725461  0.0747928946 -0.0134385703 -0.0018803999 -0.0802963285  0.3983103672 -0.0180313335 -0.0147816018 -0.0365387548  0.0881236091 -0.0495714456 -0.0004532528  0.0970728427 -0.0024361394  0.1058986153
  0.6000000000  0.3333333333  1.0000000000  1.0000000000  0.3333333333  0.0000000000  0.1689779701  0.0582241301  0.1059707841 -0.0033991610  0.0896072598 -0.0014684287  0.3279814190  0.0668187620 -0.0099185539  0.0318139230 -0.0023356612  0.1996942700 -0.0108458952  0.0886988287 -0.0006848156  0.0870020621 -0.0027434849  0.0540278408  0.1054843526 -0.0039238020  0.0802895792
  0.6000000000  0.3333333333  1.0000000000  1.0000000000  0.3333333333  0.3333333333  0.2866390388  0.0767901661  0.1173582192  0.0002295494  0.0402398528  0.0016672056  0.3387091866  0.0811616449 -0.0082707668  0.0244489666  0.0036447719  0.3326810538 -0.0096079268  0.0394953108 -0.0000423568  0.0800248660 -0.0011299601  0.0363054010  0.1297545816 -0.0001761187  0.0817956432
  0.6000000000  0.3333333333  1.0000000000  1.0000000000  0.3333333333  0.6666666667  0.3963767470  0.0453277890  0.1224967517 -0.0049480439  0.0021187746 -0.0177959060  0.1867078865  0.0540285498 -0.0102571006  0.0026377176 -0.0290116947  0.4591111153 -0.0098179608  0.0033092564 -0.0110198258  0.0618231449 -0.0084740651  0.0064370906  0.1461079333 -0.0029718302  0.0425960202
  0.6000000000  0.3333333333  1.0000000000  1.0000000000  0.3333333333  1.0000000000  0.2759344647  0.1173514201  0.0926608857 -0.0022573369 -0.0194623532 -0.0685736478  0.2408153272  0.0863029861 -0.0118169414 -0.0021432824 -0.0690436202  0.4062353115 -0.0168804869 -0.0183204122 -0.0360346459  0.0900838508 -0.0489809120 -0.0017838458  0.0934719806 -0.0006985600  0.1247137361
  0.6000000000  0.3333333333  1.0000000000  1.0000000000  0.6666666667  0.0000000000  0.1353513089  0.0459950378  0.1019213691 -0.0014179049  0.0968476520  0.0031183605  0.3011304103  0.0574214566 -0.0098308203  0.0325117007  0.0053517387  0.1946520384 -0.0111761306  0.0935067330 -0.0001917278  0.0809700187 -0.0004091833  0.0558623152  0.1079622247 -0.0017693057  0.0710560181
  0.6000000000  0.3333333333  1.0000000000  1.0000000000  0.6666666667  0.3333333333  0.2555435019  0.0793089074  0.1178762004  0.0001252693  0.0580255829  0.0055175752  0.3709514251  0.0852426729 -0.0121403527  0.0312919682  0.0095371864  0.3064704576 -0.0134397826  0.0568425041  0.0003736267  0.0850648819 -0.0019589970  0.0434851086  0.1288002484 -0.0004576556  0.0854297199
  0.6000000000  0.3333333333  1.0000000000  1.0000000000  0.6666666667  0.6666666667  0.2849278528  0.0676904831  0.1056820635 -0.0016626069  0.0157562408 -0.0160133650  0.2583156919  0.0719021617 -0.0118551863  0.0131973194 -0.0148867450  0.3464754536 -0.0125770574  0.0149476164 -0.0056181747  0.0767828692 -0.0065218662  0.0213210748  0.1223637384 -0.0014715651  0.0732449151
  0.6000000000  0.3333333333  1.0000000000  1.0000000000  0.6666666667  1.0000000000  0.4102864947  0.0495256248  0.1270938828 -0.0056174537  0.0066452676 -0.0083876697  0.2068298624  0.0524795710 -0.0112062633  0.0065606032 -0.0111439293  0.4402587751 -0.0083165803  0.0063288127 -0.0053960446  0.0506226613 -0.0040439023  0.0147062776  0.1497915505 -0.0032978011  0.0501687321
  0.6000000000  0.3333333333  1.0000000000  1.0000000000  1.0000000000  0.0000000000  0.1683386317  0.0612346969  0.1075545229 -0.0013103041  0.0913919572  0.0053253318  0.3348096479  0.0660688448 -0.0086118650  0.0323332622  0.0050624697  0.1986182711 -0.0078847104  0.0899508013  0.0004212607  0.0857330008 -0.0006041219  0.0561548003  0.1069359751 -0.0015947566  0.0811599646
  0.6000000000  0.3333333333  1.0000000000  1.0000000000  1.0000000000  0.3333333333  0.2485937781  0.0794153518  0.1168748853 -0.0002402224  0.0617808143  0.0053287642  0.3755978739  0.0849450386 -0.0143922999  0.0318983662  0.0099000784  0.2992415049 -0.0154491374  0.0604341137 -0.0001996120  0.0863280752 -0.0027113996  0.0450783212  0.1277343449 -0.0010247225  0.0860961149
  0.6000000000  0.3333333333  1.0000000000  1.0000000000  1.0000000000  0.6666666667  0.2586234889  0.0708905971  0.1069294229  0.0002695625  0.0223602489 -0.0012119784  0.2747146945  0.0834986405 -0.0025523722  0.0143027952 -0.0000733478  0.2782513486 -0.0041127576  0.0222672114 -0.0023739394  0.0824611174 -0.0020195750  0.0272909425  0.1124086257 -0.0006786263  0.0779074845
  0.6000000000  0.3333333333  1.0000000000  1.0000000000  1.0000000000  1.0000000000  0.4140073431  0.0542353729  0.1273933753 -0.0006852850 -0.0059393249 -0.0034219393  0.2425301837  0.0546040615 -0.0066426539 -0.0029206946 -0.0072453833  0.4376338560 -0.0031725923 -0.0077639790 -0.0006948882  0.0553070778 -0.0005629869 -0.0117894458  0.1481635324 -0.0004040386  0.0462980033
