  0.4000000000  0.0000000000  0.0000000000  0.0000000000  0.0000000000  0.0000000000  0.3069045011  0.0753201637  0.0000000011 -0.0000000000 -0.0000000000 -0.0000000000  0.2613393716  0.0000000010 -0.0000000000  0.0000000000 -0.0000000000  0.0000000037 -0.0000000000 -0.0000000000  0.0000000000  0.0000000011 -0.0000000000 -0.0000000000  0.0000000011 -0.0000000000  0.0958869550
  0.4000000000  0.0000000000  0.0000000000  0.0000000000  0.0000000000  0.3333333333  0.2853894663  0.0000000011  0.0762605420  0.0000000000 -0.0000000000 -0.0000000000  0.0000000036  0.0000000010 -0.0000000000  0.0000000000 -0.0000000000  0.2864935562 -0.0000000000 -0.0000000000 -0.0000000000  0.0000000011 -0.0000000000 -0.0000000000  0.0980024775 -0.0000000000  0.0000000011
  0.4000000000  0.0000000000  0.0000000000  0.0000000000  0.0000000000  0.6666666667  0.2795672620  0.0000000011  0.0780321687  0.0000000000 -0.0000000000 -0.0000000000  0.0000000036  0.0000000011 -0.0000000000  0.0000000000 -0.0000000000  0.2946649024 -0.0000000000 -0.0000000000 -0.0000000000  0.0000000011 -0.0000000000 -0.0000000000  0.0992564408 -0.0000000000  0.0000000011
  0.4000000000  0.0000000000  0.0000000000  0.0000000000  0.0000000000  1.0000000000  0.2764221506  0.0000000011  0.0780910455  0.0000000000 -0.0000000000 -0.0000000000  0.0000000036  0.0000000011 -0.0000000000  0.0000000000 -0.0000000000  0.2989665064 -0.0000000000 -0.0000000000  0.0000000000  0.0000000011 -0.0000000000 -0.0000000000  0.0991379488 -0.0000000000  0.0000000011
  0.4000000000  0.0000000000  0.0000000000  0.0000000000  0.3333333333  0.0000000000  0.3051742034  0.0766995151  0.0000000011 -0.0000000000 -0.0000000000 -0.0000000000  0.2662518512  0.0000000011 -0.0000000000 -0.0000000000 -0.0000000000  0.0000000036 -0.0000000000 -0.0000000000  0.0000000000  0.0000000011 -0.0000000000 -0.0000000000  0.0000000011 -0.0000000000  0.0973603524
  0.4000000000  0.0000000000  0.0000000000  0.0000000000  0.3333333333  0.3333333333  0.3043702575  0.0773447298  0.0000000011  0.0000000000 -0.0000000000 -0.0000000000  0.2704760232  0.0000000010 -0.0000000000  0.0000000000 -0.0000000000  0.0000000037 -0.0000000000 -0.0000000000  0.0000000000  0.0000000011 -0.0000000000 -0.0000000000  0.0000000011 -0.0000000000  0.0980435263
  0.4000000000  0.0000000000  0.0000000000  0.0000000000  0.3333333333  0.6666666667  0.2795897787  0.0000000011  0.0780336115 -0.0000000000 -0.0000000000 -0.0000000000  0.0000000036  0.0000000011 -0.0000000000 -0.0000000000 -0.0000000000  0.2946891554 -0.0000000000 -0.0000000000 -0.0000000000  0.0000000011 -0.0000000000 -0.0000000000  0.0992621250 -0.0000000000  0.0000000011
  0.4000000000  0.0000000000  0.0000000000  0.0000000000  0.3333333333  1.0000000000  0.2765342870  0.0000000011  0.0780978925  0.0000000000 -0.0000000000 -0.0000000000  0.0000000036  0.0000000011 -0.0000000000  0.0000000000 -0.0000000000  0.2988315253 -0.0000000000 -0.0000000000 -0.0000000000  0.0000000011 -0.0000000000 -0.0000000000  0.0991530036 -0.0000000000  0.0000000011
  0.4000000000  0.0000000000  0.0000000000  0.0000000000  0.6666666667  0.0000000000  0.3040356618  0.0773839917  0.0000000011 -0.0000000000 -0.0000000000 -0.0000000000  0.2700385796  0.0000000011 -0.0000000000  0.0000000000 -0.0000000000  0.0000000036 -0.0000000000 -0.0000000000 -0.0000000000  0.0000000011 -0.0000000000 -0.0000000000  0.0000000011 -0.0000000000  0.0981004721
  0.4000000000  0.0000000000  0.0000000000  0.0000000000  0.6666666667  0.3333333333  0.3039159671  0.0774276782  0.0000000011 -0.0000000000 -0.0000000000 -0.0000000000  0.2704182916  0.0000000011 -0.0000000000 -0.0000000000 -0.0000000000  0.0000000036 -0.0000000000 -0.0000000000  0.0000000000  0.0000000011 -0.0000000000 -0.0000000000  0.0000000011 -0.0000000000  0.0981722401
  0.4000000000  0.0000000000  0.0000000000  0.0000000000  0.6666666667  0.6666666667  0.2576366007  0.0482986372  0.0458171015  0.0000000000 -0.0000000000 -0.0000000000  0.1535753277  0.0164961856 -0.0000000000  0.0000000000 -0.0000000000  0.1628174683 -0.0000000000 -0.0000000000 -0.0000000000  0.0084926082 -0.0000000000 -0.0000000000  0.0538963273 -0.0000000000  0.0569520479
  0.4000000000  0.0000000000  0.0000000000  0.0000000000  0.6666666667  1.0000000000  0.2764904351  0.0000000011  0.0780944059 -0.0000000000 -0.0000000000 -0.0000000000  0.0000000036  0.0000000011 -0.0000000000  0.0000000000 -0.0000000000  0.2988661204 -0.0000000000 -0.0000000000 -0.0000000000  0.0000000011 -0.0000000000 -0.0000000000  0.0991447095 -0.0000000000  0.0000000011
  0.4000000000  0.0000000000  0.0000000000  0.0000000000  1.0000000000  0.0000000000  0.2989665065  0.0780910455  0.0000000011 -0.0000000000 -0.0000000000 -0.0000000000  0.2764221506  0.0000000011 -0.0000000000 -0.0000000000 -0.0000000000  0.0000000036 -0.0000000000 -0.0000000000  0.0000000000  0.0000000011 -0.0000000000 -0.0000000000  0.0000000011 -0.0000000000  0.0991379488
  0.4000000000  0.0000000000  0.0000000000  0.0000000000  1.0000000000  0.3333333333  0.2988315253  0.0780978925  0.0000000011 -0.0000000000 -0.0000000000 -0.0000000000  0.2765342870  0.0000000011 -0.0000000000 -0.0000000000 -0.0000000000  0.0000000036 -0.0000000000 -0.0000000000 -0.0000000000  0.0000000011 -0.0000000000 -0.0000000000  0.0000000011 -0.0000000000  0.0991530036
  0.4000000000  0.0000000000  0.0000000000  0.0000000000  1.0000000000  0.6666666667  0.2988661203  0.0780944058  0.0000000011 -0.0000000000 -0.0000000000 -0.0000000000  0.2764904350  0.0000000011 -0.0000000000 -0.0000000000 -0.0000000000  0.0000000036 -0.0000000000 -0.0000000000  0.0000000000  0.0000000011 -0.0000000000 -0.0000000000  0.0000000011 -0.0000000000  0.0991447094
  0.4000000000  0.0000000000  0.0000000000  0.0000000000  1.0000000000  1.0000000000  0.1396637181  0.0278887914  0.0278887914 -0.0000000000 -0.0000000000  0.0000000000  0.1396637181  0.0278887914 -0.0000000000  0.0000000000 -0.0000000000  0.1396637181 -0.0000000000  0.0000000000  0.0000000000  0.0288632998  0.0000000000  0.0000000000  0.0288632998 -0.0000000000  0.0288632998
  0.4000000000  0.0000000000  0.0000000000  0.3333333333  0.0000000000  0.0000000000  0.3050753461  0.0758593734  0.0000000010 -0.0000000000 -0.0000000000 -0.0024609870  0.2621998375  0.0000000010 -0.0000000000  0.0000000000 -0.0020258606  0.0000000036 -0.0000000000 -0.0000000000 -0.0000000000  0.0000000011 -0.0000000000 -0.0000000000  0.0000000011 -0.0000000000  0.0976938142
  0.4000000000  0.0000000000  0.0000000000  0.3333333333  0.0000000000  0.3333333333  0.2842044366  0.0000000011  0.0768102841  0.0000000000 -0.0000000000 -0.0000000000  0.0000000036  0.0000000011 -0.0000000000  0.0000000000 -0.0000000000  0.2885751987 -0.0000000000 -0.0000000000 -0.0000000000  0.0000000011  0.0000000000 -0.0000000000  0.0984885861 -0.0000000000  0.0000000011
  0.4000000000  0.0000000000  0.0000000000  0.3333333333  0.0000000000  0.6666666667  0.2791082321  0.0000000011  0.0780855850  0.0000000000 -0.0000000000  0.0000000000  0.0000000036  0.0000000011 -0.0000000000 -0.0000000000 -0.0000000000  0.2952906923 -0.0000000000 -0.0000000000  0.0000000000  0.0000000011 -0.0000000000 -0.0000000000  0.0992686950 -0.0000000000  0.0000000011
  0.4000000000  0.0000000000  0.0000000000  0.3333333333  0.0000000000  1.0000000000  0.2734968138  0.0000000011  0.0778807380  0.0000000000 -0.0000000000  0.0000000000  0.0000000036  0.0000000011 -0.0000000000 -0.0000000000 -0.0000000000  0.3011369476 -0.0000000000 -0.0000000000  0.0000000000  0.0000000011  0.0000000000 -0.0000000000  0.0987958389 -0.0000000000  0.0000000011
  0.4000000000  0.0000000000  0.0000000000  0.3333333333  0.3333333333  0.0000000000  0.3044212914  0.0773122389  0.0000000011  0.0000000000 -0.0000000000 -0.0015080434  0.2688575568  0.0000000011 -0.0000000000 -0.0000000000 -0.0013638924  0.0000000036 -0.0000000000 -0.0000000000 -0.0000000000  0.0000000011 -0.0000000000 -0.0000000000  0.0000000011 -0.0000000000  0.0981807997
  0.4000000000  0.0000000000  0.0000000000  0.3333333333  0.3333333333  0.3333333333  0.3043221524  0.0774354579  0.0000000011  0.0000000000 -0.0000000000 -0.0012005307  0.2701397769  0.0000000010 -0.0000000000  0.0000000000 -0.0010947478  0.0000000036 -0.0000000000 -0.0000000000 -0.0000000000  0.0000000011 -0.0000000000 -0.0000000000  0.0000000011 -0.0000000000  0.0982704724
  0.4000000000  0.0000000000  0.0000000000  0.3333333333  0.3333333333  0.6666666667  0.2781123894  0.0000000011  0.0781100130 -0.0000000000 -0.0000000000  0.0000000000  0.0000000037  0.0000000011 -0.0000000000 -0.0000000000  0.0000000000  0.2974675490 -0.0000000000 -0.0000000000  0.0000000000  0.0000000011  0.0000000000 -0.0000000000  0.0993619788 -0.0000000000  0.0000000011
  0.4000000000  0.0000000000  0.0000000000  0.3333333333  0.3333333333  1.0000000000  0.2748198970  0.0000000011  0.0779022138  0.0000000000 -0.0000000000 -0.0000000000  0.0000000036  0.0000000011 -0.0000000000  0.0000000000 -0.0000000000  0.3008852365 -0.0000000000 -0.0000000000 -0.0000000000  0.0000000011 -0.0000000000 -0.0000000000  0.0988852949 -0.0000000000  0.0000000011
  0.4000000000  0.0000000000  0.0000000000  0.3333333333  0.6666666667  0.0000000000  0.3001482760  0.0780013620  0.0000000012 -0.0000000000 -0.0000000000 -0.0003310269  0.2718755351  0.0000000012 -0.0000000000  0.0000000000 -0.0002505168  0.0000000036 -0.0000000000 -0.0000000000 -0.0000000000  0.0000000011 -0.0000000000 -0.0000000000  0.0000000011 -0.0000000000  0.0990677924
  0.4000000000  0.0000000000  0.0000000000  0.3333333333  0.6666666667  0.3333333333  0.3008667890  0.0778701978  0.0000000012 -0.0000000000 -0.0000000000 -0.0006286828  0.2727268533  0.0000000011 -0.0000000000 -0.0000000000 -0.0004865236  0.0000000036 -0.0000000000 -0.0000000000 -0.0000000000  0.0000000011 -0.0000000000 -0.0000000000  0.0000000011 -0.0000000000  0.0987938763
  0.4000000000  0.0000000000  0.0000000000  0.3333333333  0.6666666667  0.6666666667  0.3017116724  0.0777066449  0.0000000012 -0.0000000000 -0.0000000000 -0.0002779857  0.2707960783  0.0000000012 -0.0000000000  0.0000000000 -0.0001957055  0.0000000036 -0.0000000000 -0.0000000000 -0.0000000000  0.0000000011 -0.0000000000 -0.0000000000  0.0000000011 -0.0000000000  0.0985714721
  0.4000000000  0.0000000000  0.0000000000  0.3333333333  0.6666666667  1.0000000000  0.2754002259  0.0000000011  0.0779491395  0.0000000000 -0.0000000000  0.0000000000  0.0000000036  0.0000000011 -0.0000000000 -0.0000000000  0.0000000000  0.3007868471 -0.0000000000 -0.0000000000 -0.0000000000  0.0000000011  0.0000000000 -0.0000000000  0.0989238231 -0.0000000000  0.0000000011
  0.4000000000  0.0000000000  0.0000000000  0.3333333333  1.0000000000  0.0000000000  0.2973242884  0.0782111889  0.0000000012 -0.0000000000 -0.0000000000 -0.0001897675  0.2754343466  0.0000000012 -0.0000000000 -0.0000000000 -0.0001005600  0.0000000036 -0.0000000000 -0.0000000000 -0.0000000000  0.0000000011 -0.0000000000 -0.0000000000  0.0000000011 -0.0000000000  0.0992764412
  0.4000000000  0.0000000000  0.0000000000  0.3333333333  1.0000000000  0.3333333333  0.2972751725  0.0781339538  0.0000000012 -0.0000000000 -0.0000000000 -0.0002894278  0.2763179627  0.0000000012 -0.0000000000 -0.0000000000 -0.0001755141  0.0000000036 -0.0000000000 -0.0000000000 -0.0000000000  0.0000000011 -0.0000000000 -0.0000000000  0.0000000011 -0.0000000000  0.0992181593
  0.4000000000  0.0000000000  0.0000000000  0.3333333333  1.0000000000  0.6666666667  0.2976379170  0.0781491877  0.0000000011  0.0000000000 -0.0000000000 -0.0003888439  0.2777248937  0.0000000011 -0.0000000000 -0.0000000000 -0.0002512374  0.0000000036 -0.0000000000 -0.0000000000 -0.0000000000  0.0000000011 -0.0000000000 -0.0000000000  0.0000000011 -0.0000000000  0.0992579561
  0.4000000000  0.0000000000  0.0000000000  0.3333333333  1.0000000000  1.0000000000  0.2577050903  0.0483059865  0.0458333106 -0.0000000000 -0.0000000000 -0.0001000075  0.1535968431  0.0165068181 -0.0000000000 -0.0000000000  0.0000427547  0.1628348055 -0.0000000000 -0.0000000000 -0.0000266433  0.0085059543 -0.0000288470 -0.0000000000  0.0539115435 -0.0000000000  0.0569603679
  0.4000000000  0.0000000000  0.0000000000  0.6666666667  0.0000000000  0.0000000000  0.2957071428  0.0781295235  0.0000000010 -0.0000000000 -0.0000000000 -0.0056881137  0.2647705208  0.0000000010 -0.0000000000 -0.0000000000 -0.0046673597  0.0000000036 -0.0000000000 -0.0000000000 -0.0000000001  0.0000000011 -0.0000000000 -0.0000000000  0.0000000011 -0.0000000000  0.1009637017
  0.4000000000  0.0000000000  0.0000000000  0.6666666667  0.0000000000  0.3333333333  0.2574766444  0.0482917863  0.0457768499  0.0000000000 -0.0000000000 -0.0000510215  0.1535574987  0.0164884795 -0.0000000000  0.0000000000  0.0000148790  0.1627728460 -0.0000000000 -0.0000000000 -0.0000151458  0.0084832070 -0.0000131860 -0.0000000000  0.0538676432 -0.0000000000  0.0569461146
  0.4000000000  0.0000000000  0.0000000000  0.6666666667  0.0000000000  0.6666666667  0.2715928660  0.0000000011  0.0775888730  0.0000000000 -0.0000000000  0.0000000000  0.0000000036  0.0000000011 -0.0000000000 -0.0000000000 -0.0000000000  0.3036336817 -0.0000000000 -0.0000000000  0.0000000000  0.0000000011 -0.0000000000 -0.0000000000  0.0983671862 -0.0000000000  0.0000000011
  0.4000000000  0.0000000000  0.0000000000  0.6666666667  0.0000000000  1.0000000000  0.2704607737  0.0000000010  0.0773437905  0.0000000000 -0.0000000000  0.0000000000  0.0000000036  0.0000000011 -0.0000000000 -0.0000000000  0.0000000000  0.3045246780 -0.0000000000 -0.0000000000  0.0000000000  0.0000000011  0.0000000000 -0.0000000000  0.0981433000 -0.0000000000  0.0000000011
  0.4000000000  0.0000000000  0.0000000000  0.6666666667  0.3333333333  0.0000000000  0.2979702300  0.0781465345  0.0000000011 -0.0000000000 -0.0000000000 -0.0036467143  0.2664472744  0.0000000011 -0.0000000000  0.0000000000 -0.0023179022  0.0000000036 -0.0000000000 -0.0000000000 -0.0000000000  0.0000000011 -0.0000000000 -0.0000000000  0.0000000011 -0.0000000000  0.1004077646
  0.4000000000  0.0000000000  0.0000000000  0.6666666667  0.3333333333  0.3333333333  0.2971876782  0.0780226807  0.0000000011 -0.0000000000 -0.0000000000 -0.0040130455  0.2667944882  0.0000000011 -0.0000000000 -0.0000000000 -0.0031405693  0.0000000036 -0.0000000000 -0.0000000000 -0.0000000000  0.0000000011 -0.0000000000 -0.0000000000  0.0000000011 -0.0000000000  0.1005038164
  0.4000000000  0.0000000000  0.0000000000  0.6666666667  0.3333333333  0.6666666667  0.2575418514  0.0483045375  0.0457823712 -0.0000000000 -0.0000000000 -0.0001020548  0.1535785744  0.0164959879 -0.0000000000  0.0000000000  0.0000380014  0.1628179314 -0.0000000000 -0.0000000000 -0.0000307537  0.0084919469 -0.0000269376 -0.0000000000  0.0538831993 -0.0000000000  0.0569594569
  0.4000000000  0.0000000000  0.0000000000  0.6666666667  0.3333333333  1.0000000000  0.2576096865  0.0482385719  0.0458895445 -0.0000000000 -0.0000000000 -0.0000574841  0.1533727558  0.0164971379 -0.0000000000  0.0000000000  0.0000262435  0.1629525684 -0.0000000000 -0.0000000000 -0.0000145918  0.0084965461 -0.0000178990 -0.0000000000  0.0539535386 -0.0000000000  0.0568775559
  0.4000000000  0.0000000000  0.0000000000  0.6666666667  0.6666666667  0.0000000000  0.2969615105  0.0785662502  0.0000000012 -0.0000000000 -0.0000000000 -0.0003430104  0.2726817056  0.0000000012 -0.0000000000  0.0000000000 -0.0001557730  0.0000000036 -0.0000000000 -0.0000000000 -0.0000000000  0.0000000011 -0.0000000000 -0.0000000000  0.0000000011 -0.0000000000  0.1003051706
  0.4000000000  0.0000000000  0.0000000000  0.6666666667  0.6666666667  0.3333333333  0.2969596137  0.0785750883  0.0000000012 -0.0000000000 -0.0000000000 -0.0003482436  0.2727226053  0.0000000012 -0.0000000000  0.0000000000 -0.0001675003  0.0000000036 -0.0000000000 -0.0000000000 -0.0000000000  0.0000000011 -0.0000000000 -0.0000000000  0.0000000011 -0.0000000000  0.1002986720
  0.4000000000  0.0000000000  0.0000000000  0.6666666667  0.6666666667  0.6666666667  0.2976310084  0.0785149776  0.0000000012  0.0000000000 -0.0000000000 -0.0001838000  0.2725741945  0.0000000012 -0.0000000000  0.0000000000 -0.0000860397  0.0000000036 -0.0000000000 -0.0000000000 -0.0000000000  0.0000000011 -0.0000000000 -0.0000000000  0.0000000011 -0.0000000000  0.1001415560
  0.4000000000  0.0000000000  0.0000000000  0.6666666667  0.6666666667  1.0000000000  0.2576875089  0.0482910463  0.0458434231 -0.0000000000 -0.0000000000 -0.0000342205  0.1535487757  0.0165002407 -0.0000000000  0.0000000000  0.0000157937  0.1628496365 -0.0000000000 -0.0000000000 -0.0000084309  0.0084980557 -0.0000091545 -0.0000000000  0.0539151840 -0.0000000000  0.0569420333
  0.4000000000  0.0000000000  0.0000000000  0.6666666667  1.0000000000  0.0000000000  0.2966518985  0.0785950452  0.0000000012  0.0000000000 -0.0000000000 -0.0002411844  0.2728451288  0.0000000012 -0.0000000000  0.0000000000 -0.0001016721  0.0000000036 -0.0000000000 -0.0000000000 -0.0000000000  0.0000000011 -0.0000000000 -0.0000000000  0.0000000011 -0.0000000000  0.1003790802
  0.4000000000  0.0000000000  0.0000000000  0.6666666667  1.0000000000  0.3333333333  0.2966300666  0.0786009667  0.0000000012 -0.0000000000 -0.0000000000 -0.0002495659  0.2728668216  0.0000000012 -0.0000000000  0.0000000000 -0.0001062349  0.0000000036 -0.0000000000 -0.0000000000  0.0000000000  0.0000000011 -0.0000000000 -0.0000000000  0.0000000011 -0.0000000000  0.1003776878
  0.4000000000  0.0000000000  0.0000000000  0.6666666667  1.0000000000  0.6666666667  0.2968750256  0.0785462034  0.0000000012  0.0000000000 -0.0000000000 -0.0002333306  0.2736632113  0.0000000012 -0.0000000000  0.0000000000 -0.0001470397  0.0000000036 -0.0000000000 -0.0000000000 -0.0000000000  0.0000000011 -0.0000000000 -0.0000000000  0.0000000011 -0.0000000000  0.0999836356
  0.4000000000  0.0000000000  0.0000000000  0.6666666667  1.0000000000  1.0000000000  0.2960331451  0.0782770182  0.0000000012 -0.0000000000 -0.0000000000 -0.0005192178  0.2764658603  0.0000000012 -0.0000000000  0.0000000000 -0.0004335934  0.0000000037 -0.0000000000 -0.0000000000 -0.0000000000  0.0000000011  0.0000000000 -0.0000000000  0.0000000011 -0.0000000000  0.0994532685
  0.4000000000  0.0000000000  0.0000000000  1.0000000000  0.0000000000  0.0000000000  0.2875137587  0.0790054396  0.0000000011  0.0000000000 -0.0000000000 -0.0072564450  0.2672408739  0.0000000011 -0.0000000000  0.0000000000 -0.0067009128  0.0000000036 -0.0000000000 -0.0000000000 -0.0000000000  0.0000000011 -0.0000000000 -0.0000000000  0.0000000011 -0.0000000000  0.1013171235
  0.4000000000  0.0000000000  0.0000000000  1.0000000000  0.0000000000  0.3333333333  0.0585388205  0.0585362132  0.0192662817 -0.0000000000 -0.0000000000 -0.0585356716  0.0585386661  0.0192662657 -0.0000000000  0.0000000000 -0.0585355945  0.1640041216 -0.0000000000 -0.0000000000 -0.0192657965  0.0341759049 -0.0341749819 -0.0000000000  0.0341759016 -0.0000000000  0.0585367251
  0.4000000000  0.0000000000  0.0000000000  1.0000000000  0.0000000000  0.6666666667  0.0582217397  0.0582194391  0.0190536403 -0.0000000000 -0.0000000000 -0.0582189566  0.0582216224  0.0190536210 -0.0000000000  0.0000000000 -0.0582188980  0.1668220154 -0.0000000000 -0.0000000000 -0.0190532007  0.0338653882 -0.0338645781 -0.0000000000  0.0338654046 -0.0000000000  0.0582198876
  0.4000000000  0.0000000000  0.0000000000  1.0000000000  0.0000000000  1.0000000000  0.0573710345  0.0573688146  0.0187448512 -0.0000000000 -0.0000000000 -0.0573682970  0.0573710322  0.0187448405 -0.0000000000  0.0000000000 -0.0573682959  0.1716959419 -0.0000000000 -0.0000000000 -0.0187444078  0.0334781356 -0.0334773334 -0.0000000000  0.0334781510 -0.0000000000  0.0573692324
  0.4000000000  0.0000000000  0.0000000000  1.0000000000  0.3333333333  0.0000000000  0.2923141190  0.0785972346  0.0000000010  0.0000000000 -0.0000000000 -0.0051507884  0.2665697184  0.0000000011 -0.0000000000 -0.0000000000 -0.0049017393  0.0000000036 -0.0000000000 -0.0000000000 -0.0000000001  0.0000000011 -0.0000000000 -0.0000000000  0.0000000011 -0.0000000000  0.1013995230
  0.4000000000  0.0000000000  0.0000000000  1.0000000000  0.3333333333  0.3333333333  0.2923374658  0.0784825035  0.0000000010 -0.0000000000 -0.0000000000 -0.0053250725  0.2666824255  0.0000000011 -0.0000000000 -0.0000000000 -0.0050516181  0.0000000036 -0.0000000000 -0.0000000000 -0.0000000001  0.0000000011 -0.0000000000 -0.0000000000  0.0000000011 -0.0000000000  0.1013337311
  0.4000000000  0.0000000000  0.0000000000  1.0000000000  0.3333333333  0.6666666667  0.2748114808  0.0747462766  0.0018377747  0.0000000000 -0.0000000000 -0.0067325694  0.2496763274  0.0019149452 -0.0000000000 -0.0000000000 -0.0067800288  0.0122492357 -0.0000000000 -0.0000000000 -0.0002230237  0.0008351983 -0.0000165039 -0.0000000000  0.0008554735 -0.0000000000  0.0959616399
  0.4000000000  0.0000000000  0.0000000000  1.0000000000  0.3333333333  1.0000000000  0.1958008186  0.0550378341  0.0213280227 -0.0000000000 -0.0000000000 -0.0083542889  0.1676252860  0.0180658803 -0.0000000000  0.0000000000 -0.0080942252  0.1431544310 -0.0000000000 -0.0000000000 -0.0039830103  0.0135984680 -0.0049482037 -0.0000000000  0.0224167944 -0.0000000000  0.0670454376
  0.4000000000  0.0000000000  0.0000000000  1.0000000000  0.6666666667  0.0000000000  0.2951224961  0.0787356793  0.0000000011 -0.0000000000 -0.0000000000 -0.0015205899  0.2699521449  0.0000000012 -0.0000000000 -0.0000000000 -0.0015447267  0.0000000036 -0.0000000000 -0.0000000000 -0.0000000000  0.0000000011 -0.0000000000 -0.0000000000  0.0000000011 -0.0000000000  0.1009594283
  0.4000000000  0.0000000000  0.0000000000  1.0000000000  0.6666666667  0.3333333333  0.2959246161  0.0785627410  0.0000000011  0.0000000000 -0.0000000000 -0.0000698465  0.2727102756  0.0000000012 -0.0000000000  0.0000000000 -0.0000674822  0.0000000036 -0.0000000000 -0.0000000000 -0.0000000000  0.0000000011 -0.0000000000 -0.0000000000  0.0000000011 -0.0000000000  0.1005897312
  0.4000000000  0.0000000000  0.0000000000  1.0000000000  0.6666666667  0.6666666667  0.2965506589  0.0786036886  0.0000000012 -0.0000000000 -0.0000000000 -0.0000078172  0.2725486442  0.0000000012 -0.0000000000 -0.0000000000 -0.0000510062  0.0000000036 -0.0000000000 -0.0000000000 -0.0000000000  0.0000000011  0.0000000000 -0.0000000000  0.0000000011 -0.0000000000  0.1004514480
  0.4000000000  0.0000000000  0.0000000000  1.0000000000  0.6666666667  1.0000000000  0.2301720594  0.0634491360  0.0139592871 -0.0000000000 -0.0000000000 -0.0072741822  0.1994820454  0.0126884747 -0.0000000000  0.0000000000 -0.0087739738  0.0919384826 -0.0000000000 -0.0000000000 -0.0019965309  0.0099354042 -0.0010258325 -0.0000000000  0.0109168605 -0.0000000000  0.0790791443
  0.4000000000  0.0000000000  0.0000000000  1.0000000000  1.0000000000  0.0000000000  0.2962768404  0.0785428563  0.0000000011 -0.0000000000 -0.0000000000 -0.0000000000  0.2726588979  0.0000000012 -0.0000000000 -0.0000000000 -0.0000000000  0.0000000036 -0.0000000000 -0.0000000000  0.0000000000  0.0000000011 -0.0000000000 -0.0000000000  0.0000000011 -0.0000000000  0.1005244767
  0.4000000000  0.0000000000  0.0000000000  1.0000000000  1.0000000000  0.3333333333  0.2958417950  0.0785659418  0.0000000011  0.0000000000 -0.0000000000 -0.0000000000  0.2727241707  0.0000000012 -0.0000000000  0.0000000000 -0.0000000000  0.0000000036 -0.0000000000 -0.0000000000 -0.0000000000  0.0000000011 -0.0000000000 -0.0000000000  0.0000000011 -0.0000000000  0.1006062457
  0.4000000000  0.0000000000  0.0000000000  1.0000000000  1.0000000000  0.6666666667  0.2959349812  0.0785546496  0.0000000011  0.0000000000 -0.0000000000 -0.0000000000  0.2726800081  0.0000000012 -0.0000000000 -0.0000000000 -0.0000000000  0.0000000036 -0.0000000000 -0.0000000000 -0.0000000000  0.0000000011 -0.0000000000 -0.0000000000  0.0000000011 -0.0000000000  0.1005911823
  0.4000000000  0.0000000000  0.0000000000  1.0000000000  1.0000000000  1.0000000000  0.2964071330  0.0785379418  0.0000000011 -0.0000000000 -0.0000000000 -0.0000000000  0.2725585151  0.0000000012 -0.0000000000 -0.0000000000 -0.0000000000  0.0000000036 -0.0000000000 -0.0000000000 -0.0000000000  0.0000000011 -0.0000000000 -0.0000000000  0.0000000011 -0.0000000000  0.1005115606
  0.4000000000  0.0000000000  0.3333333333  0.0000000000  0.0000000000  0.0000000000  0.2849738247  0.0000000011  0.0754844109  0.0000000000  0.0021157445 -0.0000000000  0.0000000036  0.0000000010 -0.0000000000  0.0000000000 -0.0000000000  0.2831332186 -0.0000000000  0.0021731313 -0.0000000000  0.0000000011 -0.0000000000 -0.0000000000  0.0975583762 -0.0000000000  0.0000000011
  0.4000000000  0.0000000000  0.3333333333  0.0000000000  0.0000000000  0.3333333333  0.2809466099  0.0000000011  0.0777945824 -0.0000000000  0.0015350518 -0.0000000000  0.0000000036  0.0000000011 -0.0000000000  0.0000000000 -0.0000000000  0.2924368462 -0.0000000000  0.0014927249  0.0000000000  0.0000000011 -0.0000000000 -0.0000000000  0.0992880315 -0.0000000000  0.0000000011
  0.4000000000  0.0000000000  0.3333333333  0.0000000000  0.0000000000  0.6666666667  0.2798897621  0.0000000011  0.0780243851  0.0000000000  0.0004890431 -0.0000000000  0.0000000036  0.0000000011 -0.0000000000  0.0000000000 -0.0000000000  0.2946443653 -0.0000000000  0.0004639958  0.0000000000  0.0000000011 -0.0000000000 -0.0000000000  0.0993172589 -0.0000000000  0.0000000011
  0.4000000000  0.0000000000  0.3333333333  0.0000000000  0.0000000000  1.0000000000  0.2754343466  0.0000000012  0.0782111889  0.0000000000 -0.0001005600 -0.0000000000  0.0000000036  0.0000000012 -0.0000000000 -0.0000000000 -0.0000000000  0.2973242884 -0.0000000000 -0.0001897675  0.0000000000  0.0000000011 -0.0000000000 -0.0000000000  0.0992764412 -0.0000000000  0.0000000011
  0.4000000000  0.0000000000  0.3333333333  0.0000000000  0.3333333333  0.0000000000  0.3049423098  0.0768833004  0.0000000011  0.0000000000  0.0000000000 -0.0000000000  0.2675265020  0.0000000011 -0.0000000000  0.0000000000 -0.0000000000  0.0000000036 -0.0000000000 -0.0000000000  0.0000000000  0.0000000011 -0.0000000000  0.0000000000  0.0000000011 -0.0000000000  0.0975972018
  0.4000000000  0.0000000000  0.3333333333  0.0000000000  0.3333333333  0.3333333333  0.2825147378  0.0000000011  0.0775081986  0.0000000000  0.0002003521 -0.0000000000  0.0000000036  0.0000000011 -0.0000000000  0.0000000000 -0.0000000000  0.2916033082 -0.0000000000  0.0000934211  0.0000000000  0.0000000011 -0.0000000000 -0.0000000000  0.0990475395 -0.0000000000  0.0000000011
  0.4000000000  0.0000000000  0.3333333333  0.0000000000  0.3333333333  0.6666666667  0.2796540907  0.0000000011  0.0780447021  0.0000000000  0.0003416679 -0.0000000000  0.0000000036  0.0000000011 -0.0000000000  0.0000000000 -0.0000000000  0.2948481225 -0.0000000000  0.0003158276 -0.0000000000  0.0000000011 -0.0000000000 -0.0000000000  0.0993039483 -0.0000000000  0.0000000011
  0.4000000000  0.0000000000  0.3333333333  0.0000000000  0.3333333333  1.0000000000  0.2758517907  0.0000000012  0.0781690400  0.0000000000 -0.0001464425 -0.0000000000  0.0000000036  0.0000000012 -0.0000000000 -0.0000000000 -0.0000000000  0.2972980000 -0.0000000000 -0.0002518158 -0.0000000000  0.0000000011 -0.0000000000 -0.0000000000  0.0992371498 -0.0000000000  0.0000000011
  0.4000000000  0.0000000000  0.3333333333  0.0000000000  0.6666666667  0.0000000000  0.3039129545  0.0774674294  0.0000000011 -0.0000000000  0.0000000000 -0.0000000000  0.2707578754  0.0000000011 -0.0000000000 -0.0000000000 -0.0000000000  0.0000000036 -0.0000000000 -0.0000000000  0.0000000000  0.0000000011 -0.0000000000  0.0000000000  0.0000000011 -0.0000000000  0.0982257391
  0.4000000000  0.0000000000  0.3333333333  0.0000000000  0.6666666667  0.3333333333  0.3038675375  0.0774702827  0.0000000011 -0.0000000000 -0.0000000000 -0.0000000000  0.2710819973  0.0000000011 -0.0000000000 -0.0000000000 -0.0000000000  0.0000000036 -0.0000000000 -0.0000000000  0.0000000000  0.0000000011 -0.0000000000 -0.0000000000  0.0000000011 -0.0000000000  0.0983160260
  0.4000000000  0.0000000000  0.3333333333  0.0000000000  0.6666666667  0.6666666667  0.2794700260  0.0000000011  0.0780675057  0.0000000000  0.0003064532 -0.0000000000  0.0000000036  0.0000000011 -0.0000000000  0.0000000000 -0.0000000000  0.2950990269 -0.0000000000  0.0002861236 -0.0000000000  0.0000000011 -0.0000000000 -0.0000000000  0.0993082323 -0.0000000000  0.0000000011
  0.4000000000  0.0000000000  0.3333333333  0.0000000000  0.6666666667  1.0000000000  0.2778285305  0.0000000011  0.0781513878 -0.0000000000 -0.0002405764 -0.0000000000  0.0000000036  0.0000000011 -0.0000000000 -0.0000000000 -0.0000000000  0.2974809788 -0.0000000000 -0.0003637809  0.0000000000  0.0000000011 -0.0000000000 -0.0000000000  0.0992655247 -0.0000000000  0.0000000011
  0.4000000000  0.0000000000  0.3333333333  0.0000000000  1.0000000000  0.0000000000  0.2989922305  0.0780906851  0.0000000011 -0.0000000000  0.0000000000 -0.0000000000  0.2764132887  0.0000000011 -0.0000000000 -0.0000000000 -0.0000000000  0.0000000036 -0.0000000000 -0.0000000000 -0.0000000000  0.0000000011 -0.0000000000  0.0000000000  0.0000000011 -0.0000000000  0.0991370295
  0.4000000000  0.0000000000  0.3333333333  0.0000000000  1.0000000000  0.3333333333  0.2991912656  0.0780787307  0.0000000011 -0.0000000000  0.0000000000 -0.0000000000  0.2762257381  0.0000000011 -0.0000000000 -0.0000000000 -0.0000000000  0.0000000036 -0.0000000000 -0.0000000000  0.0000000000  0.0000000011 -0.0000000000 -0.0000000000  0.0000000011 -0.0000000000  0.0991176447
  0.4000000000  0.0000000000  0.3333333333  0.0000000000  1.0000000000  0.6666666667  0.2576159602  0.0482956503  0.0458143650  0.0000000000  0.0000598239 -0.0000000000  0.1535731466  0.0164957449 -0.0000000000  0.0000183133 -0.0000000000  0.1628184315 -0.0000000000  0.0000454674 -0.0000000000  0.0084928581 -0.0000000000 -0.0000067146  0.0538961345 -0.0000000000  0.0569509567
  0.4000000000  0.0000000000  0.3333333333  0.0000000000  1.0000000000  1.0000000000  0.2774693479  0.0000000011  0.0781145257 -0.0000000000 -0.0002850285 -0.0000000000  0.0000000038  0.0000000011 -0.0000000000 -0.0000000000 -0.0000000000  0.2979269506 -0.0000000000 -0.0004914004  0.0000000000  0.0000000011 -0.0000000000 -0.0000000000  0.0992083586 -0.0000000000  0.0000000011
  0.4000000000  0.0000000000  0.3333333333  0.3333333333  0.0000000000  0.0000000000  0.3098175490  0.0741693775  0.0000000011 -0.0000000000  0.0000000000  0.0000005816  0.2574151963  0.0000000010 -0.0000000001  0.0000000000 -0.0000109450  0.0000000036  0.0000000000  0.0000000000  0.0000000000  0.0000000011  0.0000000000  0.0000000000  0.0000000011 -0.0000000000  0.0959113108
  0.4000000000  0.0000000000  0.3333333333  0.3333333333  0.0000000000  0.3333333333  0.2825356978  0.0000000011  0.0774693748 -0.0000000000  0.0014207660  0.0000000000  0.0000000036  0.0000000011 -0.0000000000  0.0000000000  0.0000000000  0.2916075767 -0.0000000000  0.0014298703  0.0000000000  0.0000000011  0.0000000000 -0.0000000000  0.0993488766 -0.0000000000  0.0000000011
  0.4000000000  0.0000000000  0.3333333333  0.3333333333  0.0000000000  0.6666666667  0.2791854982  0.0000000011  0.0780881524 -0.0000000000  0.0001401032  0.0000000000  0.0000000036  0.0000000011 -0.0000000000  0.0000000000 -0.0000000000  0.2953634763 -0.0000000000  0.0001109701  0.0000000000  0.0000000011 -0.0000000000 -0.0000000000  0.0992925776 -0.0000000000  0.0000000011
  0.4000000000  0.0000000000  0.3333333333  0.3333333333  0.0000000000  1.0000000000  0.2742176911  0.0000000012  0.0781298363  0.0000000000 -0.0002031876  0.0000000000  0.0000000036  0.0000000012 -0.0000000000 -0.0000000000 -0.0000000000  0.2985007239 -0.0000000000 -0.0002934145  0.0000000000  0.0000000011 -0.0000000000 -0.0000000000  0.0991900346 -0.0000000000  0.0000000011
  0.4000000000  0.0000000000  0.3333333333  0.3333333333  0.3333333333  0.0000000000  0.3044358134  0.0773078839  0.0000000011  0.0000000000 -0.0000000000 -0.0017298715  0.2689622645  0.0000000011  0.0000000000  0.0000000000 -0.0015610085  0.0000000036 -0.0000000000 -0.0000000000 -0.0000000000  0.0000000011 -0.0000000000 -0.0000000000  0.0000000011 -0.0000000000  0.0982450676
  0.4000000000  0.0000000000  0.3333333333  0.3333333333  0.3333333333  0.3333333333  0.2577523889  0.0482933384  0.0458289843 -0.0003159739  0.0001229617 -0.0001102057  0.1536096871  0.0165134545 -0.0005533229  0.0000387797  0.0000447677  0.1628428037 -0.0005155424  0.0000938968 -0.0000285752  0.0085224705 -0.0000314958 -0.0000140594  0.0539244669 -0.0003829250  0.0569708410
  0.4000000000  0.0000000000  0.3333333333  0.3333333333  0.3333333333  0.6666666667  0.2788328148  0.0000000011  0.0781123399 -0.0000000000  0.0000491416 -0.0000000000  0.0000000036  0.0000000011 -0.0000000000  0.0000000000 -0.0000000000  0.2958273951  0.0000000000  0.0000016430 -0.0000000000  0.0000000011 -0.0000000000 -0.0000000000  0.0992893672  0.0000000000  0.0000000011
  0.4000000000  0.0000000000  0.3333333333  0.3333333333  0.3333333333  1.0000000000  0.2750550632  0.0000000012  0.0781131310  0.0000000000 -0.0003560678 -0.0000000000  0.0000000036  0.0000000012 -0.0000000000 -0.0000000000 -0.0000000000  0.2983025798 -0.0000000000 -0.0004893284 -0.0000000000  0.0000000011  0.0000000000 -0.0000000000  0.0991474747 -0.0000000000  0.0000000011
  0.4000000000  0.0000000000  0.3333333333  0.3333333333  0.6666666667  0.0000000000  0.3003853129  0.0779354458  0.0000000012  0.0000000000  0.0000000000 -0.0004629921  0.2719745331  0.0000000012  0.0000000000  0.0000000000 -0.0003589440  0.0000000036 -0.0000000000 -0.0000000000 -0.0000000000  0.0000000011 -0.0000000000  0.0000000000  0.0000000011  0.0000000000  0.0989480161
  0.4000000000  0.0000000000  0.3333333333  0.3333333333  0.6666666667  0.3333333333  0.3019479771  0.0778025670  0.0000000011 -0.0000000000  0.0000000000 -0.0005196610  0.2738120839  0.0000000011  0.0000000000 -0.0000000000 -0.0004392504  0.0000000036 -0.0000000000  0.0000000000 -0.0000000000  0.0000000011 -0.0000000000  0.0000000000  0.0000000011  0.0000000000  0.0988839458
  0.4000000000  0.0000000000  0.3333333333  0.3333333333  0.6666666667  0.6666666667  0.2791213515  0.0000000011  0.0780848131 -0.0000000000  0.0001022597 -0.0000000000  0.0000000036  0.0000000011 -0.0000000000  0.0000000000 -0.0000000000  0.2955668320 -0.0000000000  0.0000672261 -0.0000000000  0.0000000011 -0.0000000000 -0.0000000000  0.0993189071  0.0000000000  0.0000000011
  0.4000000000  0.0000000000  0.3333333333  0.3333333333  0.6666666667  1.0000000000  0.2766597240  0.0000000011  0.0781002659 -0.0000000000 -0.0003840054 -0.0000000000  0.0000000036  0.0000000011 -0.0000000000 -0.0000000000 -0.0000000000  0.2988973233 -0.0000000000 -0.0005802429 -0.0000000000  0.0000000011 -0.0000000000 -0.0000000000  0.0991590835 -0.0000000000  0.0000000011
  0.4000000000  0.0000000000  0.3333333333  0.3333333333  1.0000000000  0.0000000000  0.2973107104  0.0781760142  0.0000000012  0.0000000000  0.0000000000 -0.0003265153  0.2758188406  0.0000000012  0.0000000000 -0.0000000000 -0.0002206433  0.0000000036 -0.0000000000 -0.0000000000 -0.0000000000  0.0000000011 -0.0000000000  0.0000000000  0.0000000011  0.0000000000  0.0992510242
  0.4000000000  0.0000000000  0.3333333333  0.3333333333  1.0000000000  0.3333333333  0.2978651012  0.0781460369  0.0000000011  0.0000000000  0.0000000000 -0.0004840986  0.2775862557  0.0000000011  0.0000000000  0.0000000000 -0.0003238419  0.0000000036  0.0000000000 -0.0000000000 -0.0000000000  0.0000000011 -0.0000000000  0.0000000000  0.0000000011  0.0000000000  0.0992516366
  0.4000000000  0.0000000000  0.3333333333  0.3333333333  1.0000000000  0.6666666667  0.2981491857  0.0778980930  0.0000000012  0.0000000000 -0.0000000000 -0.0003730660  0.2751468241  0.0000000012 -0.0000000000  0.0000000000 -0.0002545029  0.0000000036 -0.0000000000 -0.0000000000 -0.0000000000  0.0000000011 -0.0000000000 -0.0000000000  0.0000000011  0.0000000000  0.0993601818
  0.4000000000  0.0000000000  0.3333333333  0.3333333333  1.0000000000  1.0000000000  0.2767147547  0.0000000011  0.0779878249 -0.0000000000 -0.0003346100 -0.0000000000  0.0000000037  0.0000000011  0.0000000000 -0.0000000000 -0.0000000000  0.2991499051 -0.0000000000 -0.0004563020 -0.0000000000  0.0000000011 -0.0000000000 -0.0000000000  0.0992283069 -0.0000000000  0.0000000011
  0.4000000000  0.0000000000  0.3333333333  0.6666666667  0.0000000000  0.0000000000  0.2966799125  0.0743986984  0.0000000011  0.0000000000  0.0000000000 -0.0065835066  0.2632209963  0.0000000010  0.0000000000  0.0000000000 -0.0057681158  0.0000000036 -0.0000000000  0.0000000000 -0.0000000001  0.0000000011 -0.0000000000  0.0000000000  0.0000000011  0.0000000000  0.1009917856
  0.4000000000  0.0000000000  0.3333333333  0.6666666667  0.0000000000  0.3333333333  0.0686705051  0.0558684770  0.0200544530 -0.0009492834  0.0010612997 -0.0559583196  0.0575110081  0.0189335991 -0.0007339485  0.0008639218 -0.0565544236  0.1570787153 -0.0004305572  0.0008573347 -0.0188017313  0.0335513258 -0.0332090763  0.0008187292  0.0342824981 -0.0009418909  0.0571218692
  0.4000000000  0.0000000000  0.3333333333  0.6666666667  0.0000000000  0.6666666667  0.2749609229  0.0000000011  0.0773305034 -0.0000000000 -0.0003276717  0.0000000000  0.0000000036  0.0000000011  0.0000000000 -0.0000000000 -0.0000000000  0.3000240685 -0.0000000000 -0.0004560110  0.0000000000  0.0000000011 -0.0000000000 -0.0000000000  0.0999908822  0.0000000000  0.0000000011
  0.4000000000  0.0000000000  0.3333333333  0.6666666667  0.0000000000  1.0000000000  0.2699751457  0.0000000011  0.0772841501 -0.0000000000 -0.0006886765  0.0000000000  0.0000000036  0.0000000011 -0.0000000000 -0.0000000000 -0.0000000000  0.3039004174 -0.0000000000 -0.0007620494  0.0000000000  0.0000000011 -0.0000000000 -0.0000000000  0.0983967400 -0.0000000000  0.0000000011
  0.4000000000  0.0000000000  0.3333333333  0.6666666667  0.3333333333  0.0000000000  0.2981605465  0.0778557246  0.0000000011  0.0000000000  0.0000000000 -0.0043809810  0.2653647546  0.0000000011  0.0000000000  0.0000000000 -0.0030083024  0.0000000036 -0.0000000000 -0.0000000000 -0.0000000000  0.0000000011 -0.0000000000  0.0000000000  0.0000000011  0.0000000000  0.1004451564
  0.4000000000  0.0000000000  0.3333333333  0.6666666667  0.3333333333  0.3333333333  0.2966886004  0.0778254021  0.0000000010  0.0000000000  0.0000000000 -0.0045933438  0.2672287791  0.0000000010 -0.0000000000  0.0000000000 -0.0039056267  0.0000000036 -0.0000000000  0.0000000000 -0.0000000000  0.0000000011 -0.0000000000  0.0000000000  0.0000000011  0.0000000000  0.1005169145
  0.4000000000  0.0000000000  0.3333333333  0.6666666667  0.3333333333  0.6666666667  0.2575573220  0.0482522786  0.0456496646 -0.0006608329  0.0000731753 -0.0000754660  0.1534823755  0.0165213998 -0.0011208520  0.0000025613  0.0000426278  0.1627548446 -0.0010688398 -0.0000069746 -0.0000066045  0.0085298629 -0.0000403929  0.0000004299  0.0538409636 -0.0007956808  0.0569776546
  0.4000000000  0.0000000000  0.3333333333  0.6666666667  0.3333333333  1.0000000000  0.2762613261  0.0000000011  0.0778915830  0.0000000000 -0.0007047895  0.0000000000  0.0000000036  0.0000000011  0.0000000000 -0.0000000000 -0.0000000000  0.2995199210  0.0000000000 -0.0008757301  0.0000000000  0.0000000011  0.0000000000 -0.0000000000  0.0995110984  0.0000000000  0.0000000011
  0.4000000000  0.0000000000  0.3333333333  0.6666666667  0.6666666667  0.0000000000  0.2968901190  0.0785736206  0.0000000012 -0.0000000000 -0.0000000000 -0.0003717186  0.2727035346  0.0000000012 -0.0000000000  0.0000000000 -0.0001702793  0.0000000036 -0.0000000000 -0.0000000000 -0.0000000000  0.0000000011 -0.0000000000 -0.0000000000  0.0000000011 -0.0000000000  0.1003165612
  0.4000000000  0.0000000000  0.3333333333  0.6666666667  0.6666666667  0.3333333333  0.2968978490  0.0785811881  0.0000000012 -0.0000000000  0.0000000000 -0.0003719540  0.2727400656  0.0000000012 -0.0000000000  0.0000000000 -0.0001829383  0.0000000036 -0.0000000000 -0.0000000000 -0.0000000000  0.0000000011 -0.0000000000  0.0000000000  0.0000000011  0.0000000000  0.1003094942
  0.4000000000  0.0000000000  0.3333333333  0.6666666667  0.6666666667  0.6666666667  0.2975402274  0.0785362587  0.0000000012  0.0000000000 -0.0000000000 -0.0003053550  0.2730941362  0.0000000012  0.0000000000 -0.0000000000 -0.0002098903  0.0000000036 -0.0000000000 -0.0000000000 -0.0000000000  0.0000000011  0.0000000000 -0.0000000000  0.0000000011  0.0000000000  0.1000316517
  0.4000000000  0.0000000000  0.3333333333  0.6666666667  0.6666666667  1.0000000000  0.2576988496  0.0482970021  0.0458126775 -0.0003181492  0.0000999152 -0.0000975068  0.1535957633  0.0165097849 -0.0005521403  0.0000304729  0.0000385679  0.1628291564 -0.0005138851  0.0000741011 -0.0000264519  0.0085123812 -0.0000271841 -0.0000109324  0.0539109995 -0.0003805719  0.0569690349
  0.4000000000  0.0000000000  0.3333333333  0.6666666667  1.0000000000  0.0000000000  0.2968105608  0.0785876978  0.0000000012  0.0000000000 -0.0000000000 -0.0002138644  0.2729776818  0.0000000012  0.0000000000 -0.0000000000 -0.0001090103  0.0000000036 -0.0000000000 -0.0000000000 -0.0000000000  0.0000000011 -0.0000000000  0.0000000000  0.0000000011 -0.0000000000  0.1003058223
  0.4000000000  0.0000000000  0.3333333333  0.6666666667  1.0000000000  0.3333333333  0.2971002544  0.0785684800  0.0000000012 -0.0000000000  0.0000000000 -0.0002035597  0.2731758336  0.0000000012  0.0000000000  0.0000000000 -0.0001019936  0.0000000036 -0.0000000000 -0.0000000000 -0.0000000000  0.0000000011 -0.0000000000  0.0000000000  0.0000000011 -0.0000000000  0.1001428535
  0.4000000000  0.0000000000  0.3333333333  0.6666666667  1.0000000000  0.6666666667  0.2965360738  0.0783886875  0.0000000012  0.0000000000 -0.0000000000 -0.0001067558  0.2754582843  0.0000000012  0.0000000000 -0.0000000000 -0.0000288876  0.0000000037  0.0000000000 -0.0000000000 -0.0000000000  0.0000000011  0.0000000000 -0.0000000000  0.0000000011 -0.0000000000  0.0995507443
  0.4000000000  0.0000000000  0.3333333333  0.6666666667  1.0000000000  1.0000000000  0.2576653726  0.0482919885  0.0458064406 -0.0003358262  0.0001036022 -0.0000968748  0.1536040708  0.0165106100 -0.0005890438  0.0000324938  0.0000402847  0.1628317607 -0.0005481951  0.0000794905 -0.0000254237  0.0085138626 -0.0000279256 -0.0000118863  0.0539099616 -0.0004033367  0.0569686516
  0.4000000000  0.0000000000  0.3333333333  1.0000000000  0.0000000000  0.0000000000  0.2873947290  0.0789351983  0.0000000011  0.0000000000 -0.0000000000 -0.0073767373  0.2671931187  0.0000000011 -0.0000000000  0.0000000000 -0.0067628598  0.0000000036 -0.0000000000 -0.0000000000 -0.0000000001  0.0000000011 -0.0000000000 -0.0000000000  0.0000000011 -0.0000000000  0.1013474935
  0.4000000000  0.0000000000  0.3333333333  1.0000000000  0.0000000000  0.3333333333  0.0586352118  0.0586318302  0.0190131869 -0.0012680378  0.0012680744 -0.0586310821  0.0586350694  0.0190131665 -0.0012679901  0.0012680268 -0.0586310085  0.1611257679 -0.0006052995  0.0006053553 -0.0190126773  0.0341528836 -0.0341515974  0.0012679753  0.0341528165 -0.0012679813  0.0586325233
  0.4000000000  0.0000000000  0.3333333333  1.0000000000  0.0000000000  0.6666666667  0.0583775134  0.0583750973  0.0191698697 -0.0009229336  0.0009229337 -0.0583745870  0.0583773858  0.0191698482 -0.0009229178  0.0009229178 -0.0583745233  0.1645741202 -0.0005749150  0.0005749251 -0.0191694201  0.0341650347 -0.0341641800  0.0009229049  0.0341650333 -0.0009229192  0.0583755600
  0.4000000000  0.0000000000  0.3333333333  1.0000000000  0.0000000000  1.0000000000  0.0575220838  0.0575198782  0.0188320934 -0.0003042588  0.0003042658 -0.0575193612  0.0575220880  0.0188320823 -0.0003042592  0.0003042662 -0.0575193633  0.1708069179 -0.0001730733  0.0001730737 -0.0188316513  0.0336443055 -0.0336435075  0.0003042576  0.0336443199 -0.0003042659  0.0575202931
  0.4000000000  0.0000000000  0.3333333333  1.0000000000  0.3333333333  0.0000000000  0.2915478290  0.0785199091  0.0000000010  0.0000000000  0.0000000000 -0.0054767640  0.2665830329  0.0000000011  0.0000000000  0.0000000000 -0.0052595738  0.0000000036 -0.0000000000  0.0000000000 -0.0000000001  0.0000000011 -0.0000000000  0.0000000000  0.0000000011  0.0000000000  0.1015846485
  0.4000000000  0.0000000000  0.3333333333  1.0000000000  0.3333333333  0.3333333333  0.2915640966  0.0784647195  0.0000000010  0.0000000000  0.0000000000 -0.0055611282  0.2665768019  0.0000000010  0.0000000000  0.0000000000 -0.0053325721  0.0000000036 -0.0000000000  0.0000000000 -0.0000000001  0.0000000011 -0.0000000000  0.0000000000  0.0000000011  0.0000000000  0.1015609977
  0.4000000000  0.0000000000  0.3333333333  1.0000000000  0.3333333333  0.6666666667  0.2114653243  0.0622670528  0.0150389265 -0.0002948942  0.0019708088 -0.0121489817  0.1883016576  0.0150454806 -0.0008962512  0.0008511936 -0.0130150404  0.0991728530 -0.0000698568  0.0004213156 -0.0035030315  0.0128780305 -0.0035308276  0.0005146160  0.0129817509 -0.0000851352  0.0775138304
  0.4000000000  0.0000000000  0.3333333333  1.0000000000  0.3333333333  1.0000000000  0.2574338965  0.0482959616  0.0457460171 -0.0003179196 -0.0000666271  0.0000531809  0.1535958478  0.0165064159 -0.0005694312 -0.0000178854 -0.0000182492  0.1628021978 -0.0005242938 -0.0000441681  0.0000171582  0.0084956698  0.0000137873  0.0000062307  0.0538686421 -0.0003735420  0.0569656704
  0.4000000000  0.0000000000  0.3333333333  1.0000000000  0.6666666667  0.0000000000  0.2937372319  0.0785892752  0.0000000011  0.0000000000  0.0000000000 -0.0035858296  0.2680950305  0.0000000011  0.0000000000  0.0000000000 -0.0034375156  0.0000000036 -0.0000000000 -0.0000000000 -0.0000000000  0.0000000011 -0.0000000000  0.0000000000  0.0000000011  0.0000000000  0.1011698635
  0.4000000000  0.0000000000  0.3333333333  1.0000000000  0.6666666667  0.3333333333  0.2942219411  0.0785313393  0.0000000011  0.0000000000  0.0000000000 -0.0028456147  0.2689032932  0.0000000011  0.0000000000  0.0000000000 -0.0027808405  0.0000000036 -0.0000000000 -0.0000000000 -0.0000000000  0.0000000011 -0.0000000000  0.0000000000  0.0000000011  0.0000000000  0.1011330450
  0.4000000000  0.0000000000  0.3333333333  1.0000000000  0.6666666667  0.6666666667  0.2934115198  0.0789308619  0.0000000011  0.0000000000  0.0000000000 -0.0033476006  0.2681328969  0.0000000011  0.0000000000  0.0000000000 -0.0032836332  0.0000000036 -0.0000000000 -0.0000000000 -0.0000000000  0.0000000011 -0.0000000000  0.0000000000  0.0000000011  0.0000000000  0.1015358817
  0.4000000000  0.0000000000  0.3333333333  1.0000000000  0.6666666667  1.0000000000  0.2571124739  0.0482894658  0.0456775630 -0.0003048464 -0.0000326899  0.0000225680  0.1536980418  0.0165426390 -0.0006173737 -0.0000080737 -0.0000069448  0.1628446718 -0.0005573331 -0.0000181250  0.0000085730  0.0085213929  0.0000062317  0.0000027318  0.0538466567 -0.0003691000  0.0569791806
  0.4000000000  0.0000000000  0.3333333333  1.0000000000  1.0000000000  0.0000000000  0.2958245793  0.0785602406  0.0000000011 -0.0000000000 -0.0000000000  0.0000004531  0.2727112767  0.0000000012 -0.0000000000  0.0000000000 -0.0000082559  0.0000000036 -0.0000000000 -0.0000000000 -0.0000000000  0.0000000011 -0.0000000000 -0.0000000000  0.0000000011  0.0000000000  0.1006133225
  0.4000000000  0.0000000000  0.3333333333  1.0000000000  1.0000000000  0.3333333333  0.2963839737  0.0785639820  0.0000000012  0.0000000000  0.0000000000 -0.0000067843  0.2727735367  0.0000000012 -0.0000000000  0.0000000000 -0.0000065463  0.0000000036 -0.0000000000 -0.0000000000 -0.0000000000  0.0000000011 -0.0000000000  0.0000000000  0.0000000011  0.0000000000  0.1004662563
  0.4000000000  0.0000000000  0.3333333333  1.0000000000  1.0000000000  0.6666666667  0.2965614594  0.0785968593  0.0000000012  0.0000000000  0.0000000000  0.0000015869  0.2729118874  0.0000000012 -0.0000000000  0.0000000000  0.0000010831  0.0000000036 -0.0000000000 -0.0000000000 -0.0000000000  0.0000000011 -0.0000000000  0.0000000000  0.0000000011  0.0000000000  0.1004045492
  0.4000000000  0.0000000000  0.3333333333  1.0000000000  1.0000000000  1.0000000000  0.2950049757  0.0772335499  0.0000000011 -0.0000000000 -0.0000000000 -0.0000794319  0.2743435831  0.0000000012 -0.0000000000 -0.0000000000 -0.0001917922  0.0000000036 -0.0000000000 -0.0000000000 -0.0000000000  0.0000000011 -0.0000000000 -0.0000000000  0.0000000011 -0.0000000000  0.1010609767
  0.4000000000  0.0000000000  0.6666666667  0.0000000000  0.0000000000  0.0000000000  0.2751222097  0.0000000011  0.0782592715  0.0000000000  0.0056169265 -0.0000000000  0.0000000036  0.0000000011 -0.0000000000  0.0000000001 -0.0000000000  0.2870126277 -0.0000000000  0.0059337517 -0.0000000000  0.0000000011 -0.0000000000 -0.0000000000  0.1007641408 -0.0000000000  0.0000000011
  0.4000000000  0.0000000000  0.6666666667  0.0000000000  0.0000000000  0.3333333333  0.2776111789  0.0000000011  0.0781398876 -0.0000000000  0.0044275712 -0.0000000000  0.0000000036  0.0000000011 -0.0000000000  0.0000000001 -0.0000000000  0.2902182984 -0.0000000000  0.0046747873  0.0000000000  0.0000000011 -0.0000000000 -0.0000000000  0.1001923579 -0.0000000000  0.0000000011
  0.4000000000  0.0000000000  0.6666666667  0.0000000000  0.0000000000  0.6666666667  0.2729285029  0.0000000012  0.0785777696 -0.0000000000 -0.0000171031 -0.0000000000  0.0000000036  0.0000000012 -0.0000000000  0.0000000000 -0.0000000000  0.2965471825 -0.0000000000 -0.0000735543 -0.0000000000  0.0000000011 -0.0000000000 -0.0000000000  0.1003983986 -0.0000000000  0.0000000011
  0.4000000000  0.0000000000  0.6666666667  0.0000000000  0.0000000000  1.0000000000  0.2728451288  0.0000000012  0.0785950452 -0.0000000000 -0.0001016721 -0.0000000000  0.0000000036  0.0000000012 -0.0000000000 -0.0000000000 -0.0000000000  0.2966518985 -0.0000000000 -0.0002411844  0.0000000000  0.0000000011 -0.0000000000 -0.0000000000  0.1003790802 -0.0000000000  0.0000000011
  0.4000000000  0.0000000000  0.6666666667  0.0000000000  0.3333333333  0.0000000000  0.2717114154  0.0000000010  0.0774220265 -0.0000000000  0.0056109191 -0.0000000000  0.0000000036  0.0000000009 -0.0000000000  0.0000000001 -0.0000000000  0.2869735611 -0.0000000000  0.0051931773  0.0000000000  0.0000000011 -0.0000000000 -0.0000000000  0.1007084772 -0.0000000000  0.0000000011
  0.4000000000  0.0000000000  0.6666666667  0.0000000000  0.3333333333  0.3333333333  0.2773328041  0.0000000011  0.0782873453  0.0000000000  0.0039021413 -0.0000000000  0.0000000036  0.0000000011 -0.0000000000  0.0000000000 -0.0000000000  0.2914665890 -0.0000000000  0.0041938341  0.0000000000  0.0000000011 -0.0000000000 -0.0000000000  0.1001463037 -0.0000000000  0.0000000011
  0.4000000000  0.0000000000  0.6666666667  0.0000000000  0.3333333333  0.6666666667  0.2728807383  0.0000000012  0.0785757688  0.0000000000 -0.0000186789 -0.0000000000  0.0000000036  0.0000000012 -0.0000000000  0.0000000000 -0.0000000000  0.2965608287 -0.0000000000 -0.0000780887  0.0000000000  0.0000000011 -0.0000000000 -0.0000000000  0.1004052790 -0.0000000000  0.0000000011
  0.4000000000  0.0000000000  0.6666666667  0.0000000000  0.3333333333  1.0000000000  0.2729789550  0.0000000012  0.0785619201  0.0000000000 -0.0000655801 -0.0000000000  0.0000000036  0.0000000012 -0.0000000000 -0.0000000000 -0.0000000000  0.2968975888 -0.0000000000 -0.0001593622 -0.0000000000  0.0000000011 -0.0000000000 -0.0000000000  0.1002701994 -0.0000000000  0.0000000011
  0.4000000000  0.0000000000  0.6666666667  0.0000000000  0.6666666667  0.0000000000  0.2576514311  0.0482941090  0.0458266937 -0.0000000000  0.0001130465 -0.0000000000  0.1535833491  0.0164996372 -0.0000000000  0.0000349148 -0.0000000000  0.1628216277 -0.0000000000  0.0000880939 -0.0000000000  0.0084998167 -0.0000000000 -0.0000124776  0.0539051138 -0.0000000000  0.0569536886
  0.4000000000  0.0000000000  0.6666666667  0.0000000000  0.6666666667  0.3333333333  0.2774237094  0.0000000011  0.0782959843 -0.0000000000  0.0037234853 -0.0000000000  0.0000000036  0.0000000011 -0.0000000000  0.0000000000 -0.0000000000  0.2919411962 -0.0000000000  0.0040152304  0.0000000000  0.0000000011 -0.0000000000 -0.0000000000  0.1000888322 -0.0000000000  0.0000000011
  0.4000000000  0.0000000000  0.6666666667  0.0000000000  0.6666666667  0.6666666667  0.2728574193  0.0000000012  0.0785766817 -0.0000000000 -0.0000105801 -0.0000000000  0.0000000036  0.0000000012 -0.0000000000  0.0000000000 -0.0000000000  0.2966064326 -0.0000000000 -0.0000750786 -0.0000000000  0.0000000011 -0.0000000000 -0.0000000000  0.1003985559 -0.0000000000  0.0000000011
  0.4000000000  0.0000000000  0.6666666667  0.0000000000  0.6666666667  1.0000000000  0.2728602000  0.0000000012  0.0785991843  0.0000000000 -0.0001038087 -0.0000000000  0.0000000036  0.0000000012 -0.0000000000  0.0000000000 -0.0000000000  0.2966333936 -0.0000000000 -0.0002477742  0.0000000000  0.0000000011 -0.0000000000 -0.0000000000  0.1003784085 -0.0000000000  0.0000000011
  0.4000000000  0.0000000000  0.6666666667  0.0000000000  1.0000000000  0.0000000000  0.3021232822  0.0763385993  0.0000000011  0.0000000000  0.0000000000 -0.0000000000  0.2732429750  0.0000000010 -0.0000000000  0.0000000000 -0.0000000000  0.0000000036 -0.0000000000  0.0000000000  0.0000000000  0.0000000011 -0.0000000000  0.0000000000  0.0000000011 -0.0000000000  0.0994524530
  0.4000000000  0.0000000000  0.6666666667  0.0000000000  1.0000000000  0.3333333333  0.2773472168  0.0000000011  0.0783181967 -0.0000000000  0.0036358780 -0.0000000000  0.0000000036  0.0000000011 -0.0000000000  0.0000000000 -0.0000000000  0.2920643322 -0.0000000000  0.0039323205 -0.0000000000  0.0000000011 -0.0000000000 -0.0000000000  0.1000835511 -0.0000000000  0.0000000011
  0.4000000000  0.0000000000  0.6666666667  0.0000000000  1.0000000000  0.6666666667  0.2734643950  0.0000000012  0.0785349359 -0.0000000000 -0.0000933591 -0.0000000000  0.0000000036  0.0000000012 -0.0000000000 -0.0000000000 -0.0000000000  0.2968343265 -0.0000000000 -0.0001527874  0.0000000000  0.0000000011 -0.0000000000 -0.0000000000  0.1000809670 -0.0000000000  0.0000000011
  0.4000000000  0.0000000000  0.6666666667  0.0000000000  1.0000000000  1.0000000000  0.2731560712  0.0000000012  0.0785524104  0.0000000000 -0.0000774591 -0.0000000000  0.0000000036  0.0000000012 -0.0000000000 -0.0000000000 -0.0000000000  0.2970526617 -0.0000000000 -0.0001607841 -0.0000000000  0.0000000011 -0.0000000000 -0.0000000000  0.1001492579 -0.0000000000  0.0000000011
  0.4000000000  0.0000000000  0.6666666667  0.3333333333  0.0000000000  0.0000000000  0.2777361766  0.0000000011  0.0775628093 -0.0000000000  0.0051385159  0.0000000000  0.0000000036  0.0000000011 -0.0000000000  0.0000000001 -0.0000000000  0.2872846904 -0.0000000000  0.0052743899  0.0000000000  0.0000000011  0.0000000000 -0.0000000000  0.1002725270  0.0000000000  0.0000000011
  0.4000000000  0.0000000000  0.6666666667  0.3333333333  0.0000000000  0.3333333333  0.2774180002  0.0000000011  0.0783018479 -0.0000000000  0.0036887538 -0.0000000000  0.0000000036  0.0000000011 -0.0000000000  0.0000000000 -0.0000000000  0.2920442703  0.0000000000  0.0039819503  0.0000000000  0.0000000011 -0.0000000000 -0.0000000000  0.1000817446  0.0000000000  0.0000000011
  0.4000000000  0.0000000000  0.6666666667  0.3333333333  0.0000000000  0.6666666667  0.2729227619  0.0000000012  0.0785758292 -0.0000000000 -0.0000232507 -0.0000000000  0.0000000036  0.0000000012 -0.0000000000  0.0000000000 -0.0000000000  0.2966627416 -0.0000000000 -0.0000732598  0.0000000000  0.0000000011  0.0000000000 -0.0000000000  0.1003738998 -0.0000000000  0.0000000011
  0.4000000000  0.0000000000  0.6666666667  0.3333333333  0.0000000000  1.0000000000  0.2729203424  0.0000000012  0.0785649271 -0.0000000000 -0.0000794860  0.0000000000  0.0000000036  0.0000000012 -0.0000000000 -0.0000000000 -0.0000000000  0.2972252242 -0.0000000000 -0.0001921413  0.0000000000  0.0000000011 -0.0000000000 -0.0000000000  0.1001954626 -0.0000000000  0.0000000011
  0.4000000000  0.0000000000  0.6666666667  0.3333333333  0.3333333333  0.0000000000  0.0684970989  0.0193152370  0.0558454913 -0.0011732460  0.0558483562 -0.0012391723  0.1533190751  0.0188579159 -0.0006270040  0.0188276522 -0.0010026840  0.0574845779 -0.0009420466  0.0564841148 -0.0010035732  0.0334271231 -0.0011543628  0.0330543525  0.0570877060 -0.0011809949  0.0340646749
  0.4000000000  0.0000000000  0.6666666667  0.3333333333  0.3333333333  0.3333333333  0.2775126686  0.0000000011  0.0783085435 -0.0000000000  0.0034891916 -0.0000000000  0.0000000036  0.0000000011 -0.0000000000  0.0000000000 -0.0000000000  0.2925599453  0.0000000000  0.0037790579  0.0000000000  0.0000000011 -0.0000000000 -0.0000000000  0.1000178201  0.0000000000  0.0000000011
  0.4000000000  0.0000000000  0.6666666667  0.3333333333  0.3333333333  0.6666666667  0.2732598110  0.0000000012  0.0785563628 -0.0000000000 -0.0000495118  0.0000000000  0.0000000036  0.0000000012 -0.0000000000 -0.0000000000 -0.0000000000  0.2967257278 -0.0000000000 -0.0001186465  0.0000000000  0.0000000011  0.0000000000 -0.0000000000  0.1002271481 -0.0000000000  0.0000000011
  0.4000000000  0.0000000000  0.6666666667  0.3333333333  0.3333333333  1.0000000000  0.2730146793  0.0000000012  0.0785652150 -0.0000000000 -0.0000928886  0.0000000000  0.0000000036  0.0000000012 -0.0000000000 -0.0000000000 -0.0000000000  0.2972097005 -0.0000000000 -0.0002015715  0.0000000000  0.0000000011 -0.0000000000 -0.0000000000  0.1001695948 -0.0000000000  0.0000000011
  0.4000000000  0.0000000000  0.6666666667  0.3333333333  0.6666666667  0.0000000000  0.0584901093  0.0192109057  0.0584874702 -0.0011034225  0.0584868106 -0.0011034261  0.1630189139  0.0192109196 -0.0007442137  0.0192104444 -0.0007441805  0.0584902425 -0.0011034506  0.0584868780 -0.0011034542  0.0342047856 -0.0011034262  0.0342038152  0.0584880168 -0.0011033986  0.0342048150
  0.4000000000  0.0000000000  0.6666666667  0.3333333333  0.6666666667  0.3333333333  0.2785496941  0.0000000011  0.0781988053  0.0000000000  0.0030273347 -0.0000000000  0.0000000036  0.0000000011 -0.0000000000  0.0000000000 -0.0000000000  0.2937343134  0.0000000000  0.0032693932  0.0000000000  0.0000000011 -0.0000000000 -0.0000000000  0.0997606071  0.0000000000  0.0000000011
  0.4000000000  0.0000000000  0.6666666667  0.3333333333  0.6666666667  0.6666666667  0.2733442995  0.0000000012  0.0785890245 -0.0000000000 -0.0002068970 -0.0000000000  0.0000000036  0.0000000012 -0.0000000000 -0.0000000000 -0.0000000000  0.2966966727 -0.0000000000 -0.0003395203 -0.0000000000  0.0000000011  0.0000000000 -0.0000000000  0.1001745128 -0.0000000000  0.0000000011
  0.4000000000  0.0000000000  0.6666666667  0.3333333333  0.6666666667  1.0000000000  0.2731732243  0.0000000012  0.0785843220 -0.0000000000 -0.0001216619 -0.0000000000  0.0000000036  0.0000000012 -0.0000000000 -0.0000000000 -0.0000000000  0.2970045764 -0.0000000000 -0.0002403198 -0.0000000000  0.0000000011  0.0000000000 -0.0000000000  0.1001834134 -0.0000000000  0.0000000011
  0.4000000000  0.0000000000  0.6666666667  0.3333333333  1.0000000000  0.0000000000  0.2964779618  0.0761284608  0.0000000011 -0.0000000000  0.0000000000 -0.0006297858  0.2783589019  0.0000000011  0.0000000000  0.0000000000 -0.0004334591  0.0000000036  0.0000000000  0.0000000000 -0.0000000000  0.0000000011  0.0000000000  0.0000000000  0.0000000011  0.0000000000  0.1013479567
  0.4000000000  0.0000000000  0.6666666667  0.3333333333  1.0000000000  0.3333333333  0.2787836450  0.0000000011  0.0780952812 -0.0000000000  0.0030503298 -0.0000000000  0.0000000036  0.0000000011  0.0000000000  0.0000000001 -0.0000000000  0.2934277661  0.0000000000  0.0032783241  0.0000000000  0.0000000011 -0.0000000000 -0.0000000000  0.0998865568  0.0000000000  0.0000000011
  0.4000000000  0.0000000000  0.6666666667  0.3333333333  1.0000000000  0.6666666667  0.2741895317  0.0000000012  0.0785387939 -0.0000000000 -0.0001609042 -0.0000000000  0.0000000036  0.0000000012 -0.0000000000 -0.0000000000 -0.0000000000  0.2968059665 -0.0000000000 -0.0002682195 -0.0000000000  0.0000000011  0.0000000000 -0.0000000000  0.0998697983 -0.0000000000  0.0000000011
  0.4000000000  0.0000000000  0.6666666667  0.3333333333  1.0000000000  1.0000000000  0.2731867190  0.0000000012  0.0785723646 -0.0000000000 -0.0001144699 -0.0000000000  0.0000000036  0.0000000012 -0.0000000000 -0.0000000000 -0.0000000000  0.2972144825 -0.0000000000 -0.0002128062 -0.0000000000  0.0000000011  0.0000000000 -0.0000000000  0.1001121760 -0.0000000000  0.0000000011
  0.4000000000  0.0000000000  0.6666666667  0.6666666667  0.0000000000  0.0000000000  0.1249748611  0.0205434087  0.0205514121 -0.0205200411  0.0174949582 -0.0174950442  0.0351968507  0.0351131094 -0.0351068739  0.0183883984 -0.0183853590  0.0351940023 -0.0351054565  0.0183827857 -0.0183854325  0.0351410516 -0.0183834840  0.0183836874  0.0259640882 -0.0259124973  0.0259624427
  0.4000000000  0.0000000000  0.6666666667  0.6666666667  0.0000000000  0.3333333333  0.2781555535  0.0000000011  0.0776066630 -0.0000000000  0.0016839899  0.0000000000  0.0000000036  0.0000000011 -0.0000000000  0.0000000000 -0.0000000000  0.2948120465 -0.0000000000  0.0018650185  0.0000000000  0.0000000011  0.0000000000 -0.0000000000  0.1003078874  0.0000000000  0.0000000011
  0.4000000000  0.0000000000  0.6666666667  0.6666666667  0.0000000000  0.6666666667  0.2750711869  0.0000000011  0.0765519390 -0.0000000000 -0.0006771913  0.0000000000  0.0000000036  0.0000000011 -0.0000000000 -0.0000000000 -0.0000000000  0.2978294021 -0.0000000000 -0.0006289113  0.0000000000  0.0000000011 -0.0000000000  0.0000000000  0.1017903352 -0.0000000000  0.0000000011
  0.4000000000  0.0000000000  0.6666666667  0.6666666667  0.0000000000  1.0000000000  0.2701276522  0.0000000011  0.0760110330 -0.0000000000 -0.0026590196  0.0000000000  0.0000000036  0.0000000011 -0.0000000000 -0.0000000000  0.0000000000  0.2984207261 -0.0000000000 -0.0027750321 -0.0000000000  0.0000000011 -0.0000000000  0.0000000000  0.1022210900 -0.0000000000  0.0000000011
  0.4000000000  0.0000000000  0.6666666667  0.6666666667  0.3333333333  0.0000000000  0.2962153770  0.0781603294  0.0000000010  0.0000000000  0.0000000000 -0.0050502050  0.2654363478  0.0000000010 -0.0000000000  0.0000000000 -0.0040143680  0.0000000036 -0.0000000000 -0.0000000000 -0.0000000001  0.0000000011 -0.0000000000  0.0000000000  0.0000000011  0.0000000000  0.1008618370
  0.4000000000  0.0000000000  0.6666666667  0.6666666667  0.3333333333  0.3333333333  0.2526553104  0.0432722102  0.0459455328 -0.0035675755  0.0001851657 -0.0000272078  0.1406210131  0.0172402842 -0.0070645223  0.0000655953  0.0001329692  0.1655534837 -0.0045460930  0.0000766734  0.0000387532  0.0092514628 -0.0000096638  0.0000188799  0.0551366773 -0.0039683095  0.0529661427
  0.4000000000  0.0000000000  0.6666666667  0.6666666667  0.3333333333  0.6666666667  0.2770695884  0.0000000011  0.0760167217 -0.0000000000 -0.0008173667  0.0000000000  0.0000000036  0.0000000011 -0.0000000000 -0.0000000000 -0.0000000000  0.2967701222 -0.0000000000 -0.0007411267 -0.0000000000  0.0000000011 -0.0000000000  0.0000000000  0.1019639062 -0.0000000000  0.0000000011
  0.4000000000  0.0000000000  0.6666666667  0.6666666667  0.3333333333  1.0000000000  0.2703567543  0.0000000011  0.0767552620 -0.0000000000 -0.0021649573  0.0000000000  0.0000000036  0.0000000011 -0.0000000000 -0.0000000000 -0.0000000000  0.2988979394 -0.0000000000 -0.0023739237 -0.0000000000  0.0000000011 -0.0000000000  0.0000000000  0.1018816041 -0.0000000000  0.0000000011
  0.4000000000  0.0000000000  0.6666666667  0.6666666667  0.6666666667  0.0000000000  0.2944927153  0.0757185752  0.0000000011 -0.0000000000  0.0000000000 -0.0023039141  0.2788333324  0.0000000011 -0.0000000000  0.0000000000 -0.0019169409  0.0000000036  0.0000000000  0.0000000000 -0.0000000000  0.0000000011 -0.0000000000  0.0000000000  0.0000000011 -0.0000000000  0.1019191603
  0.4000000000  0.0000000000  0.6666666667  0.6666666667  0.6666666667  0.3333333333  0.2570399781  0.0481051538  0.0450591320 -0.0014509599  0.0001561074 -0.0001111177  0.1529443694  0.0165203480 -0.0024736473  0.0000390615 -0.0000042282  0.1622757613 -0.0023708190  0.0000603205 -0.0000285706  0.0085602482 -0.0000174823 -0.0000055316  0.0536187710 -0.0017272709  0.0570611510
  0.4000000000  0.0000000000  0.6666666667  0.6666666667  0.6666666667  0.6666666667  0.2741167162  0.0000000012  0.0785263674 -0.0000000000 -0.0003875369 -0.0000000000  0.0000000036  0.0000000012 -0.0000000000 -0.0000000000 -0.0000000000  0.2968832600  0.0000000000 -0.0004831833 -0.0000000000  0.0000000011 -0.0000000000 -0.0000000000  0.0999199949  0.0000000000  0.0000000011
  0.4000000000  0.0000000000  0.6666666667  0.6666666667  0.6666666667  1.0000000000  0.2706051113  0.0000000011  0.0753976925 -0.0000000000 -0.0015434514  0.0000000000  0.0000000036  0.0000000011 -0.0000000000 -0.0000000000 -0.0000000000  0.2996299802 -0.0000000000 -0.0016927319  0.0000000000  0.0000000011 -0.0000000000  0.0000000000  0.1020761420 -0.0000000000  0.0000000011
  0.4000000000  0.0000000000  0.6666666667  0.6666666667  1.0000000000  0.0000000000  0.2951337324  0.0761089298  0.0000000011 -0.0000000000  0.0000000000 -0.0012840712  0.2787906784  0.0000000011  0.0000000000  0.0000000000 -0.0009716253  0.0000000036  0.0000000000  0.0000000000 -0.0000000000  0.0000000011  0.0000000000  0.0000000000  0.0000000011 -0.0000000000  0.1017501217
  0.4000000000  0.0000000000  0.6666666667  0.6666666667  1.0000000000  0.3333333333  0.2915098568  0.0752822379  0.0000000011 -0.0000000000  0.0000000000 -0.0018085852  0.2809574166  0.0000000011  0.0000000000  0.0000000000 -0.0015761291  0.0000000036  0.0000000000 -0.0000000000 -0.0000000000  0.0000000011 -0.0000000000  0.0000000000  0.0000000011  0.0000000000  0.1023327251
  0.4000000000  0.0000000000  0.6666666667  0.6666666667  1.0000000000  0.6666666667  0.2573665139  0.0482562868  0.0455953624 -0.0006523893  0.0001651974 -0.0001479990  0.1534581823  0.0165072543 -0.0011094705  0.0000263284  0.0000599611  0.1627262948 -0.0010538325  0.0000463702 -0.0000284094  0.0085200490 -0.0000573903 -0.0000067611  0.0538194535 -0.0007876880  0.0569854541
  0.4000000000  0.0000000000  0.6666666667  0.6666666667  1.0000000000  1.0000000000  0.2677808248  0.0000000011  0.0751638863 -0.0000000000 -0.0022534495  0.0000000000  0.0000000036  0.0000000011 -0.0000000000 -0.0000000000 -0.0000000000  0.2991997769 -0.0000000000 -0.0024500836 -0.0000000000  0.0000000011 -0.0000000000 -0.0000000000  0.1018012751 -0.0000000000  0.0000000011
  0.4000000000  0.0000000000  0.6666666667  1.0000000000  0.0000000000  0.0000000000  0.2907020152  0.0782347605  0.0000000010  0.0000000000  0.0000000000 -0.0059372927  0.2667182949  0.0000000010  0.0000000000  0.0000000000 -0.0057811323  0.0000000036 -0.0000000000  0.0000000000 -0.0000000001  0.0000000011 -0.0000000000  0.0000000000  0.0000000011  0.0000000000  0.1017028986
  0.4000000000  0.0000000000  0.6666666667  1.0000000000  0.0000000000  0.3333333333  0.0585812862  0.0585773512  0.0190093067 -0.0017870828  0.0017870937 -0.0585765393  0.0585809823  0.0190092811 -0.0017870399  0.0017870514 -0.0585763862  0.1578006663 -0.0010395126  0.0010395548 -0.0190087565  0.0341311968 -0.0341297502  0.0017870039  0.0341311780 -0.0017869758  0.0585781794
  0.4000000000  0.0000000000  0.6666666667  1.0000000000  0.0000000000  0.6666666667  0.0584244388  0.0584219743  0.0192411230 -0.0011886417  0.0011886502 -0.0584214553  0.0584242979  0.0192411026 -0.0011886281  0.0011886366 -0.0584213849  0.1631692575 -0.0009048957  0.0009048871 -0.0192406595  0.0342379433 -0.0342370663  0.0011886201  0.0342379351 -0.0011886318  0.0584224424
  0.4000000000  0.0000000000  0.6666666667  1.0000000000  0.0000000000  1.0000000000  0.2689557540  0.0000000011  0.0752575523  0.0000000000 -0.0048106321 -0.0000000000  0.0000000036  0.0000000011  0.0000000000 -0.0000000000 -0.0000000000  0.2978278921  0.0000000000 -0.0052631587  0.0000000000  0.0000000011  0.0000000000 -0.0000000000  0.1011583527  0.0000000000  0.0000000011
  0.4000000000  0.0000000000  0.6666666667  1.0000000000  0.3333333333  0.0000000000  0.2930117192  0.0749730874  0.0000000010  0.0000000000  0.0000000000 -0.0045959896  0.2750424177  0.0000000011 -0.0000000000  0.0000000000 -0.0043766521  0.0000000036 -0.0000000000  0.0000000000 -0.0000000001  0.0000000011  0.0000000000  0.0000000000  0.0000000011  0.0000000000  0.1020637477
  0.4000000000  0.0000000000  0.6666666667  1.0000000000  0.3333333333  0.3333333333  0.2925954754  0.0760239518  0.0000000011 -0.0000000000  0.0000000000 -0.0048462646  0.2757175249  0.0000000011 -0.0000000000 -0.0000000000 -0.0043902049  0.0000000036 -0.0000000000 -0.0000000000 -0.0000000001  0.0000000011 -0.0000000000  0.0000000000  0.0000000011 -0.0000000000  0.1015087953
  0.4000000000  0.0000000000  0.6666666667  1.0000000000  0.3333333333  0.6666666667  0.2526693151  0.0420852335  0.0471487082 -0.0034651901  0.0000864090 -0.0001366803  0.1360409175  0.0174169020 -0.0076340964  0.0000977390  0.0000786927  0.1675392841 -0.0038571594  0.0000391895  0.0001579744  0.0095025489 -0.0000063337 -0.0000060273  0.0559961207 -0.0038356718  0.0517894690
  0.4000000000  0.0000000000  0.6666666667  1.0000000000  0.3333333333  1.0000000000  0.2707205769  0.0000000011  0.0764338417 -0.0000000000 -0.0043596631 -0.0000000000  0.0000000036  0.0000000011 -0.0000000000 -0.0000000000 -0.0000000000  0.2972760034  0.0000000000 -0.0049672479 -0.0000000000  0.0000000011 -0.0000000000 -0.0000000000  0.1009972661 -0.0000000000  0.0000000011
  0.4000000000  0.0000000000  0.6666666667  1.0000000000  0.6666666667  0.0000000000  0.2907645492  0.0790187699  0.0000000011 -0.0000000000  0.0000000000 -0.0055356886  0.2724158909  0.0000000011 -0.0000000000 -0.0000000000 -0.0047609263  0.0000000036 -0.0000000000 -0.0000000000 -0.0000000000  0.0000000011 -0.0000000000 -0.0000000000  0.0000000011 -0.0000000000  0.1011105502
  0.4000000000  0.0000000000  0.6666666667  1.0000000000  0.6666666667  0.3333333333  0.2947833105  0.0754017611  0.0000000011  0.0000000000  0.0000000001 -0.0022899172  0.2774409417  0.0000000011 -0.0000000000  0.0000000000 -0.0023334139  0.0000000036 -0.0000000000  0.0000000000 -0.0000000000  0.0000000011  0.0000000000  0.0000000000  0.0000000011  0.0000000000  0.1021616805
  0.4000000000  0.0000000000  0.6666666667  1.0000000000  0.6666666667  0.6666666667  0.2571971520  0.0481165353  0.0451621194 -0.0013650928  0.0000520105 -0.0000400136  0.1530048673  0.0165179809 -0.0023344246  0.0000097242 -0.0000014967  0.1623475115 -0.0022419903  0.0000129486 -0.0000111796  0.0085527145 -0.0000059175 -0.0000007309  0.0536523314 -0.0016274086  0.0570368221
  0.4000000000  0.0000000000  0.6666666667  1.0000000000  0.6666666667  1.0000000000  0.2576697194  0.0482941351  0.0458065723 -0.0003445494 -0.0001266267  0.0001071866  0.1535811719  0.0165101440 -0.0005970994 -0.0000370625 -0.0000396127  0.1628287255 -0.0005581947 -0.0000920613  0.0000304616  0.0085132109  0.0000292783  0.0000130731  0.0539112089 -0.0004109612  0.0569682622
  0.4000000000  0.0000000000  0.6666666667  1.0000000000  1.0000000000  0.0000000000  0.2922065724  0.0754274275  0.0000000011 -0.0000000000  0.0000000000 -0.0018514797  0.2803972052  0.0000000011  0.0000000000  0.0000000000 -0.0016401421  0.0000000036  0.0000000000  0.0000000000 -0.0000000000  0.0000000011 -0.0000000000  0.0000000000  0.0000000011  0.0000000000  0.1022292204
  0.4000000000  0.0000000000  0.6666666667  1.0000000000  1.0000000000  0.3333333333  0.2943955568  0.0756526878  0.0000000011  0.0000000000  0.0000000000 -0.0007750857  0.2789955290  0.0000000011 -0.0000000000  0.0000000000 -0.0008599133  0.0000000036 -0.0000000000  0.0000000000 -0.0000000000  0.0000000011  0.0000000000  0.0000000000  0.0000000011  0.0000000000  0.1020454339
  0.4000000000  0.0000000000  0.6666666667  1.0000000000  1.0000000000  0.6666666667  0.2576225400  0.0482981415  0.0457930155 -0.0003298495  0.0000931993 -0.0000714040  0.1535908976  0.0165076715 -0.0005739652  0.0000265730  0.0000255539  0.1628134180 -0.0005325598  0.0000652342 -0.0000212896  0.0085042131 -0.0000189555 -0.0000093895  0.0538963426 -0.0003901837  0.0569679117
  0.4000000000  0.0000000000  0.6666666667  1.0000000000  1.0000000000  1.0000000000  0.2574627698  0.0482944744  0.0457587495 -0.0002967961  0.0000427318 -0.0000215396  0.1535907258  0.0165047227 -0.0005298005  0.0000111594  0.0000059039  0.1628059295 -0.0004893806  0.0000265067 -0.0000079021  0.0084941853 -0.0000051542 -0.0000037742  0.0538731812 -0.0003481759  0.0569613334
  0.4000000000  0.0000000000  1.0000000000  0.0000000000  0.0000000000  0.0000000000  0.2672408739  0.0000000011  0.0790054396  0.0000000000  0.0067009128 -0.0000000000  0.0000000036  0.0000000011 -0.0000000000  0.0000000000 -0.0000000000  0.2875137587 -0.0000000000  0.0072564450  0.0000000000  0.0000000011 -0.0000000000 -0.0000000000  0.1013171234 -0.0000000000  0.0000000011
  0.4000000000  0.0000000000  1.0000000000  0.0000000000  0.0000000000  0.3333333333  0.2665697184  0.0000000011  0.0785972346 -0.0000000000  0.0049017393 -0.0000000000  0.0000000036  0.0000000010 -0.0000000000  0.0000000001 -0.0000000000  0.2923141190 -0.0000000000  0.0051507884 -0.0000000000  0.0000000011 -0.0000000000 -0.0000000000  0.1013995230 -0.0000000000  0.0000000011
  0.4000000000  0.0000000000  1.0000000000  0.0000000000  0.0000000000  0.6666666667  0.2699521449  0.0000000012  0.0787356793 -0.0000000000  0.0015447267 -0.0000000000  0.0000000036  0.0000000011 -0.0000000000  0.0000000000 -0.0000000000  0.2951224961 -0.0000000000  0.0015205899  0.0000000000  0.0000000011 -0.0000000000 -0.0000000000  0.1009594283 -0.0000000000  0.0000000011
  0.4000000000  0.0000000000  1.0000000000  0.0000000000  0.0000000000  1.0000000000  0.2726588979  0.0000000012  0.0785428563  0.0000000000 -0.0000000000 -0.0000000000  0.0000000036  0.0000000011 -0.0000000000  0.0000000000 -0.0000000000  0.2962768404 -0.0000000000 -0.0000000000  0.0000000000  0.0000000011 -0.0000000000 -0.0000000000  0.1005244767 -0.0000000000  0.0000000011
  0.4000000000  0.0000000000  1.0000000000  0.0000000000  0.3333333333  0.0000000000  0.2672191419  0.0000000011  0.0789808942 -0.0000000000  0.0067423038 -0.0000000000  0.0000000036  0.0000000011 -0.0000000000  0.0000000000 -0.0000000000  0.2873593094 -0.0000000000  0.0072800581  0.0000000000  0.0000000011 -0.0000000000 -0.0000000000  0.1013054315 -0.0000000000  0.0000000011
  0.4000000000  0.0000000000  1.0000000000  0.0000000000  0.3333333333  0.3333333333  0.2666630164  0.0000000011  0.0785656446  0.0000000000  0.0048458918 -0.0000000000  0.0000000036  0.0000000010 -0.0000000000  0.0000000001 -0.0000000000  0.2924837043 -0.0000000000  0.0050989230 -0.0000000000  0.0000000011 -0.0000000000 -0.0000000000  0.1013553574 -0.0000000000  0.0000000011
  0.4000000000  0.0000000000  1.0000000000  0.0000000000  0.3333333333  0.6666666667  0.2727078070  0.0000000012  0.0785612147 -0.0000000000  0.0000628332 -0.0000000000  0.0000000036  0.0000000011 -0.0000000000  0.0000000000 -0.0000000000  0.2958920778 -0.0000000000  0.0000791867 -0.0000000000  0.0000000011 -0.0000000000 -0.0000000000  0.1005985623 -0.0000000000  0.0000000011
  0.4000000000  0.0000000000  1.0000000000  0.0000000000  0.3333333333  1.0000000000  0.2727125534  0.0000000012  0.0785603469  0.0000000000 -0.0000000000 -0.0000000000  0.0000000036  0.0000000011 -0.0000000000  0.0000000000 -0.0000000000  0.2958429495 -0.0000000000 -0.0000000000 -0.0000000000  0.0000000011 -0.0000000000 -0.0000000000  0.1006093591 -0.0000000000  0.0000000011
  0.4000000000  0.0000000000  1.0000000000  0.0000000000  0.6666666667  0.0000000000  0.2657059813  0.0000000010  0.0786078270 -0.0000000000  0.0053289624 -0.0000000000  0.0000000036  0.0000000010 -0.0000000000  0.0000000001 -0.0000000000  0.2917545102 -0.0000000000  0.0056920537  0.0000000000  0.0000000011 -0.0000000000 -0.0000000000  0.1015658608 -0.0000000000  0.0000000011
  0.4000000000  0.0000000000  1.0000000000  0.0000000000  0.6666666667  0.3333333333  0.2666745887  0.0000000011  0.0788346584 -0.0000000000  0.0043744129 -0.0000000000  0.0000000036  0.0000000011 -0.0000000000  0.0000000000 -0.0000000000  0.2927507933 -0.0000000000  0.0045772350  0.0000000000  0.0000000011 -0.0000000000 -0.0000000000  0.1014963514 -0.0000000000  0.0000000011
  0.4000000000  0.0000000000  1.0000000000  0.0000000000  0.6666666667  0.6666666667  0.2726991021  0.0000000012  0.0785589427  0.0000000000  0.0000573521 -0.0000000000  0.0000000036  0.0000000011 -0.0000000000  0.0000000000 -0.0000000000  0.2958475277 -0.0000000000  0.0000656191  0.0000000000  0.0000000011 -0.0000000000 -0.0000000000  0.1006081269 -0.0000000000  0.0000000011
  0.4000000000  0.0000000000  1.0000000000  0.0000000000  0.6666666667  1.0000000000  0.2727169321  0.0000000012  0.0785619609 -0.0000000000 -0.0000000000 -0.0000000000  0.0000000036  0.0000000011 -0.0000000000 -0.0000000000 -0.0000000000  0.2958368943 -0.0000000000 -0.0000000000  0.0000000000  0.0000000011 -0.0000000000 -0.0000000000  0.1006099175 -0.0000000000  0.0000000011
  0.4000000000  0.0000000000  1.0000000000  0.0000000000  1.0000000000  0.0000000000  0.2658858418  0.0000000010  0.0786102963  0.0000000000  0.0053584274 -0.0000000000  0.0000000036  0.0000000010 -0.0000000000  0.0000000001 -0.0000000000  0.2915306995 -0.0000000000  0.0056686868  0.0000000000  0.0000000011 -0.0000000000 -0.0000000000  0.1015736820 -0.0000000000  0.0000000011
  0.4000000000  0.0000000000  1.0000000000  0.0000000000  1.0000000000  0.3333333333  0.2667075597  0.0000000011  0.0788734710 -0.0000000000  0.0043389201 -0.0000000000  0.0000000036  0.0000000011 -0.0000000000  0.0000000000 -0.0000000000  0.2927066480 -0.0000000000  0.0045299724 -0.0000000000  0.0000000011 -0.0000000000 -0.0000000000  0.1015297627 -0.0000000000  0.0000000011
  0.4000000000  0.0000000000  1.0000000000  0.0000000000  1.0000000000  0.6666666667  0.2727104696  0.0000000012  0.0785621921  0.0000000000  0.0000544906 -0.0000000000  0.0000000036  0.0000000011 -0.0000000000  0.0000000000 -0.0000000000  0.2958415271 -0.0000000000  0.0000619382 -0.0000000000  0.0000000011 -0.0000000000 -0.0000000000  0.1006081220 -0.0000000000  0.0000000011
  0.4000000000  0.0000000000  1.0000000000  0.0000000000  1.0000000000  1.0000000000  0.2726610841  0.0000000012  0.0785446000  0.0000000000 -0.0000000000 -0.0000000000  0.0000000036  0.0000000011 -0.0000000000 -0.0000000000 -0.0000000000  0.2962843457 -0.0000000000 -0.0000000000 -0.0000000000  0.0000000011 -0.0000000000 -0.0000000000  0.1005231436 -0.0000000000  0.0000000011
  0.4000000000  0.0000000000  1.0000000000  0.3333333333  0.0000000000  0.0000000000  0.2661391570  0.0000000010  0.0782203206 -0.0000000000  0.0057798921  0.0000000000  0.0000000036  0.0000000010 -0.0000000000  0.0000000001 -0.0000000000  0.2909743809 -0.0000000000  0.0059516825  0.0000000000  0.0000000011  0.0000000000 -0.0000000000  0.1017225515 -0.0000000000  0.0000000011
  0.4000000000  0.0000000000  1.0000000000  0.3333333333  0.0000000000  0.3333333333  0.2665795666  0.0000000011  0.0788530649 -0.0000000000  0.0044059354  0.0000000000  0.0000000036  0.0000000011 -0.0000000000  0.0000000000 -0.0000000000  0.2927989715 -0.0000000000  0.0046504550  0.0000000000  0.0000000011  0.0000000000 -0.0000000000  0.1015446378 -0.0000000000  0.0000000011
  0.4000000000  0.0000000000  1.0000000000  0.3333333333  0.0000000000  0.6666666667  0.2725905731  0.0000000012  0.0785394794 -0.0000000000  0.0000375897 -0.0000000000  0.0000000036  0.0000000011 -0.0000000000  0.0000000000 -0.0000000000  0.2962840919 -0.0000000000  0.0000356625  0.0000000000  0.0000000011  0.0000000000 -0.0000000000  0.1005302989 -0.0000000000  0.0000000011
  0.4000000000  0.0000000000  1.0000000000  0.3333333333  0.0000000000  1.0000000000  0.2727166565  0.0000000012  0.0785617644 -0.0000000000 -0.0000199356  0.0000000000  0.0000000036  0.0000000011 -0.0000000000 -0.0000000000 -0.0000000000  0.2958913373  0.0000000000 -0.0000129906  0.0000000000  0.0000000011  0.0000000000 -0.0000000000  0.1006001412  0.0000000000  0.0000000011
  0.4000000000  0.0000000000  1.0000000000  0.3333333333  0.3333333333  0.0000000000  0.2657577505  0.0000000010  0.0782944784 -0.0000000000  0.0057933589  0.0000000000  0.0000000036  0.0000000010 -0.0000000000  0.0000000001 -0.0000000000  0.2910072783 -0.0000000000  0.0059960616  0.0000000000  0.0000000011  0.0000000000 -0.0000000000  0.1017933204 -0.0000000000  0.0000000011
  0.4000000000  0.0000000000  1.0000000000  0.3333333333  0.3333333333  0.3333333333  0.2666800926  0.0000000011  0.0789160455 -0.0000000000  0.0043196657  0.0000000000  0.0000000036  0.0000000011 -0.0000000000  0.0000000000 -0.0000000000  0.2927191677 -0.0000000000  0.0045185451  0.0000000000  0.0000000011  0.0000000000 -0.0000000000  0.1015757407 -0.0000000000  0.0000000011
  0.4000000000  0.0000000000  1.0000000000  0.3333333333  0.3333333333  0.6666666667  0.2726167425  0.0000000012  0.0785425571 -0.0000000000  0.0000285035 -0.0000000000  0.0000000036  0.0000000011 -0.0000000000  0.0000000000 -0.0000000000  0.2962964534 -0.0000000000  0.0000264856  0.0000000000  0.0000000011  0.0000000000 -0.0000000000  0.1005251147 -0.0000000000  0.0000000011
  0.4000000000  0.0000000000  1.0000000000  0.3333333333  0.3333333333  1.0000000000  0.2727281711  0.0000000012  0.0785653488 -0.0000000000 -0.0000215781  0.0000000000  0.0000000036  0.0000000011 -0.0000000000 -0.0000000000 -0.0000000000  0.2958774521 -0.0000000000 -0.0000161667  0.0000000000  0.0000000011  0.0000000000 -0.0000000000  0.1006009651  0.0000000000  0.0000000011
  0.4000000000  0.0000000000  1.0000000000  0.3333333333  0.6666666667  0.0000000000  0.0586077364  0.0191664808  0.0586041832 -0.0019275175  0.0586032432 -0.0019275294  0.1538492459  0.0191665056 -0.0013837205  0.0191660257 -0.0013837294  0.0586080387 -0.0019275561  0.0586033963 -0.0019275682  0.0343732267 -0.0019274745  0.0343718557  0.0586049836 -0.0019274682  0.0343732768
  0.4000000000  0.0000000000  1.0000000000  0.3333333333  0.6666666667  0.3333333333  0.2669915444  0.0000000011  0.0783912242 -0.0000000000  0.0048852790  0.0000000000  0.0000000036  0.0000000010 -0.0000000000  0.0000000001 -0.0000000000  0.2928697488 -0.0000000000  0.0051739534  0.0000000000  0.0000000011  0.0000000000 -0.0000000000  0.1012157755 -0.0000000000  0.0000000011
  0.4000000000  0.0000000000  1.0000000000  0.3333333333  0.6666666667  0.6666666667  0.2726235911  0.0000000012  0.0785432129 -0.0000000000  0.0000249505 -0.0000000000  0.0000000036  0.0000000011 -0.0000000000  0.0000000000 -0.0000000000  0.2962995932 -0.0000000000  0.0000215189  0.0000000000  0.0000000011  0.0000000000 -0.0000000000  0.1005236114 -0.0000000000  0.0000000011
  0.4000000000  0.0000000000  1.0000000000  0.3333333333  0.6666666667  1.0000000000  0.2727349132  0.0000000012  0.0785678035 -0.0000000000 -0.0000239785  0.0000000000  0.0000000036  0.0000000011 -0.0000000000 -0.0000000000 -0.0000000000  0.2958581856 -0.0000000000 -0.0000196330  0.0000000000  0.0000000011  0.0000000000 -0.0000000000  0.1006031991  0.0000000000  0.0000000011
  0.4000000000  0.0000000000  1.0000000000  0.3333333333  1.0000000000  0.0000000000  0.0586139075  0.0191360791  0.0586104352 -0.0016892555  0.0586095349 -0.0016892244  0.1580964348  0.0191361084 -0.0010545591  0.0191355631 -0.0010544278  0.0586141042 -0.0016893250  0.0586096378 -0.0016892942  0.0341811316 -0.0016892058  0.0341798063  0.0586111883 -0.0016892036  0.0341811915
  0.4000000000  0.0000000000  1.0000000000  0.3333333333  1.0000000000  0.3333333333  0.2670793202  0.0000000011  0.0783646365 -0.0000000000  0.0048312380  0.0000000000  0.0000000036  0.0000000010 -0.0000000000  0.0000000001 -0.0000000000  0.2930235824 -0.0000000000  0.0051258426  0.0000000000  0.0000000011  0.0000000000 -0.0000000000  0.1011866480 -0.0000000000  0.0000000011
  0.4000000000  0.0000000000  1.0000000000  0.3333333333  1.0000000000  0.6666666667  0.2726296628  0.0000000012  0.0785438791 -0.0000000000  0.0000211220 -0.0000000000  0.0000000036  0.0000000011 -0.0000000000  0.0000000000 -0.0000000000  0.2963019578 -0.0000000000  0.0000159459  0.0000000000  0.0000000011  0.0000000000 -0.0000000000  0.1005222366 -0.0000000000  0.0000000011
  0.4000000000  0.0000000000  1.0000000000  0.3333333333  1.0000000000  1.0000000000  0.2727401976  0.0000000012  0.0785700159 -0.0000000000 -0.0000260865  0.0000000000  0.0000000036  0.0000000011 -0.0000000000 -0.0000000000 -0.0000000000  0.2958384069 -0.0000000000 -0.0000224991  0.0000000000  0.0000000011  0.0000000000 -0.0000000000  0.1006055535  0.0000000000  0.0000000011
  0.4000000000  0.0000000000  1.0000000000  0.6666666667  0.0000000000  0.0000000000  0.0252512891  0.0244788218  0.0246943147 -0.0242572531  0.0246137131 -0.0242926987  0.0256474768  0.0244828929 -0.0242955365  0.0243123242 -0.0242917645  0.0252466079 -0.0242956592  0.0246131144 -0.0242605352  0.0247753617 -0.0242508236  0.0244244862  0.0248750433 -0.0242572104  0.0247812753
  0.4000000000  0.0000000000  1.0000000000  0.6666666667  0.0000000000  0.3333333333  0.2728383471  0.0000000012  0.0785611917 -0.0000000000  0.0001188151 -0.0000000000  0.0000000036  0.0000000012 -0.0000000000  0.0000000000 -0.0000000000  0.2960219603 -0.0000000000  0.0001707598 -0.0000000000  0.0000000011 -0.0000000000 -0.0000000000  0.1005417652 -0.0000000000  0.0000000011
  0.4000000000  0.0000000000  1.0000000000  0.6666666667  0.0000000000  0.6666666667  0.2777801997  0.0000000011  0.0756546565 -0.0000000000 -0.0010517211  0.0000000000  0.0000000036  0.0000000011 -0.0000000000 -0.0000000000 -0.0000000000  0.2961547046 -0.0000000000 -0.0008930444  0.0000000000  0.0000000011 -0.0000000000  0.0000000000  0.1021158046 -0.0000000000  0.0000000011
  0.4000000000  0.0000000000  1.0000000000  0.6666666667  0.0000000000  1.0000000000  0.2743824403  0.0000000011  0.0760944930 -0.0000000000 -0.0021901450  0.0000000000  0.0000000036  0.0000000011 -0.0000000000 -0.0000000000 -0.0000000000  0.2958654229 -0.0000000000 -0.0021539897 -0.0000000000  0.0000000011 -0.0000000000  0.0000000000  0.1024470856 -0.0000000000  0.0000000011
  0.4000000000  0.0000000000  1.0000000000  0.6666666667  0.3333333333  0.0000000000  0.0536750712  0.0218664582  0.0536722081 -0.0054767368  0.0536714934 -0.0054767846  0.1411497689  0.0218663479 -0.0039561248  0.0218656585 -0.0039563052  0.0536752764 -0.0054766865  0.0536715969 -0.0054767236  0.0338615006 -0.0054766780  0.0338601838  0.0536727422 -0.0054766559  0.0338615250
  0.4000000000  0.0000000000  1.0000000000  0.6666666667  0.3333333333  0.3333333333  0.2727680756  0.0000000012  0.0785752272 -0.0000000000  0.0000861452 -0.0000000000  0.0000000036  0.0000000011 -0.0000000000  0.0000000000 -0.0000000000  0.2959650303 -0.0000000000  0.0001184920 -0.0000000000  0.0000000011  0.0000000000 -0.0000000000  0.1005638790  0.0000000000  0.0000000011
  0.4000000000  0.0000000000  1.0000000000  0.6666666667  0.3333333333  0.6666666667  0.2772842395  0.0000000011  0.0762245016 -0.0000000000 -0.0004331138  0.0000000000  0.0000000036  0.0000000011 -0.0000000000 -0.0000000000 -0.0000000000  0.2962469203 -0.0000000000 -0.0002728521 -0.0000000000  0.0000000011 -0.0000000000  0.0000000000  0.1020810389 -0.0000000000  0.0000000011
  0.4000000000  0.0000000000  1.0000000000  0.6666666667  0.3333333333  1.0000000000  0.2736801802  0.0000000011  0.0761545642 -0.0000000000 -0.0022412737  0.0000000000  0.0000000036  0.0000000011 -0.0000000000 -0.0000000000  0.0000000000  0.2958693959 -0.0000000000 -0.0022047933 -0.0000000000  0.0000000011 -0.0000000000  0.0000000000  0.1025601087 -0.0000000000  0.0000000011
  0.4000000000  0.0000000000  1.0000000000  0.6666666667  0.6666666667  0.0000000000  0.0580412316  0.0199061715  0.0580384770 -0.0019473585  0.0580377018 -0.0019474001  0.1520330242  0.0199061490 -0.0019562918  0.0199056267 -0.0019565582  0.0580416229 -0.0019472611  0.0580378938 -0.0019473018  0.0349582029 -0.0019473052  0.0349570372  0.0580390476 -0.0019472815  0.0349581671
  0.4000000000  0.0000000000  1.0000000000  0.6666666667  0.6666666667  0.3333333333  0.2728958327  0.0000000012  0.0785782921 -0.0000000000  0.0001272048 -0.0000000000  0.0000000036  0.0000000012 -0.0000000000  0.0000000000 -0.0000000000  0.2959625607 -0.0000000000  0.0001706393 -0.0000000000  0.0000000011 -0.0000000000 -0.0000000000  0.1005500074 -0.0000000000  0.0000000011
  0.4000000000  0.0000000000  1.0000000000  0.6666666667  0.6666666667  0.6666666667  0.2728181451  0.0000000012  0.0785431377 -0.0000000000 -0.0000845957  0.0000000000  0.0000000036  0.0000000012 -0.0000000000 -0.0000000000 -0.0000000000  0.2962814770 -0.0000000000 -0.0001080128  0.0000000000  0.0000000011 -0.0000000000 -0.0000000000  0.1004970158 -0.0000000000  0.0000000011
  0.4000000000  0.0000000000  1.0000000000  0.6666666667  0.6666666667  1.0000000000  0.2748581214  0.0000000011  0.0760291174 -0.0000000000 -0.0021531044  0.0000000000  0.0000000036  0.0000000011 -0.0000000000 -0.0000000000 -0.0000000000  0.2952296225 -0.0000000000 -0.0021131171 -0.0000000000  0.0000000011 -0.0000000000  0.0000000000  0.1025056928 -0.0000000000  0.0000000011
  0.4000000000  0.0000000000  1.0000000000  0.6666666667  1.0000000000  0.0000000000  0.0583340382  0.0198249395  0.0583312477 -0.0017546420  0.0583304661 -0.0017546726  0.1543090429  0.0198249703 -0.0016571776  0.0198243268 -0.0016573496  0.0583344016 -0.0017545863  0.0583306449 -0.0017546160  0.0347685691 -0.0017545996  0.0347673870  0.0583318165 -0.0017545886  0.0347685160
  0.4000000000  0.0000000000  1.0000000000  0.6666666667  1.0000000000  0.3333333333  0.2728981273  0.0000000012  0.0785882612 -0.0000000000  0.0001063486 -0.0000000000  0.0000000036  0.0000000012 -0.0000000000  0.0000000000 -0.0000000000  0.2959807531 -0.0000000000  0.0001389106 -0.0000000000  0.0000000011  0.0000000000 -0.0000000000  0.1005471054 -0.0000000000  0.0000000011
  0.4000000000  0.0000000000  1.0000000000  0.6666666667  1.0000000000  0.6666666667  0.2728358766  0.0000000012  0.0785525694 -0.0000000000 -0.0000672983  0.0000000000  0.0000000036  0.0000000012 -0.0000000000 -0.0000000000 -0.0000000000  0.2964135276 -0.0000000000 -0.0001040919  0.0000000000  0.0000000011  0.0000000000 -0.0000000000  0.1004562173 -0.0000000000  0.0000000011
  0.4000000000  0.0000000000  1.0000000000  0.6666666667  1.0000000000  1.0000000000  0.2751216081  0.0000000011  0.0762192345 -0.0000000000 -0.0020665227  0.0000000000  0.0000000036  0.0000000011 -0.0000000000 -0.0000000000 -0.0000000000  0.2953575545 -0.0000000000 -0.0020244755 -0.0000000000  0.0000000011 -0.0000000000  0.0000000000  0.1023873250 -0.0000000000  0.0000000011
  0.4000000000  0.0000000000  1.0000000000  1.0000000000  0.0000000000  0.0000000000  0.0342135618  0.0207955944  0.0341275865 -0.0189647571  0.0341189944 -0.0189626557  0.1169535252  0.0207878747 -0.0182545726  0.0207624031 -0.0182559459  0.0342178749 -0.0189636843  0.0341209904 -0.0189673497  0.0260955173 -0.0189624172  0.0260418949  0.0341576350 -0.0189621916  0.0260972458
  0.4000000000  0.0000000000  1.0000000000  1.0000000000  0.0000000000  0.3333333333  0.1094183728  0.0393028233  0.0283360401 -0.0038591806 -0.0132705150 -0.0295192990  0.1057748666  0.0388803362 -0.0345580250  0.0073025200 -0.0329396169  0.0996449125 -0.0300398613 -0.0125276018 -0.0032722936  0.0404776533 -0.0098880795  0.0036210384  0.0322338585 -0.0114820910  0.0393977851
  0.4000000000  0.0000000000  1.0000000000  1.0000000000  0.0000000000  0.6666666667  0.1030026303  0.0421888818  0.0322073925 -0.0005706304 -0.0228197644 -0.0336772882  0.1054962525  0.0398424662 -0.0371890424  0.0056618353 -0.0390758401  0.0977680076 -0.0324217418 -0.0227863916  0.0003914779  0.0406986619 -0.0080488110  0.0018326184  0.0351927876 -0.0080250793  0.0421318822
  0.4000000000  0.0000000000  1.0000000000  1.0000000000  0.0000000000  1.0000000000  0.2674783571  0.0000000010  0.0774752928  0.0000000000 -0.0049252578  0.0000000000  0.0000000036  0.0000000010  0.0000000000 -0.0000000001 -0.0000000000  0.2933752781  0.0000000000 -0.0051973579  0.0000000000  0.0000000011  0.0000000000 -0.0000000000  0.1015282538  0.0000000000  0.0000000011
  0.4000000000  0.0000000000  1.0000000000  1.0000000000  0.3333333333  0.0000000000  0.0508656648  0.0234626192  0.0508626365 -0.0063639858  0.0508619377 -0.0063639753  0.1496996086  0.0234625203 -0.0050906848  0.0234617363 -0.0050907069  0.0508657445 -0.0063640102  0.0508619772 -0.0063639926  0.0336277555 -0.0063639226  0.0336262737  0.0508631663 -0.0063639086  0.0336277568
  0.4000000000  0.0000000000  1.0000000000  1.0000000000  0.3333333333  0.3333333333  0.0508770074  0.0232103526  0.0508739901 -0.0062121861  0.0508732353 -0.0062121880  0.1496639999  0.0232101960 -0.0048771744  0.0232094595 -0.0048774179  0.0508772178 -0.0062121175  0.0508733481 -0.0062121132  0.0338015037 -0.0062120891  0.0338000522  0.0508745345 -0.0062120470  0.0338015526
  0.4000000000  0.0000000000  1.0000000000  1.0000000000  0.3333333333  0.6666666667  0.2032727517  0.0161252618  0.0519949010 -0.0072822907  0.0036202549 -0.0109424048  0.0469487823  0.0201057376 -0.0173843904  0.0047761275 -0.0136350848  0.1930092144 -0.0138014431  0.0037196531 -0.0061897631  0.0154394691 -0.0035725020  0.0055670858  0.0720387333 -0.0057323603  0.0168613907
  0.4000000000  0.0000000000  1.0000000000  1.0000000000  0.3333333333  1.0000000000  0.2711435067  0.0000000011  0.0756415170  0.0000000000 -0.0044313027 -0.0000000000  0.0000000036  0.0000000011 -0.0000000000 -0.0000000000 -0.0000000000  0.2952165961  0.0000000000 -0.0046589438  0.0000000000  0.0000000011  0.0000000000 -0.0000000000  0.1017442319  0.0000000000  0.0000000011
  0.4000000000  0.0000000000  1.0000000000  1.0000000000  0.6666666667  0.0000000000  0.0550113971  0.0218610027  0.0550086959 -0.0027360660  0.0550080038 -0.0027361058  0.1512842832  0.0218609211 -0.0025688220  0.0218602411 -0.0025689835  0.0550115939 -0.0027360309  0.0550081022 -0.0027360629  0.0355002243 -0.0027360257  0.0354989596  0.0550091652 -0.0027360111  0.0355002419
  0.4000000000  0.0000000000  1.0000000000  1.0000000000  0.6666666667  0.3333333333  0.0560519863  0.0213285265  0.0560488969 -0.0023695648  0.0560480910 -0.0023696106  0.1512566038  0.0213284776 -0.0023623449  0.0213277654 -0.0023624924  0.0560522665 -0.0023695344  0.0560482279 -0.0023695706  0.0354233548 -0.0023695096  0.0354219659  0.0560494927 -0.0023695125  0.0354233219
  0.4000000000  0.0000000000  1.0000000000  1.0000000000  0.6666666667  0.6666666667  0.1511664598  0.0234891997  0.0569249581 -0.0001009259  0.0177327270 -0.0004036407  0.1318556084  0.0244060533  0.0002722666  0.0111631688 -0.0006356824  0.1760427734  0.0002246087  0.0171488688 -0.0001205102  0.0251345210 -0.0001336615  0.0172303132  0.0661753972 -0.0001601426  0.0260353965
  0.4000000000  0.0000000000  1.0000000000  1.0000000000  0.6666666667  1.0000000000  0.2712876802  0.0000000011  0.0791268319  0.0000000000 -0.0054877302 -0.0000000000  0.0000000036  0.0000000011 -0.0000000000 -0.0000000001 -0.0000000000  0.2904221994 -0.0000000000 -0.0064200146  0.0000000000  0.0000000011 -0.0000000000 -0.0000000000  0.1013903131 -0.0000000000  0.0000000011
  0.4000000000  0.0000000000  1.0000000000  1.0000000000  1.0000000000  0.0000000000  0.0564318870  0.0212772825  0.0564289257 -0.0020967083  0.0564281300 -0.0020967859  0.1511261340  0.0212772596 -0.0022692714  0.0212765738 -0.0022694485  0.0564322461 -0.0020966591  0.0564283014 -0.0020967291  0.0353823682 -0.0020966785  0.0353810100  0.0564295230 -0.0020966619  0.0353823219
  0.4000000000  0.0000000000  1.0000000000  1.0000000000  1.0000000000  0.3333333333  0.0585564439  0.0197770246  0.0585532797 -0.0011859252  0.0585524065 -0.0011859773  0.1574639748  0.0197771482 -0.0011355857  0.0197763176 -0.0011357403  0.0585567966 -0.0011858898  0.0585525812 -0.0011859410  0.0347259339 -0.0011858939  0.0347245905  0.0585539216 -0.0011858934  0.0347258311
  0.4000000000  0.0000000000  1.0000000000  1.0000000000  1.0000000000  0.6666666667  0.1511417777  0.0235914260  0.0568920101 -0.0000112867  0.0177060580 -0.0000239120  0.1328090292  0.0244851759  0.0000146684  0.0111963052 -0.0000375868  0.1761204343  0.0000111427  0.0170951655 -0.0000126948  0.0252475531 -0.0000174973  0.0173079017  0.0660618554 -0.0000212372  0.0261795065
  0.4000000000  0.0000000000  1.0000000000  1.0000000000  1.0000000000  1.0000000000  0.2721630585  0.0000000011  0.0789392043 -0.0000000000 -0.0048121540  0.0000000000  0.0000000036  0.0000000011 -0.0000000000 -0.0000000001 -0.0000000000  0.2917539742  0.0000000000 -0.0056646111 -0.0000000000  0.0000000011 -0.0000000000 -0.0000000000  0.1010952783  0.0000000000  0.0000000011
