  0.8000000000  1.0000000000  0.0000000000  0.0000000000  0.0000000000  0.0000000000  0.7804200149  0.2369168379  0.1602626490 -0.0000000000 -0.0000000000 -0.0000000000  0.6980255909  0.1408230118 -0.0000000000  0.0000000000 -0.0000000000  0.4477762862 -0.0000000000 -0.0000000000  0.0000000000  0.1243017514 -0.0000000000 -0.0000000000  0.1580023388 -0.0000000000  0.2385848750
  0.8000000000  1.0000000000  0.0000000000  0.0000000000  0.0000000000  0.3333333333  0.7137384655  0.2043123412  0.1774100836  0.0328932515 -0.0000000000 -0.0000000000  0.5612117029  0.1706944948  0.0582801795 -0.0000000000 -0.0000000000  0.4979747430  0.0739288231 -0.0000000000  0.0000000000  0.1473346064 -0.0000000000 -0.0000000000  0.1719329251  0.0282496575  0.1988378804
  0.8000000000  1.0000000000  0.0000000000  0.0000000000  0.0000000000  0.6666666667  0.7740619192  0.2063344685  0.2046227983  0.0489310412 -0.0000000000 -0.0000000000  0.5296505406  0.1928456101  0.0859057216  0.0000000000 -0.0000000000  0.5289041908  0.0835302725 -0.0000000000 -0.0000000000  0.1715651954 -0.0000000000 -0.0000000000  0.1927186893  0.0427124129  0.1995680531
  0.8000000000  1.0000000000  0.0000000000  0.0000000000  0.0000000000  1.0000000000  0.7406537953  0.1899922981  0.1907188705  0.0594677363 -0.0000000000 -0.0000000000  0.4761917069  0.2113923798  0.1020631046  0.0000000000 -0.0000000000  0.4733927019  0.1004482323 -0.0000000000  0.0000000000  0.1957098753 -0.0000000000 -0.0000000000  0.1777657607  0.0649177373  0.1791114334
  0.8000000000  1.0000000000  0.0000000000  0.0000000000  0.3333333333  0.0000000000  0.7581907641  0.2196733149  0.1964412040 -0.0409892225 -0.0000000000 -0.0000000000  0.6177933458  0.1999912100 -0.0675801511  0.0000000000 -0.0000000000  0.5250545175 -0.0695063854 -0.0000000000 -0.0000000000  0.1958013116 -0.0000000000 -0.0000000000  0.1812240011 -0.0378214938  0.2012475170
  0.8000000000  1.0000000000  0.0000000000  0.0000000000  0.3333333333  0.3333333333  0.6514456896  0.1985002596  0.1859496179 -0.0148198411 -0.0000000000 -0.0000000000  0.6633183432  0.2217325085 -0.0246002025 -0.0000000000 -0.0000000000  0.6044056330 -0.0270745251 -0.0000000000 -0.0000000000  0.2167895849 -0.0000000000 -0.0000000000  0.1617070245 -0.0194253551  0.1832798177
  0.8000000000  1.0000000000  0.0000000000  0.0000000000  0.3333333333  0.6666666667  0.6509039725  0.2628101068  0.2622992301 -0.0016237735 -0.0000000000 -0.0000000000  0.6498820563  0.2628006234 -0.0031557418 -0.0000000000 -0.0000000000  0.6465686157 -0.0024595196 -0.0000000000  0.0000000000  0.1919075025 -0.0000000000 -0.0000000000  0.1904759151 -0.0014278145  0.1911390114
  0.8000000000  1.0000000000  0.0000000000  0.0000000000  0.3333333333  1.0000000000  0.6483081952  0.2629334013  0.2627378913 -0.0000873882 -0.0000000000 -0.0000000000  0.6512969579  0.2634971512 -0.0002868601  0.0000000000 -0.0000000000  0.6494922156  0.0000047769 -0.0000000000  0.0000000000  0.1923206417 -0.0000000000 -0.0000000000  0.1906634085 -0.0000217064  0.1907956953
  0.8000000000  1.0000000000  0.0000000000  0.0000000000  0.6666666667  0.0000000000  0.7356894849  0.2202783232  0.1938038453 -0.0408709305 -0.0000000000 -0.0000000000  0.6245651476  0.2103683326 -0.0686942106  0.0000000000 -0.0000000000  0.5192271296 -0.0698396894 -0.0000000000 -0.0000000000  0.2038295945 -0.0000000000 -0.0000000000  0.1768090297 -0.0403901195  0.1996605987
  0.8000000000  1.0000000000  0.0000000000  0.0000000000  0.6666666667  0.3333333333  0.6529957798  0.1975591274  0.1904234317 -0.0150549668 -0.0000000000 -0.0000000000  0.6627675682  0.2219540021 -0.0246967700 -0.0000000000 -0.0000000000  0.6184792150 -0.0294736508 -0.0000000000  0.0000000000  0.2158897813 -0.0000000000 -0.0000000000  0.1656362335 -0.0204334028  0.1806185287
  0.8000000000  1.0000000000  0.0000000000  0.0000000000  0.6666666667  0.6666666667  0.6434389642  0.1964154046  0.1872237572 -0.0144890093 -0.0000000000 -0.0000000000  0.6720442442  0.2223505210 -0.0240722142 -0.0000000000 -0.0000000000  0.6187504799 -0.0276128920 -0.0000000000  0.0000000000  0.2169343316 -0.0000000000 -0.0000000000  0.1612967465 -0.0189949101  0.1808826014
  0.8000000000  1.0000000000  0.0000000000  0.0000000000  0.6666666667  1.0000000000  0.6458760249  0.2610307894  0.2604583955 -0.0021004643 -0.0000000000 -0.0000000000  0.6521193813  0.2629859298 -0.0037091689  0.0000000000 -0.0000000000  0.6482519439 -0.0031094805 -0.0000000000 -0.0000000000  0.1933541348 -0.0000000000 -0.0000000000  0.1892071191 -0.0018431792  0.1896421679
  0.8000000000  1.0000000000  0.0000000000  0.0000000000  1.0000000000  0.0000000000  0.7263726902  0.2179680640  0.1980998206 -0.0386714444 -0.0000000000 -0.0000000000  0.6283602746  0.2184551965 -0.0647338929 -0.0000000000 -0.0000000000  0.5447950196 -0.0665544406 -0.0000000000  0.0000000000  0.2114676765 -0.0000000000 -0.0000000000  0.1796413538 -0.0396375551  0.1958896694
  0.8000000000  1.0000000000  0.0000000000  0.0000000000  1.0000000000  0.3333333333  0.6793063716  0.2098284247  0.2058997966 -0.0313794691 -0.0000000000 -0.0000000000  0.6495755004  0.2441541338 -0.0538626523  0.0000000000 -0.0000000000  0.6253398758 -0.0560136304 -0.0000000000 -0.0000000000  0.2318771975 -0.0000000000 -0.0000000000  0.1827673057 -0.0390185407  0.1828295297
  0.8000000000  1.0000000000  0.0000000000  0.0000000000  1.0000000000  0.6666666667  0.6779868331  0.2091708316  0.2062187878 -0.0308363649 -0.0000000000 -0.0000000000  0.6521776979  0.2443121986 -0.0524299335  0.0000000000 -0.0000000000  0.6280750378 -0.0546763430 -0.0000000000  0.0000000000  0.2322791850 -0.0000000000 -0.0000000000  0.1831125264 -0.0382908902  0.1823993073
  0.8000000000  1.0000000000  0.0000000000  0.0000000000  1.0000000000  1.0000000000  0.6435428319  0.2574237844  0.2557350706 -0.0041063353 -0.0000000000 -0.0000000000  0.6527156787  0.2612478056 -0.0073049599 -0.0000000000 -0.0000000000  0.6428033228 -0.0058523124 -0.0000000000  0.0000000000  0.1944386420 -0.0000000000 -0.0000000000  0.1864590103 -0.0039651172  0.1877734913
  0.8000000000  1.0000000000  0.0000000000  0.3333333333  0.0000000000  0.0000000000  0.7753914216  0.2364951399  0.1597876021 -0.0039122586  0.0090527735  0.0000480386  0.6976122150  0.1384744849 -0.0071670318  0.0035930062  0.0000045289  0.4395409093 -0.0091540511  0.0080049552 -0.0000409195  0.1235593392 -0.0003007627  0.0022060120  0.1551600110 -0.0024283250  0.2388890517
  0.8000000000  1.0000000000  0.0000000000  0.3333333333  0.0000000000  0.3333333333  0.7462574854  0.2070393201  0.1896123908  0.0269322763  0.0134049162 -0.0099060469  0.5830184954  0.1596387844  0.0563421118  0.0041778408 -0.0082145987  0.5620245579  0.0529594530  0.0127475387 -0.0046053507  0.1567715091 -0.0043645220  0.0021615864  0.1902641032  0.0200068552  0.2086821335
  0.8000000000  1.0000000000  0.0000000000  0.3333333333  0.0000000000  0.6666666667  0.6282785587  0.1701317258  0.1474464452  0.0233685845  0.0128441884 -0.0031049723  0.5313044230  0.1453959876  0.0690981744  0.0030010063 -0.0016747049  0.5496504288  0.0666223368  0.0117969782 -0.0012081147  0.1567871289 -0.0012190950  0.0023158748  0.1792778009  0.0218500706  0.1908572589
  0.8000000000  1.0000000000  0.0000000000  0.3333333333  0.0000000000  1.0000000000  0.6996367812  0.1891184418  0.1791044416  0.0410998390  0.0183955816 -0.0125283993  0.5301328785  0.1762657086  0.0860727200  0.0048056614 -0.0107337834  0.5149012270  0.0848558979  0.0165823556 -0.0037232656  0.1791352928 -0.0020479011  0.0030317394  0.1831058883  0.0393016247  0.1901154911
  0.8000000000  1.0000000000  0.0000000000  0.3333333333  0.3333333333  0.0000000000  0.7563107885  0.2176111849  0.2010106268 -0.0411606618  0.0040592977  0.0035884728  0.6066659245  0.2041743484 -0.0682112597  0.0010553657  0.0040383322  0.5363134245 -0.0698671254  0.0032741732  0.0014848174  0.1983110564  0.0011494595  0.0005893882  0.1850180114 -0.0382906857  0.1993688111
  0.8000000000  1.0000000000  0.0000000000  0.3333333333  0.3333333333  0.3333333333  0.6664305152  0.1995340551  0.1953335293 -0.0138115494  0.0066559993  0.0003847325  0.6585572104  0.2195894770 -0.0215967629  0.0018843092  0.0001695009  0.6261084353 -0.0257962441  0.0059563586  0.0004078753  0.2122336643  0.0001948154  0.0012772217  0.1711762022 -0.0167152062  0.1825281534
  0.8000000000  1.0000000000  0.0000000000  0.3333333333  0.3333333333  0.6666666667  0.6506809250  0.2631695086  0.2626900607 -0.0015189797  0.0004891399 -0.0000432696  0.6495352451  0.2630492359 -0.0028620443  0.0001755163  0.0002779052  0.6468850345 -0.0023466311  0.0002388900  0.0000638296  0.1920831462  0.0001358379  0.0000750211  0.1910713350 -0.0012600334  0.1916865624
  0.8000000000  1.0000000000  0.0000000000  0.3333333333  0.3333333333  1.0000000000  0.6488768434  0.2633488787  0.2631200156 -0.0001592232  0.0002596618 -0.0001033808  0.6504032653  0.2635789336 -0.0003226533  0.0000521563  0.0001618070  0.6491081684 -0.0001614305  0.0000340331  0.0000391167  0.1922437212  0.0001064802  0.0000071280  0.1912922581 -0.0001296987  0.1915053487
  0.8000000000  1.0000000000  0.0000000000  0.3333333333  0.6666666667  0.0000000000  0.7419755432  0.2189082200  0.1995902083 -0.0403248377 -0.0002926748  0.0027702577  0.6134319963  0.2114050119 -0.0678369646 -0.0015827587  0.0032294163  0.5320888172 -0.0691888163 -0.0013228590  0.0007693763  0.2046946229  0.0010055545 -0.0015049885  0.1827034159 -0.0392133524  0.1993266131
  0.8000000000  1.0000000000  0.0000000000  0.3333333333  0.6666666667  0.3333333333  0.6786041872  0.2083108566  0.2036120137 -0.0332249053  0.0046691179  0.0047240292  0.6447950517  0.2422184002 -0.0554428227  0.0013631059  0.0047013014  0.6172782904 -0.0570306323  0.0043745142  0.0010414480  0.2302188012  0.0003670039  0.0006444923  0.1804522067 -0.0407753642  0.1808057877
  0.8000000000  1.0000000000  0.0000000000  0.3333333333  0.6666666667  0.6666666667  0.6560241721  0.2026441223  0.1888670087 -0.0104814284  0.0048918232  0.0030985168  0.6841094947  0.2214671305 -0.0175152021  0.0013947284  0.0026132611  0.6229188852 -0.0194391344  0.0043240708  0.0013260884  0.2123757016  0.0011131794  0.0005553452  0.1555978637 -0.0123690765  0.1873808318
  0.8000000000  1.0000000000  0.0000000000  0.3333333333  0.6666666667  1.0000000000  0.6473616814  0.2621072696  0.2616159720 -0.0018294612 -0.0005476365  0.0003894891  0.6508382993  0.2632918598 -0.0032592225 -0.0005084411  0.0010406690  0.6484051555 -0.0027673743 -0.0012085324  0.0004163012  0.1927248022  0.0004622572 -0.0003726900  0.1901648700 -0.0015495506  0.1907227061
  0.8000000000  1.0000000000  0.0000000000  0.3333333333  1.0000000000  0.0000000000  0.7302432623  0.2202390229  0.1953317533 -0.0397762888  0.0042050404  0.0051318367  0.6264228545  0.2141064350 -0.0674610389  0.0004495751  0.0055213139  0.5258483446 -0.0688140326  0.0035666213  0.0008127526  0.2074739997  0.0006898508 -0.0000507506  0.1778224413 -0.0400435456  0.1987018657
  0.8000000000  1.0000000000  0.0000000000  0.3333333333  1.0000000000  0.3333333333  0.6802885968  0.2085940703  0.2043469693 -0.0330161173  0.0072694177  0.0093816682  0.6457633694  0.2422481534 -0.0561037907  0.0016079904  0.0091023907  0.6165081817 -0.0581819496  0.0062551768  0.0016847097  0.2307559664  0.0005786569  0.0004069154  0.1822747522 -0.0407795025  0.1818469464
  0.8000000000  1.0000000000  0.0000000000  0.3333333333  1.0000000000  0.6666666667  0.6523873312  0.2045800962  0.2009482177 -0.0317169936  0.0077924486  0.0077880870  0.6574488034  0.2452678708 -0.0540920586  0.0021076784  0.0075285826  0.6320437608 -0.0554042973  0.0072791218  0.0019725328  0.2333843875  0.0008231618  0.0008137129  0.1799550980 -0.0389059537  0.1777365745
  0.8000000000  1.0000000000  0.0000000000  0.3333333333  1.0000000000  1.0000000000  0.6466408140  0.2603491049  0.2591097832 -0.0032356467 -0.0012129218  0.0006484094  0.6502497070  0.2622308374 -0.0059930474 -0.0010157163  0.0015749329  0.6446869713 -0.0047536019 -0.0024702267  0.0005906046  0.1930358567  0.0006525197 -0.0008263212  0.1889116750 -0.0029664886  0.1903032248
  0.8000000000  1.0000000000  0.0000000000  0.6666666667  0.0000000000  0.0000000000  0.6142174210  0.1791079752  0.1439441952 -0.0104982259  0.0500373648 -0.0002624648  0.5765195656  0.1249472553 -0.0335916990  0.0184947237  0.0003499413  0.4435954577 -0.0326822319  0.0602093536  0.0011002986  0.1452799331 -0.0027540692  0.0179138257  0.1531964863 -0.0084194008  0.2019027644
  0.8000000000  1.0000000000  0.0000000000  0.6666666667  0.0000000000  0.3333333333  0.6309321240  0.2285068878  0.2096350533  0.0071180029  0.0569952910 -0.0532000460  0.5929859969  0.2075595684  0.0521095651  0.0085968527 -0.0540756982  0.5738504970  0.0566651857  0.0600507740 -0.0110985790  0.1886314866 -0.0145165666  0.0052385838  0.1891417444  0.0024427730  0.2129343392
  0.8000000000  1.0000000000  0.0000000000  0.6666666667  0.0000000000  0.6666666667  0.6030839715  0.2230221920  0.2165262544  0.0075900673  0.0578650657 -0.0596207249  0.5760922847  0.2103702020  0.0586665707  0.0078555898 -0.0611352667  0.5911035781  0.0623026382  0.0609250905 -0.0113427537  0.1886161507 -0.0138977835  0.0064520439  0.1933451618  0.0038802379  0.2047071930
  0.8000000000  1.0000000000  0.0000000000  0.6666666667  0.0000000000  1.0000000000  0.5808436736  0.2191004037  0.2137257542  0.0070430328  0.0673957828 -0.0644551453  0.5704776198  0.2169495637  0.0660441187  0.0050425819 -0.0634621460  0.5601818139  0.0678238473  0.0663945907 -0.0052723730  0.1967398987 -0.0068753263  0.0040093597  0.1907967010  0.0091468232  0.1957407724
  0.8000000000  1.0000000000  0.0000000000  0.6666666667  0.3333333333  0.0000000000  0.7728881607  0.2084033669  0.1947348639 -0.0498910962  0.0026653597  0.0020910607  0.5563698492  0.1804786773 -0.0858640671  0.0016137486  0.0022402445  0.4954833880 -0.0862778363  0.0030854160  0.0011337720  0.1787357095  0.0006921031  0.0007847581  0.1853213976 -0.0435702928  0.1985215941
  0.8000000000  1.0000000000  0.0000000000  0.6666666667  0.3333333333  0.3333333333  0.6081490501  0.1820321374  0.1743526148 -0.0167140741  0.0095039234 -0.0001156036  0.5672358506  0.2008108159 -0.0288248816  0.0013397757  0.0005328532  0.5245589331 -0.0296787616  0.0058681683 -0.0017767873  0.1972741952 -0.0017046916 -0.0000717283  0.1722691444 -0.0264575784  0.1739504963
  0.8000000000  1.0000000000  0.0000000000  0.6666666667  0.3333333333  0.6666666667  0.6506557122  0.2634008908  0.2631461829 -0.0014448360  0.0008636659 -0.0003757966  0.6492475612  0.2633879792 -0.0024814087  0.0004376132  0.0000341212  0.6473313531 -0.0023425862  0.0006278275 -0.0000690781  0.1919025639  0.0000615858  0.0003269765  0.1913366663 -0.0012834004  0.1917483911
  0.8000000000  1.0000000000  0.0000000000  0.6666666667  0.3333333333  1.0000000000  0.6487263376  0.2634581218  0.2632322150 -0.0002104323  0.0008285699 -0.0004331682  0.6499672257  0.2636325038 -0.0002368073  0.0003581419 -0.0001462867  0.6489912572 -0.0001976527  0.0006729744 -0.0000947414  0.1921195109  0.0000348189  0.0002042754  0.1915498390 -0.0002350583  0.1918210707
  0.8000000000  1.0000000000  0.0000000000  0.6666666667  0.6666666667  0.0000000000  0.7486869194  0.2189014405  0.2020586478 -0.0412791089  0.0012980091  0.0061986261  0.6001569136  0.2048273786 -0.0699924946 -0.0011390331  0.0071089879  0.5296429668 -0.0710076890 -0.0006686230  0.0027691282  0.1997480222  0.0027662261 -0.0012431855  0.1856918444 -0.0386748779  0.2014962153
  0.8000000000  1.0000000000  0.0000000000  0.6666666667  0.6666666667  0.3333333333  0.6970011681  0.2194250074  0.2106272502 -0.0328438596  0.0019886756  0.0032978034  0.6308946601  0.2364716471 -0.0533299412 -0.0003511422  0.0038765044  0.5884495786 -0.0543700336  0.0005203559  0.0005625775  0.2191826826  0.0006349083 -0.0006085588  0.1840806096 -0.0372549195  0.1877127939
  0.8000000000  1.0000000000  0.0000000000  0.6666666667  0.6666666667  0.6666666667  0.6516127303  0.2626180485  0.2615984626 -0.0027945941 -0.0003614257  0.0007147843  0.6480079115  0.2627051892 -0.0051592646 -0.0002801354  0.0011881045  0.6440478249 -0.0042486785 -0.0006220340  0.0005611294  0.1918333764  0.0005142583 -0.0002068367  0.1904989067 -0.0025118494  0.1917972538
  0.8000000000  1.0000000000  0.0000000000  0.6666666667  0.6666666667  1.0000000000  0.6486938501  0.2632317585  0.2628139906 -0.0013325647 -0.0004617600  0.0007596429  0.6499484762  0.2636172326 -0.0023032516 -0.0003769931  0.0012498260  0.6486727463 -0.0020804004 -0.0007781674  0.0006115977  0.1921187152  0.0005429865 -0.0002625094  0.1910303134 -0.0010952218  0.1915537276
  0.8000000000  1.0000000000  0.0000000000  0.6666666667  1.0000000000  0.0000000000  0.7327488988  0.2202493197  0.2075594971 -0.0391783944  0.0024003470  0.0105050495  0.6039781380  0.2135314439 -0.0672020482 -0.0015980787  0.0114545477  0.5414101678 -0.0684809178  0.0000111315  0.0032610840  0.2053020560  0.0037428918 -0.0019968774  0.1888511062 -0.0385413121  0.1994846948
  0.8000000000  1.0000000000  0.0000000000  0.6666666667  1.0000000000  0.3333333333  0.6713486651  0.2056150767  0.2013129039 -0.0347310244  0.0145948975  0.0141746355  0.6385242293  0.2415854771 -0.0604724349  0.0034196134  0.0128061662  0.6113629024 -0.0616471577  0.0129286637  0.0031798807  0.2303976039  0.0011017002  0.0012241718  0.1813266218 -0.0426510541  0.1796257933
  0.8000000000  1.0000000000  0.0000000000  0.6666666667  1.0000000000  0.6666666667  0.6235421110  0.2049405423  0.1958800478 -0.0104228662 -0.0086028638  0.0191926814  0.6346744481  0.2196398095 -0.0157811255 -0.0042223371  0.0250916918  0.6011564740 -0.0114067939 -0.0141748316  0.0074423944  0.2038694341  0.0067404775 -0.0039936038  0.1664313249 -0.0152723549  0.1882580745
  0.8000000000  1.0000000000  0.0000000000  0.6666666667  1.0000000000  1.0000000000  0.6482216274  0.2623692119  0.2613800853 -0.0023805507 -0.0010170353  0.0017757350  0.6493022885  0.2628529435 -0.0043508544 -0.0007720144  0.0024850352  0.6464705081 -0.0036811293 -0.0015399139  0.0011864475  0.1924129221  0.0009160456 -0.0006322275  0.1906836305 -0.0019831001  0.1916979934
  0.8000000000  1.0000000000  0.0000000000  1.0000000000  0.0000000000  0.0000000000  0.6525212994  0.1941208401  0.2000833878 -0.0129833598  0.0305905493 -0.0414641726  0.5308914406  0.1814032994 -0.0156589511  0.0108819552 -0.0472889224  0.5775356832 -0.0127180372  0.0348711855 -0.0172337362  0.1877951171 -0.0188556712  0.0125231865  0.2014149877 -0.0180988979  0.2026785236
  0.8000000000  1.0000000000  0.0000000000  1.0000000000  0.0000000000  0.3333333333  0.6014135238  0.2219878394  0.2199810427  0.0023497535  0.0510885399 -0.0535900749  0.5946774653  0.2190069935  0.0349089318  0.0109688100 -0.0560687856  0.6206796859  0.0386085793  0.0537983496 -0.0142389624  0.1961563115 -0.0156416554  0.0098887278  0.1975507963 -0.0008064784  0.2038829638
  0.8000000000  1.0000000000  0.0000000000  1.0000000000  0.0000000000  0.6666666667  0.5529315419  0.2099424223  0.2074353147  0.0060546681  0.0665646598 -0.0656644005  0.6024938912  0.2257224842  0.0513934355  0.0099738431 -0.0651265561  0.6018876006  0.0527242099  0.0659856006 -0.0100696374  0.2056507787 -0.0090909676  0.0064608080  0.1878903373  0.0073720047  0.1890935775
  0.8000000000  1.0000000000  0.0000000000  1.0000000000  0.0000000000  1.0000000000  0.5484011417  0.2049821238  0.2023108627  0.0071562392  0.0673157681 -0.0674084055  0.6097266424  0.2269608291  0.0509505277  0.0103648458 -0.0659984197  0.6003649479  0.0522487500  0.0652398665 -0.0104147164  0.2096705122 -0.0078358849  0.0058261088  0.1860673062  0.0095562257  0.1865768370
  0.8000000000  1.0000000000  0.0000000000  1.0000000000  0.3333333333  0.0000000000  0.7445510335  0.2104975482  0.2022395052 -0.0461235403  0.0089416886  0.0032026201  0.5494454803  0.2094481944 -0.0785652667  0.0040304631  0.0029054493  0.5060237580 -0.0794318273  0.0100644363  0.0005942924  0.1967260287 -0.0003749037  0.0028674166  0.1848321756 -0.0475986545  0.1910487542
  0.8000000000  1.0000000000  0.0000000000  1.0000000000  0.3333333333  0.3333333333  0.6528904321  0.2622088982  0.2613886794 -0.0033796315  0.0016846149 -0.0008582825  0.6458827416  0.2622048831 -0.0061403590  0.0009712458 -0.0007640494  0.6414203663 -0.0054015712  0.0016921205 -0.0004543167  0.1916876334 -0.0003608893  0.0006807699  0.1908669177 -0.0030967777  0.1918883663
  0.8000000000  1.0000000000  0.0000000000  1.0000000000  0.3333333333  0.6666666667  0.6522638378  0.2631056843  0.2626892149 -0.0020672459  0.0023935100 -0.0013695304  0.6494623795  0.2630850367 -0.0031188889  0.0013167749 -0.0014832528  0.6465516218 -0.0031950843  0.0022718855 -0.0006814952  0.1927424085 -0.0003433992  0.0007567391  0.1921657304 -0.0018670193  0.1927080406
  0.8000000000  1.0000000000  0.0000000000  1.0000000000  0.3333333333  1.0000000000  0.6479147085  0.2635181912  0.2633276298 -0.0003073685  0.0022117953 -0.0011098420  0.6502173539  0.2640198203 -0.0000723504  0.0011510258 -0.0011812146  0.6495794326 -0.0001985684  0.0022407086 -0.0005104844  0.1926778292 -0.0002532386  0.0006237509  0.1920458356 -0.0005089708  0.1922716552
  0.8000000000  1.0000000000  0.0000000000  1.0000000000  0.6666666667  0.0000000000  0.7551907928  0.2105029647  0.2017979192 -0.0466948221  0.0047904227  0.0062686097  0.5497457062  0.2015733050 -0.0800473288  0.0025067133  0.0071873440  0.5116648543 -0.0807097497  0.0045515991  0.0026684864  0.1920163997  0.0021622315  0.0009592801  0.1858296477 -0.0458020620  0.1936422422
  0.8000000000  1.0000000000  0.0000000000  1.0000000000  0.6666666667  0.3333333333  0.6497909801  0.2089240919  0.2013287916 -0.0203614011  0.0077377238  0.0124280419  0.5968658959  0.2236003568 -0.0387053931  0.0009647969  0.0134545554  0.5569279033 -0.0403309732  0.0051514762  0.0015839698  0.2066967879  0.0007431460 -0.0010326329  0.1902178531 -0.0248072534  0.1917546641
  0.8000000000  1.0000000000  0.0000000000  1.0000000000  0.6666666667  0.6666666667  0.6503552345  0.2632295706  0.2626873253 -0.0018691734  0.0003159436  0.0008953974  0.6486152596  0.2631265152 -0.0033619107  0.0001209751  0.0009274908  0.6464259935 -0.0030401193  0.0002798035  0.0004767764  0.1919252528  0.0002980497  0.0000341740  0.1914213581 -0.0015208192  0.1920427707
  0.8000000000  1.0000000000  0.0000000000  1.0000000000  0.6666666667  1.0000000000  0.6491449547  0.2636059244  0.2633372429 -0.0009794909  0.0000453382  0.0007173694  0.6496406629  0.2638374493 -0.0015895319  0.0000182842  0.0008076781  0.6488225881 -0.0016131009  0.0000349995  0.0004669266  0.1919557350  0.0003166544  0.0000045390  0.1914180164 -0.0008301835  0.1917869758
  0.8000000000  1.0000000000  0.0000000000  1.0000000000  1.0000000000  0.0000000000  0.7373485401  0.2173516782  0.2059587493 -0.0415789021  0.0016388016  0.0106086941  0.5821524953  0.2097161492 -0.0713675224 -0.0011532721  0.0114636597  0.5320532185 -0.0726824345 -0.0002949219  0.0038183506  0.2017302955  0.0038039905 -0.0019493379  0.1880408904 -0.0410708766  0.1987132963
  0.8000000000  1.0000000000  0.0000000000  1.0000000000  1.0000000000  0.3333333333  0.6317549445  0.2048035081  0.1926269134 -0.0242094634 -0.0031080284  0.0145633462  0.5830048445  0.2219355547 -0.0428646884 -0.0006294627  0.0181432218  0.5349820332 -0.0463670554 -0.0051495982  0.0034281380  0.2088009188  0.0044593796 -0.0018459831  0.1848488937 -0.0299452560  0.1895992330
  0.8000000000  1.0000000000  0.0000000000  1.0000000000  1.0000000000  0.6666666667  0.6535973117  0.2621376748  0.2608036124 -0.0035549368 -0.0007458948  0.0016270337  0.6458690448  0.2621324509 -0.0065084078 -0.0004187758  0.0017258099  0.6410247847 -0.0055170594 -0.0007414765  0.0009564811  0.1916617212  0.0006965873 -0.0003639492  0.1905263714 -0.0033724524  0.1920519462
  0.8000000000  1.0000000000  0.0000000000  1.0000000000  1.0000000000  1.0000000000  0.6491006079  0.2632061937  0.2627073462 -0.0014520144 -0.0007515692  0.0019526009  0.6490969682  0.2632270570 -0.0024650548 -0.0004574467  0.0020647257  0.6476483907 -0.0022570257 -0.0008310294  0.0010741334  0.1920365630  0.0006995507 -0.0003563866  0.1914879704 -0.0012115982  0.1920246202
  0.8000000000  1.0000000000  0.3333333333  0.0000000000  0.0000000000  0.0000000000  0.7709625754  0.2099827216  0.1936190114  0.0152206740  0.0048299313  0.0022011583  0.5961748033  0.1566035735  0.0328301120  0.0012390394  0.0028964686  0.5633250265  0.0256975992  0.0034618816 -0.0002387603  0.1457020251 -0.0006378167  0.0006304288  0.1956620239  0.0108606304  0.2103319288
  0.8000000000  1.0000000000  0.3333333333  0.0000000000  0.0000000000  0.3333333333  0.7524970656  0.1901177214  0.1830610771  0.0389288300  0.0024427496  0.0009929878  0.5359420506  0.1504210335  0.0792243303  0.0005425616  0.0012728934  0.5397612800  0.0795746389  0.0016532832  0.0002438116  0.1598721784  0.0002757882  0.0004249624  0.1947925346  0.0309352582  0.1976404885
  0.8000000000  1.0000000000  0.3333333333  0.0000000000  0.0000000000  0.6666666667  0.7523922583  0.1894864809  0.1835136960  0.0395704888  0.0010400983  0.0010114640  0.5333850458  0.1501225804  0.0802051017  0.0002929563  0.0012306298  0.5399909872  0.0810996297  0.0005484766  0.0002634846  0.1596921727  0.0002031418  0.0003029644  0.1952313346  0.0314923084  0.1970450816
  0.8000000000  1.0000000000  0.3333333333  0.0000000000  0.0000000000  1.0000000000  0.7185451863  0.1878182648  0.1781230136  0.0436020242 -0.0002017778  0.0003305631  0.5300462184  0.1661024184  0.0885543498 -0.0000590757  0.0000890989  0.5177624439  0.0866483678 -0.0001352518  0.0000025710  0.1733039046  0.0000392701 -0.0000608405  0.1851738752  0.0392971179  0.1913758858
  0.8000000000  1.0000000000  0.3333333333  0.0000000000  0.3333333333  0.0000000000  0.7462610725  0.2163428909  0.2007843528 -0.0399091369  0.0162353777  0.0142079556  0.5974290285  0.2066263147 -0.0695809064  0.0066550404  0.0152516226  0.5307588612 -0.0707248315  0.0167167493  0.0049298595  0.2005372201  0.0030516578  0.0039186981  0.1850837179 -0.0371917272  0.1989187830
  0.8000000000  1.0000000000  0.3333333333  0.0000000000  0.3333333333  0.3333333333  0.6532998623  0.2626133963  0.2617936067 -0.0025874509  0.0011390960  0.0011218657  0.6477974957  0.2619010540 -0.0052357989  0.0005519255  0.0008052242  0.6430804099 -0.0038891229  0.0009459545  0.0005092954  0.1913473025  0.0002105475  0.0003459647  0.1905485898 -0.0022601491  0.1918214298
  0.8000000000  1.0000000000  0.3333333333  0.0000000000  0.3333333333  0.6666666667  0.6500470374  0.2634602184  0.2633019223 -0.0004917336  0.0003615125  0.0005188230  0.6497073068  0.2632810621 -0.0010839380  0.0001009730  0.0002681498  0.6482383706 -0.0007152616  0.0001448237  0.0001773132  0.1919329759  0.0000225981  0.0000465538  0.1914329905 -0.0002984324  0.1916404394
  0.8000000000  1.0000000000  0.3333333333  0.0000000000  0.3333333333  1.0000000000  0.6491085918  0.2631974201  0.2631507951  0.0005234778 -0.0002384111 -0.0000072592  0.6504441554  0.2636303463  0.0007323746 -0.0002644293 -0.0003581907  0.6493442367  0.0010117338 -0.0006444698 -0.0001163321  0.1922384586 -0.0001908572 -0.0001973018  0.1910674692  0.0005153901  0.1911622907
  0.8000000000  1.0000000000  0.3333333333  0.0000000000  0.6666666667  0.0000000000  0.7341240816  0.2175082685  0.1974860188 -0.0399952309  0.0152732351  0.0144607378  0.6098223692  0.2118748577 -0.0690313872  0.0056826734  0.0150763274  0.5267224426 -0.0707610360  0.0161266218  0.0041218076  0.2059476853  0.0020675116  0.0032116447  0.1816020181 -0.0392180913  0.1978400085
  0.8000000000  1.0000000000  0.3333333333  0.0000000000  0.6666666667  0.3333333333  0.6556700245  0.2063148111  0.2044272141 -0.0275089588  0.0161109119  0.0162409338  0.6651178501  0.2440758800 -0.0471154481  0.0040100931  0.0139702490  0.6418182414 -0.0492980914  0.0142239114  0.0039488581  0.2312180150  0.0015672480  0.0014102845  0.1806906200 -0.0334260139  0.1795831633
  0.8000000000  1.0000000000  0.3333333333  0.0000000000  0.6666666667  0.6666666667  0.6499744936  0.2625514033  0.2618185331 -0.0023507973  0.0002353774  0.0002903352  0.6498872558  0.2628803774 -0.0044567793 -0.0000073721 -0.0000266117  0.6460970550 -0.0034819579 -0.0000995518  0.0000840870  0.1922271368 -0.0000947465  0.0000198539  0.1903234755 -0.0019241139  0.1912834012
  0.8000000000  1.0000000000  0.3333333333  0.0000000000  0.6666666667  1.0000000000  0.6471615294  0.2627175368  0.2623490694 -0.0011784670 -0.0002944372 -0.0000180177  0.6516307330  0.2635201006 -0.0022520971 -0.0003576825 -0.0003375262  0.6492340058 -0.0017498048 -0.0008589064 -0.0001138929  0.1925337760 -0.0001744216 -0.0002668082  0.1905052055 -0.0008237328  0.1908701389
  0.8000000000  1.0000000000  0.3333333333  0.0000000000  1.0000000000  0.0000000000  0.6885573279  0.2073198579  0.2020546907 -0.0362851764  0.0219823496  0.0231816702  0.6131943074  0.2325898327 -0.0647837424  0.0047692415  0.0216693819  0.5824741869 -0.0660897327  0.0198383769  0.0048250759  0.2223515223  0.0020087264  0.0018865112  0.1835720607 -0.0420207907  0.1843391854
  0.8000000000  1.0000000000  0.3333333333  0.0000000000  1.0000000000  0.3333333333  0.6626347058  0.2057321907  0.2020072633 -0.0322253917  0.0171206595  0.0173950000  0.6500121788  0.2437269313 -0.0566529884  0.0044838194  0.0161292962  0.6240595352 -0.0582002969  0.0152231710  0.0040894905  0.2325051663  0.0016606825  0.0017423402  0.1819454468 -0.0397433779  0.1800422711
  0.8000000000  1.0000000000  0.3333333333  0.0000000000  1.0000000000  0.6666666667  0.6587084287  0.2579940120  0.2548953276 -0.0074396909  0.0006388891  0.0004689311  0.6438085636  0.2592952122 -0.0142374174  0.0000073050 -0.0000448250  0.6312044802 -0.0107521317 -0.0001597021 -0.0000237352  0.1931231035 -0.0002377929 -0.0000311270  0.1876720939 -0.0073410540  0.1915435469
  0.8000000000  1.0000000000  0.3333333333  0.0000000000  1.0000000000  1.0000000000  0.6462268754  0.2615360389  0.2609148235 -0.0022629746 -0.0003296480  0.0000002090  0.6516316008  0.2630734065 -0.0041438366 -0.0004661272 -0.0004635914  0.6479195220 -0.0033467637 -0.0011334737 -0.0001327953  0.1930395768 -0.0002350117 -0.0003512761  0.1896813361 -0.0017947691  0.1903524737
  0.8000000000  1.0000000000  0.3333333333  0.3333333333  0.0000000000  0.0000000000  0.7621093327  0.1637764655  0.2396304283 -0.0007537030  0.0023713487  0.0001881503  0.4675327340  0.1520553354 -0.0015942667  0.0016838219  0.0002192447  0.7163920153 -0.0013137075  0.0005694115  0.0000489729  0.1266586361  0.0000137086  0.0021204465  0.2403926362 -0.0004889191  0.1594895314
  0.8000000000  1.0000000000  0.3333333333  0.3333333333  0.0000000000  0.3333333333  0.6337179073  0.1760657163  0.1617887331  0.0205575844  0.0167113034 -0.0041145726  0.5393829970  0.1437877278  0.0570233946  0.0045434433 -0.0022503371  0.5532573222  0.0573841560  0.0190814999 -0.0017924833  0.1520909858 -0.0034716818  0.0036014028  0.1776093429  0.0168262823  0.1934993062
  0.8000000000  1.0000000000  0.3333333333  0.3333333333  0.0000000000  0.6666666667  0.6298225741  0.1712713868  0.1508318982  0.0225514505  0.0121489641 -0.0034182122  0.5330754242  0.1465407328  0.0657849892  0.0027818892 -0.0018135377  0.5603864691  0.0628476311  0.0110058345 -0.0013969600  0.1561421419 -0.0018750516  0.0021248523  0.1808016305  0.0204730086  0.1913617425
  0.8000000000  1.0000000000  0.3333333333  0.3333333333  0.0000000000  1.0000000000  0.6212050806  0.1659248076  0.1468702668  0.0252164674  0.0106841625 -0.0026754859  0.5157970613  0.1453454084  0.0743046828  0.0017193983 -0.0012514012  0.5545199328  0.0717412706  0.0082274588 -0.0009639628  0.1573140255 -0.0007692082  0.0014673415  0.1814475837  0.0241664817  0.1870838703
  0.8000000000  1.0000000000  0.3333333333  0.3333333333  0.3333333333  0.0000000000  0.7178202413  0.2180498867  0.2039266601 -0.0325332412  0.0298685104  0.0238547761  0.6201098770  0.2095429916 -0.0617893726  0.0103089672  0.0239101702  0.5605698491 -0.0623450099  0.0311527518  0.0079400382  0.2016650153  0.0053201159  0.0051326543  0.1872899230 -0.0287493656  0.1998313916
  0.8000000000  1.0000000000  0.3333333333  0.3333333333  0.3333333333  0.3333333333  0.6587137556  0.2612917084  0.2592541004 -0.0046084152  0.0042409296  0.0023134742  0.6464081587  0.2594264480 -0.0104591095  0.0013077937  0.0022629846  0.6338950192 -0.0075942074  0.0024032039  0.0003055104  0.1918097754  0.0000172871  0.0008821486  0.1907078627 -0.0042511402  0.1935459826
  0.8000000000  1.0000000000  0.3333333333  0.3333333333  0.3333333333  0.6666666667  0.6499769999  0.2634509772  0.2633706270 -0.0005582537  0.0006003733  0.0002508523  0.6495919185  0.2632449093 -0.0011643941  0.0002008215  0.0002732594  0.6482218312 -0.0008403073  0.0003019351  0.0001076556  0.1919132300  0.0000498164  0.0000884296  0.1916092122 -0.0003665144  0.1916333950
  0.8000000000  1.0000000000  0.3333333333  0.3333333333  0.3333333333  1.0000000000  0.6491630906  0.2634852267  0.2635141132  0.0001800559 -0.0001316129 -0.0001957371  0.6498305392  0.2636247452  0.0002290773 -0.0002134021 -0.0001713970  0.6490419402  0.0003876020 -0.0005381338 -0.0001124845  0.1920087215 -0.0000778181 -0.0001718141  0.1915179768  0.0001724352  0.1914302451
  0.8000000000  1.0000000000  0.3333333333  0.3333333333  0.6666666667  0.0000000000  0.7021588390  0.2072940304  0.2005324652 -0.0394904030  0.0269947723  0.0283333073  0.5847205624  0.2220620429 -0.0727407275  0.0061541316  0.0269889303  0.5477852396 -0.0739041349  0.0247540074  0.0060381111  0.2132701434  0.0030236177  0.0025352886  0.1846958000 -0.0429074480  0.1872931464
  0.8000000000  1.0000000000  0.3333333333  0.3333333333  0.6666666667  0.3333333333  0.6248593209  0.2024275774  0.1976674947 -0.0065808793  0.0123179115  0.0143594664  0.6327522137  0.2222832366 -0.0178263759 -0.0003190231  0.0133302261  0.6046497349 -0.0194099359  0.0067470607  0.0024146275  0.2075468268  0.0023848086 -0.0003535943  0.1760353662 -0.0097132213  0.1801383592
  0.8000000000  1.0000000000  0.3333333333  0.3333333333  0.6666666667  0.6666666667  0.6511400578  0.2621979073  0.2612027105 -0.0031880294  0.0010011682  0.0019753852  0.6489707998  0.2621264858 -0.0067695613 -0.0003360193  0.0018424354  0.6437785025 -0.0054646661 -0.0000684383  0.0005625383  0.1929143375  0.0002135324 -0.0004390066  0.1911758657 -0.0024871613  0.1924328569
  0.8000000000  1.0000000000  0.3333333333  0.3333333333  0.6666666667  1.0000000000  0.6455308367  0.2623177837  0.2621841605 -0.0012738115 -0.0009230018  0.0004164871  0.6531196082  0.2636960599 -0.0022985453 -0.0009797672  0.0005870771  0.6494336472 -0.0018524636 -0.0027663536  0.0002558277  0.1931592045  0.0001790083 -0.0010779015  0.1907580182 -0.0008438914  0.1907555442
  0.8000000000  1.0000000000  0.3333333333  0.3333333333  1.0000000000  0.0000000000  0.6922583865  0.2157264394  0.2032277239 -0.0329924051  0.0230753069  0.0271909062  0.6217314166  0.2250210173 -0.0626627668  0.0032839341  0.0252300624  0.5625877684 -0.0643907894  0.0201786797  0.0045675301  0.2143879833  0.0026922565  0.0000491588  0.1836392717 -0.0356716200  0.1933402146
  0.8000000000  1.0000000000  0.3333333333  0.3333333333  1.0000000000  0.3333333333  0.6520832373  0.2042623185  0.2011186371 -0.0300009000  0.0236451070  0.0238585790  0.6548940858  0.2433625552 -0.0534181578  0.0058029140  0.0211486738  0.6297829497 -0.0550423465  0.0199940258  0.0053576584  0.2322019764  0.0019798475  0.0018255516  0.1812658128 -0.0370362024  0.1795561073
  0.8000000000  1.0000000000  0.3333333333  0.3333333333  1.0000000000  0.6666666667  0.6512253794  0.2600103310  0.2576686288 -0.0050217528 -0.0000691603  0.0018934947  0.6487375236  0.2604757477 -0.0106847419 -0.0008595527  0.0022210948  0.6373246471 -0.0076230492 -0.0016658614  0.0007541268  0.1926323294  0.0004593936 -0.0009304109  0.1889782491 -0.0044654540  0.1921838356
  0.8000000000  1.0000000000  0.3333333333  0.3333333333  1.0000000000  1.0000000000  0.6441146985  0.2613056464  0.2608475723 -0.0019486593 -0.0016881079  0.0005819046  0.6525973889  0.2628967906 -0.0036543831 -0.0015694251  0.0008611818  0.6474074415 -0.0028468414 -0.0036755959  0.0004266251  0.1928753420  0.0003538024 -0.0013330008  0.1898764529 -0.0014997900  0.1902286824
  0.8000000000  1.0000000000  0.3333333333  0.6666666667  0.0000000000  0.0000000000  0.7255132721  0.1354520784  0.2340784707 -0.0108214222  0.0023186499 -0.0209020318  0.3844409178  0.1320580455 -0.0233697981  0.0024949420 -0.0219776068  0.7239316197 -0.0233477007  0.0019114344 -0.0090047530  0.1191835579 -0.0054414812  0.0064253011  0.2408549505 -0.0069156701  0.1299457388
  0.8000000000  1.0000000000  0.3333333333  0.6666666667  0.0000000000  0.3333333333  0.6409324370  0.2020542170  0.2326232407  0.0070579309  0.0451627894 -0.0578304702  0.5551429053  0.2016713179  0.0479469037  0.0098508419 -0.0614632097  0.6415105383  0.0478580632  0.0464213162 -0.0135611128  0.1840138525 -0.0087417325  0.0115449758  0.2164178218  0.0015765415  0.1919312190
  0.8000000000  1.0000000000  0.3333333333  0.6666666667  0.0000000000  0.6666666667  0.6239604335  0.2064798653  0.2318785148  0.0081876087  0.0476328167 -0.0599183213  0.5526643970  0.2061087728  0.0572571709  0.0080360841 -0.0628200307  0.6280758944  0.0563669428  0.0485441349 -0.0124035160  0.1850105293 -0.0088305374  0.0100013185  0.2115127098  0.0034016098  0.1920874034
  0.8000000000  1.0000000000  0.3333333333  0.6666666667  0.0000000000  1.0000000000  0.6029395841  0.2078190797  0.2281933344  0.0087412294  0.0503187957 -0.0643057707  0.5434260992  0.2072271679  0.0635358122  0.0059460438 -0.0662768985  0.6182627906  0.0634689495  0.0511933054 -0.0117890661  0.1862516735 -0.0098539312  0.0073624626  0.2049083886  0.0054982795  0.1922545798
  0.8000000000  1.0000000000  0.3333333333  0.6666666667  0.3333333333  0.0000000000  0.7036270602  0.2033797629  0.2009469923 -0.0396620638  0.0320648679  0.0330428491  0.5567877322  0.2187857442 -0.0751055537  0.0066942428  0.0316076974  0.5445098943 -0.0768499989  0.0289801826  0.0074738486  0.2127337990  0.0040684140  0.0027533190  0.1875857184 -0.0436036759  0.1873322241
  0.8000000000  1.0000000000  0.3333333333  0.6666666667  0.3333333333  0.3333333333  0.6532056592  0.2621097174  0.2616040636 -0.0029766151  0.0048110435  0.0022792359  0.6470098713  0.2609655699 -0.0071087110  0.0014636546  0.0025354173  0.6414058481 -0.0061444561  0.0038925202  0.0003005067  0.1920907596  0.0000093125  0.0010010605  0.1922347806 -0.0023804723  0.1930949976
  0.8000000000  1.0000000000  0.3333333333  0.6666666667  0.3333333333  0.6666666667  0.6501091846  0.2635382164  0.2634569855 -0.0007891312  0.0015426500 -0.0002212606  0.6493931421  0.2633148186 -0.0014013103  0.0006336792 -0.0000756657  0.6478993569 -0.0012592821  0.0012386574 -0.0001327961  0.1920748462 -0.0001108091  0.0003007278  0.1919627649 -0.0005964986  0.1920272080
  0.8000000000  1.0000000000  0.3333333333  0.6666666667  0.3333333333  1.0000000000  0.6490416761  0.2636139985  0.2635907480  0.0000406417  0.0001158418 -0.0005904180  0.6494108883  0.2636271750  0.0000746887 -0.0000006320 -0.0004382963  0.6490121415  0.0001133828 -0.0000409623 -0.0003030062  0.1918454778 -0.0001934720 -0.0000360677  0.1917070290  0.0000049620  0.1916544906
  0.8000000000  1.0000000000  0.3333333333  0.6666666667  0.6666666667  0.0000000000  0.7010197416  0.2089661723  0.2023242612 -0.0388959499  0.0285261959  0.0307002018  0.5755177963  0.2195168950 -0.0741232141  0.0056780258  0.0296697480  0.5383752563 -0.0750944100  0.0251250092  0.0063034114  0.2105568758  0.0039552342  0.0021325992  0.1863213876 -0.0417518135  0.1893399273
  0.8000000000  1.0000000000  0.3333333333  0.6666666667  0.6666666667  0.3333333333  0.6619177710  0.2595610398  0.2564114007 -0.0072627402  0.0019884723  0.0023776271  0.6414022526  0.2586736867 -0.0147848236  0.0005202553  0.0025809113  0.6284100428 -0.0110320739  0.0011281467  0.0008850958  0.1917135477  0.0004371622  0.0002678804  0.1893431154 -0.0069655631  0.1933294122
  0.8000000000  1.0000000000  0.3333333333  0.6666666667  0.6666666667  0.6666666667  0.6508392876  0.2632859038  0.2624885119 -0.0023819257  0.0002153707  0.0016432276  0.6495959617  0.2628366066 -0.0045433543 -0.0002585212  0.0018542817  0.6455944944 -0.0038471935 -0.0002846000  0.0008295828  0.1924350792  0.0004232009 -0.0003949017  0.1916808395 -0.0017579125  0.1924667510
  0.8000000000  1.0000000000  0.3333333333  0.6666666667  0.6666666667  1.0000000000  0.6479681876  0.2633681802  0.2630981586 -0.0010796532 -0.0011027161  0.0008321998  0.6517369356  0.2637481887 -0.0018414916 -0.0009162382  0.0012484737  0.6491735344 -0.0017433631 -0.0017125611  0.0006531592  0.1926059450  0.0002735530 -0.0008960983  0.1918318435 -0.0007841062  0.1919056005
  0.8000000000  1.0000000000  0.3333333333  0.6666666667  1.0000000000  0.0000000000  0.6975966607  0.2296284812  0.2096548912 -0.0259087873  0.0218041808  0.0309530281  0.6381070139  0.2144427918 -0.0569072774  0.0019364960  0.0292311708  0.5657098346 -0.0588799273  0.0184807614  0.0074740232  0.2045692514  0.0077915459 -0.0015042634  0.1880096247 -0.0241934704  0.2086771228
  0.8000000000  1.0000000000  0.3333333333  0.6666666667  1.0000000000  0.3333333333  0.6212737991  0.2096957032  0.1974212052 -0.0082238698  0.0028546071  0.0228660861  0.6311075356  0.2073896036 -0.0221711158 -0.0033298117  0.0223644961  0.5825520362 -0.0245236355  0.0029578673  0.0073144615  0.1973270492  0.0079384964 -0.0039187514  0.1754213951 -0.0092102407  0.1918910688
  0.8000000000  1.0000000000  0.3333333333  0.6666666667  1.0000000000  0.6666666667  0.6502768376  0.2627734808  0.2612669410 -0.0027852282 -0.0013075153  0.0015032573  0.6497651689  0.2622413269 -0.0053895739 -0.0008696354  0.0018148885  0.6435257861 -0.0040515761 -0.0015141551  0.0009508103  0.1915855761  0.0006975125 -0.0007716059  0.1904861465 -0.0022660682  0.1921048326
  0.8000000000  1.0000000000  0.3333333333  0.6666666667  1.0000000000  1.0000000000  0.6476487621  0.2630693548  0.2623879065 -0.0015378817 -0.0018273586  0.0011143130  0.6510890015  0.2631729572 -0.0028148341 -0.0012511712  0.0014055111  0.6472453732 -0.0023237215 -0.0022648713  0.0007507873  0.1919618210  0.0005586939 -0.0010163946  0.1910156610 -0.0011750631  0.1916013585
  0.8000000000  1.0000000000  0.3333333333  1.0000000000  0.0000000000  0.0000000000  0.5429455701  0.1804466688  0.2153724589 -0.0017694720  0.0598682827 -0.0157363877  0.6072650782  0.1853841298 -0.0059986031  0.0316657142 -0.0081449668  0.5849313038 -0.0140013130  0.0564261589 -0.0035275061  0.1770787185 -0.0051170619  0.0397218689  0.2114729810 -0.0043088272  0.1769696323
  0.8000000000  1.0000000000  0.3333333333  1.0000000000  0.0000000000  0.3333333333  0.6114012207  0.2170882321  0.2248774418 -0.0000300568  0.0389892295 -0.0558446765  0.5819850916  0.2187111485  0.0172288443  0.0103195603 -0.0585959654  0.6641764765  0.0204972563  0.0407410121 -0.0225053628  0.1999505083 -0.0219597394  0.0104023875  0.2059779058 -0.0039736241  0.2066215282
  0.8000000000  1.0000000000  0.3333333333  1.0000000000  0.0000000000  0.6666666667  0.5570238155  0.2178678343  0.2030936647  0.0089561030  0.0501264941 -0.0768660582  0.5357537889  0.1997364164  0.0480027277  0.0084608509 -0.0780026653  0.6541931335  0.0523768407  0.0533293562 -0.0318844424  0.1875984065 -0.0357371891  0.0043301281  0.1857241395  0.0036842359  0.2084796439
  0.8000000000  1.0000000000  0.3333333333  1.0000000000  0.0000000000  1.0000000000  0.5544424895  0.2179967477  0.2009402694  0.0097046725  0.0508022819 -0.0774192085  0.5339942731  0.1974756638  0.0497883125  0.0086566895 -0.0786969027  0.6537991545  0.0544184945  0.0540902601 -0.0329746744  0.1866325882 -0.0366365591  0.0040762964  0.1849632121  0.0043022426  0.2094242875
  0.8000000000  1.0000000000  0.3333333333  1.0000000000  0.3333333333  0.0000000000  0.6784412167  0.2014971938  0.1970469929 -0.0375694617  0.0444956460  0.0425744444  0.5607024719  0.2212121629 -0.0756575626  0.0100306979  0.0395485049  0.5328039734 -0.0770765000  0.0419184403  0.0082360862  0.2128041931  0.0035538406  0.0043960942  0.1857591899 -0.0425520722  0.1840270382
  0.8000000000  1.0000000000  0.3333333333  1.0000000000  0.3333333333  0.3333333333  0.6520559528  0.2625908714  0.2623026258 -0.0027636867  0.0037143251  0.0001961613  0.6475774213  0.2621294411 -0.0052332127  0.0015946818  0.0000319617  0.6449424234 -0.0051516525  0.0035324888 -0.0003595096  0.1924038168 -0.0004980415  0.0010140007  0.1923858745 -0.0020692415  0.1926314954
  0.8000000000  1.0000000000  0.3333333333  1.0000000000  0.3333333333  0.6666666667  0.6491614443  0.2636058534  0.2635323113 -0.0007780871  0.0011798343 -0.0010610677  0.6492042339  0.2636681716 -0.0012287424  0.0007175178 -0.0010753381  0.6490735328 -0.0012866027  0.0012929110 -0.0006425746  0.1918463543 -0.0005110317  0.0004341565  0.1917064529 -0.0006366105  0.1917747679
  0.8000000000  1.0000000000  0.3333333333  1.0000000000  0.3333333333  1.0000000000  0.6478356998  0.2634664569  0.2632088134 -0.0000056443  0.0015986252 -0.0023311320  0.6493900963  0.2638614766  0.0007580221  0.0004948354 -0.0025440035  0.6506319640  0.0007737981  0.0016822017 -0.0012030661  0.1928672148 -0.0009043570  0.0001103914  0.1923641959 -0.0002582265  0.1925791700
  0.8000000000  1.0000000000  0.3333333333  1.0000000000  0.6666666667  0.0000000000  0.6724645147  0.2016018050  0.1969000859 -0.0367020030  0.0448537070  0.0447414715  0.5671569710  0.2223547477 -0.0750077600  0.0090902379  0.0416388553  0.5399223646 -0.0762519728  0.0407599813  0.0080516367  0.2139256702  0.0036012954  0.0037196945  0.1853152084 -0.0413942036  0.1840751504
  0.8000000000  1.0000000000  0.3333333333  1.0000000000  0.6666666667  0.3333333333  0.6531511522  0.2614319706  0.2601213775 -0.0042305736  0.0036424423  0.0037808280  0.6442523864  0.2607233490 -0.0096364353  0.0006143367  0.0034352405  0.6381441650 -0.0081348119  0.0029097906  0.0007693214  0.1921983435  0.0002777084  0.0003159042  0.1913137365 -0.0036558521  0.1930541041
  0.8000000000  1.0000000000  0.3333333333  1.0000000000  0.6666666667  0.6666666667  0.6505352874  0.2635031529  0.2630534000 -0.0018375430  0.0009947008  0.0017111541  0.6493662214  0.2632497686 -0.0035802907  0.0001423004  0.0017170870  0.6473095179 -0.0035596929  0.0009967063  0.0006379233  0.1924255384  0.0002366809 -0.0001050311  0.1922965896 -0.0013154351  0.1926987572
  0.8000000000  1.0000000000  0.3333333333  1.0000000000  0.6666666667  1.0000000000  0.6486956290  0.2636614231  0.2632724660 -0.0004954419 -0.0002380231  0.0004295554  0.6499627018  0.2636214551 -0.0008427930 -0.0001755093  0.0004015324  0.6485824379 -0.0007853698 -0.0002402193  0.0001874676  0.1919262984  0.0000607808 -0.0001861267  0.1916908153 -0.0003975129  0.1920055695
  0.8000000000  1.0000000000  0.3333333333  1.0000000000  1.0000000000  0.0000000000  0.6818705019  0.2235524010  0.2074060401 -0.0284428064  0.0305268862  0.0367236432  0.6036173819  0.2110005806 -0.0655659994  0.0042644421  0.0354683614  0.5520287864 -0.0672443765  0.0270731204  0.0076967820  0.2034113991  0.0075523171  0.0000482765  0.1886197175 -0.0269021786  0.2052585982
  0.8000000000  1.0000000000  0.3333333333  1.0000000000  1.0000000000  0.3333333333  0.5983933562  0.1950068143  0.1812886034 -0.0027808056  0.0005173595  0.0141024116  0.5637834756  0.1793871108 -0.0035368866  0.0004034875  0.0157590232  0.5497444706 -0.0030387873 -0.0033604380  0.0050095781  0.1901597018  0.0067523851 -0.0006837020  0.1862977516 -0.0037774758  0.1852571062
  0.8000000000  1.0000000000  0.3333333333  1.0000000000  1.0000000000  0.6666666667  0.6494578124  0.2631413489  0.2622631159 -0.0019331915  0.0000464883  0.0026342088  0.6490914350  0.2625712711 -0.0039425802 -0.0002793005  0.0025684324  0.6455530952 -0.0033866154  0.0000869683  0.0011606671  0.1918578223  0.0006530492 -0.0003784691  0.1915519071 -0.0014548682  0.1924527561
  0.8000000000  1.0000000000  0.3333333333  1.0000000000  1.0000000000  1.0000000000  0.6485932140  0.2635095735  0.2628838907 -0.0009826151 -0.0008677489  0.0017342677  0.6502251945  0.2632425176 -0.0017495920 -0.0005807361  0.0017204655  0.6475938891 -0.0015907157 -0.0008716979  0.0008525681  0.1919297216  0.0004675969 -0.0005101929  0.1916396440 -0.0007666763  0.1921637321
  0.8000000000  1.0000000000  0.6666666667  0.0000000000  0.0000000000  0.0000000000  0.6459782271  0.1819677120  0.2048002177  0.0194006375  0.0066599365  0.0576810427  0.4881059981  0.1964750618  0.0210277377 -0.0056922358  0.0472943948  0.5845604943  0.0286678552  0.0131865713  0.0135881371  0.1903638873  0.0126224755  0.0027003426  0.2052996347  0.0207465874  0.1843437238
  0.8000000000  1.0000000000  0.6666666667  0.0000000000  0.0000000000  0.3333333333  0.7471751952  0.1918234413  0.1814957067  0.0393297349  0.0032419351  0.0020203996  0.5421227328  0.1525895589  0.0797870239  0.0007325000  0.0025591721  0.5333560930  0.0795425514  0.0023793122  0.0003672230  0.1609174346  0.0003778085  0.0005833473  0.1925580279  0.0319211004  0.1983466773
  0.8000000000  1.0000000000  0.6666666667  0.0000000000  0.0000000000  0.6666666667  0.7418042044  0.1903350250  0.1840194243  0.0409880522  0.0012779810  0.0009744246  0.5330781652  0.1555360779  0.0826167265  0.0002008656  0.0012806954  0.5367932240  0.0810338483  0.0008586775  0.0000925325  0.1622699459  0.0001235926  0.0001816282  0.1934186279  0.0341455011  0.1955563897
  0.8000000000  1.0000000000  0.6666666667  0.0000000000  0.0000000000  1.0000000000  0.7376309204  0.1884244934  0.1847296500  0.0420400625  0.0005127310  0.0003438984  0.5256736695  0.1568581478  0.0846355059  0.0000753942  0.0004801359  0.5372339741  0.0822241005  0.0003418462  0.0000308238  0.1630404792  0.0000165644  0.0000501511  0.1935094823  0.0356569392  0.1934664687
  0.8000000000  1.0000000000  0.6666666667  0.0000000000  0.3333333333  0.0000000000  0.6366364270  0.2328240434  0.2014649983 -0.0119375673  0.0593208164  0.0502290503  0.6081491287  0.1982573441 -0.0600554516  0.0101421955  0.0509374440  0.5589951108 -0.0639929847  0.0619242011  0.0126419996  0.1846465294  0.0165480016  0.0051574732  0.1817425419 -0.0057785957  0.2167690297
  0.8000000000  1.0000000000  0.6666666667  0.0000000000  0.3333333333  0.3333333333  0.5763774285  0.1943976704  0.1878306604  0.0016957946  0.0073490660  0.0078456680  0.5737314520  0.2062024021 -0.0064822336  0.0015967668  0.0074734595  0.5424116207 -0.0052242168  0.0087534304  0.0014098620  0.1908342741  0.0015590701  0.0011231989  0.1810967343  0.0018829738  0.1873653070
  0.8000000000  1.0000000000  0.6666666667  0.0000000000  0.3333333333  0.6666666667  0.6516568514  0.2632357599  0.2634424936  0.0011244657  0.0007980959  0.0008935848  0.6482629863  0.2632332391  0.0016082549  0.0003620862  0.0004771479  0.6475787283  0.0021667280  0.0004798756  0.0003465378  0.1919085889  0.0001070384  0.0003095724  0.1918077122  0.0011944863  0.1916651147
  0.8000000000  1.0000000000  0.6666666667  0.0000000000  0.3333333333  1.0000000000  0.6517355891  0.2630050629  0.2630261444  0.0016835365 -0.0002111483 -0.0000226680  0.6479255364  0.2632556120  0.0026752833 -0.0002389350 -0.0004457913  0.6469504725  0.0029958283 -0.0005112447 -0.0001565089  0.1920116548 -0.0002114894 -0.0000979083  0.1914929993  0.0016408545  0.1916027676
  0.8000000000  1.0000000000  0.6666666667  0.0000000000  0.6666666667  0.0000000000  0.5976899303  0.2233328894  0.2109492745 -0.0089701239  0.0649282460  0.0592389077  0.5874862252  0.2141283745 -0.0640747928  0.0064913572  0.0582632828  0.5607729692 -0.0663254814  0.0646079500  0.0065504243  0.1953193246  0.0083707533  0.0043435679  0.1884146506 -0.0092742166  0.2000772417
  0.8000000000  1.0000000000  0.6666666667  0.0000000000  0.6666666667  0.3333333333  0.5918675833  0.1732970648  0.1658418873 -0.0003397313  0.0146533438  0.0158238672  0.6016684146  0.1919245703 -0.0032981042  0.0034143750  0.0084333092  0.5837231730 -0.0028987154  0.0102507865  0.0030924812  0.2004499510  0.0027905280  0.0030084072  0.1656252037 -0.0014987603  0.1643340084
  0.8000000000  1.0000000000  0.6666666667  0.0000000000  0.6666666667  0.6666666667  0.6485268355  0.2632773740  0.2630784119 -0.0006805453  0.0023590036  0.0022825918  0.6492134923  0.2632585347 -0.0027561032  0.0004855270  0.0018111234  0.6478113922 -0.0022161861  0.0019850633  0.0003652483  0.1927502899  0.0000018048  0.0002154681  0.1922420224 -0.0002460586  0.1925595435
  0.8000000000  1.0000000000  0.6666666667  0.0000000000  0.6666666667  1.0000000000  0.6487380734  0.2634698584  0.2633622594 -0.0000309876 -0.0001156349  0.0001010489  0.6497314750  0.2636526786 -0.0002962990 -0.0001935389 -0.0001208415  0.6491377391 -0.0000666719 -0.0003790732 -0.0000569768  0.1921147791 -0.0001144238 -0.0001454912  0.1916499633  0.0001061671  0.1917424998
  0.8000000000  1.0000000000  0.6666666667  0.0000000000  1.0000000000  0.0000000000  0.5988483127  0.1991489309  0.1957066151 -0.0212981641  0.0602333734  0.0591416562  0.6219124443  0.2308683054 -0.0568702165  0.0126057799  0.0548046674  0.6014169752 -0.0589027244  0.0547027321  0.0114911733  0.2206549906  0.0047571291  0.0050261394  0.1831333124 -0.0254518575  0.1831923557
  0.8000000000  1.0000000000  0.6666666667  0.0000000000  1.0000000000  0.3333333333  0.5837770726  0.1706019825  0.1635806082 -0.0006326004  0.0127327645  0.0138298605  0.6114142668  0.1939640327 -0.0027974181  0.0030745552  0.0087515760  0.5942432562 -0.0024279417  0.0082529594  0.0031720698  0.2032822901  0.0028295231  0.0025165803  0.1629036648 -0.0008611010  0.1609198860
  0.8000000000  1.0000000000  0.6666666667  0.0000000000  1.0000000000  0.6666666667  0.6401522631  0.2598479133  0.2596568063 -0.0014834243  0.0091756676  0.0090594180  0.6429102585  0.2605073644 -0.0110670859  0.0003514985  0.0085746753  0.6417864860 -0.0106972163  0.0087962869  0.0003044740  0.1941780954  0.0002235309  0.0004268369  0.1930040269 -0.0011558368  0.1934824371
  0.8000000000  1.0000000000  0.6666666667  0.0000000000  1.0000000000  1.0000000000  0.6477279693  0.2632144265  0.2629354403 -0.0009092147  0.0000627602  0.0002523617  0.6499888328  0.2635980791 -0.0021682902 -0.0002177608 -0.0000388122  0.6491437658 -0.0018238098 -0.0002796902 -0.0000745576  0.1924406289 -0.0001564938 -0.0001701677  0.1915840759 -0.0005011550  0.1917940242
  0.8000000000  1.0000000000  0.6666666667  0.3333333333  0.0000000000  0.0000000000  0.7135413458  0.1503048010  0.2420670184 -0.0015534842  0.0132476342  0.0149783508  0.4581771555  0.1513686206 -0.0106733983  0.0066251766  0.0186174584  0.7263052871 -0.0076468062  0.0131789249  0.0055960909  0.1351820924  0.0027749676  0.0189061017  0.2434503985 -0.0001990648  0.1370752943
  0.8000000000  1.0000000000  0.6666666667  0.3333333333  0.0000000000  0.3333333333  0.7370925463  0.1466955365  0.1758413906  0.0155518710  0.0108510414  0.0012769543  0.3869019069  0.1297437340  0.0241473186 -0.0000248717  0.0028533836  0.4759256672  0.0246286373  0.0107860817 -0.0001401223  0.1302643812  0.0007082803  0.0014362735  0.2036826685  0.0164696084  0.1769901536
  0.8000000000  1.0000000000  0.6666666667  0.3333333333  0.0000000000  0.6666666667  0.6105746332  0.1651499760  0.1586323829  0.0243854925  0.0181742225 -0.0054101723  0.5030220379  0.1480927433  0.0685110861  0.0040844874 -0.0030638907  0.5636794588  0.0667425017  0.0172978823 -0.0026916475  0.1575184396 -0.0028349006  0.0036809008  0.1832393145  0.0231558763  0.1838034601
  0.8000000000  1.0000000000  0.6666666667  0.3333333333  0.0000000000  1.0000000000  0.6094293909  0.1607739511  0.1505328833  0.0270821238  0.0112693919 -0.0032312315  0.4934363787  0.1466471689  0.0780171438  0.0018831638 -0.0016136834  0.5604249516  0.0763202421  0.0088931555 -0.0013256717  0.1583492913 -0.0010890627  0.0016888500  0.1837753055  0.0266293040  0.1815908758
  0.8000000000  1.0000000000  0.6666666667  0.3333333333  0.3333333333  0.0000000000  0.5936429312  0.2203603633  0.2155162186 -0.0071730025  0.0639884472  0.0594067794  0.5752241805  0.2097048166 -0.0647476089  0.0073600740  0.0607250642  0.5691639758 -0.0661032277  0.0649875035  0.0069508106  0.1894513787  0.0093181743  0.0072763895  0.1939038340 -0.0048496911  0.2011905451
  0.8000000000  1.0000000000  0.6666666667  0.3333333333  0.3333333333  0.3333333333  0.6489128554  0.2625671363  0.2630498434 -0.0001864679  0.0037227124  0.0027232634  0.6467803237  0.2621496604 -0.0019890343  0.0012890541  0.0025543365  0.6461844920 -0.0014080743  0.0035530236  0.0006953486  0.1918548431  0.0004510795  0.0008588238  0.1923828514  0.0000028631  0.1918613800
  0.8000000000  1.0000000000  0.6666666667  0.3333333333  0.3333333333  0.6666666667  0.6505026705  0.2632904685  0.2636184038  0.0005036060  0.0012990575  0.0004915670  0.6483916480  0.2631047130  0.0004969371  0.0005550423  0.0004310242  0.6483428956  0.0008344051  0.0011594498  0.0001639963  0.1918734782  0.0000779150  0.0003060602  0.1921493136  0.0004966790  0.1917086881
  0.8000000000  1.0000000000  0.6666666667  0.3333333333  0.3333333333  1.0000000000  0.6526155088  0.2632447217  0.2636960117  0.0016961466  0.0004046160 -0.0006984290  0.6482973290  0.2631837673  0.0023363630 -0.0000391788 -0.0006715726  0.6483545543  0.0031549048  0.0000033873 -0.0004263529  0.1925098916 -0.0002373643 -0.0003045134  0.1926933745  0.0012887604  0.1921085104
  0.8000000000  1.0000000000  0.6666666667  0.3333333333  0.6666666667  0.0000000000  0.5938599441  0.2216774902  0.2131739593 -0.0093856654  0.0631107319  0.0599049527  0.5908277225  0.2195568455 -0.0610629891  0.0066211414  0.0584417091  0.5723475054 -0.0630921607  0.0617486305  0.0072375471  0.1988954786  0.0079874243  0.0042281655  0.1893232790 -0.0107316318  0.1968203045
  0.8000000000  1.0000000000  0.6666666667  0.3333333333  0.6666666667  0.3333333333  0.6066349900  0.1685046648  0.1687199042 -0.0010010163  0.0235169897  0.0171410016  0.5784648610  0.1867792262 -0.0039288153  0.0037309371  0.0142603297  0.5651461986 -0.0046298799  0.0180573783  0.0031928641  0.1962301641  0.0037366813  0.0037274634  0.1703288845 -0.0003663264  0.1703381938
  0.8000000000  1.0000000000  0.6666666667  0.3333333333  0.6666666667  0.6666666667  0.6483111835  0.2632172732  0.2629725856 -0.0007269554  0.0021406200  0.0027685691  0.6489131560  0.2630243833 -0.0032363585  0.0001927796  0.0028104019  0.6470204514 -0.0025773812  0.0018547883  0.0006733402  0.1926478438  0.0003397618 -0.0000360415  0.1923991373 -0.0002983774  0.1925637252
  0.8000000000  1.0000000000  0.6666666667  0.3333333333  0.6666666667  1.0000000000  0.6487443342  0.2634704062  0.2633556798 -0.0000952922 -0.0004415337  0.0002238369  0.6499858835  0.2635254192 -0.0004404981 -0.0004176396  0.0001952250  0.6488530184 -0.0001246479 -0.0007407189  0.0000755299  0.1920442749  0.0000159277 -0.0003565778  0.1917594154  0.0000572275  0.1916659876
  0.8000000000  1.0000000000  0.6666666667  0.3333333333  1.0000000000  0.0000000000  0.5935603831  0.2143922138  0.2078981038 -0.0126698305  0.0621911284  0.0610833255  0.6049579079  0.2231278250 -0.0597831706  0.0080474794  0.0576941979  0.5771537567 -0.0614195949  0.0580277540  0.0084503832  0.2062597805  0.0063310889  0.0036853363  0.1874708320 -0.0154164915  0.1924153941
  0.8000000000  1.0000000000  0.6666666667  0.3333333333  1.0000000000  0.3333333333  0.5891205269  0.2151400762  0.2163572978 -0.0005314433  0.0130684054  0.0146547702  0.6445272057  0.2289474003 -0.0142796438  0.0009781849  0.0150301529  0.6348181754 -0.0139464118  0.0103362205  0.0029236197  0.2068176059  0.0030763962  0.0015347083  0.1899661585 -0.0010643094  0.1897214804
  0.8000000000  1.0000000000  0.6666666667  0.3333333333  1.0000000000  0.6666666667  0.6465541762  0.2625876327  0.2621761810 -0.0012784998  0.0014354196  0.0028288636  0.6483867478  0.2625667972 -0.0043412472 -0.0002706475  0.0027231155  0.6462286583 -0.0037006042  0.0012182478  0.0006263428  0.1923264648  0.0003858525 -0.0002388501  0.1917530134 -0.0008229721  0.1920654556
  0.8000000000  1.0000000000  0.6666666667  0.3333333333  1.0000000000  1.0000000000  0.6480966059  0.2635420152  0.2630759395 -0.0010448731 -0.0015717702  0.0006985065  0.6521498217  0.2634833909 -0.0020486501 -0.0012257313  0.0006895778  0.6479256569 -0.0014367879 -0.0021892264  0.0004208218  0.1924146193  0.0002047662 -0.0010335722  0.1917901798 -0.0003982691  0.1919506350
  0.8000000000  1.0000000000  0.6666666667  0.6666666667  0.0000000000  0.0000000000  0.7290409810  0.1684242563  0.2579689698  0.0005252404  0.0215292032 -0.0020987097  0.4891285372  0.1695003734  0.0020873160  0.0139620051 -0.0025264532  0.7474367544  0.0017119733  0.0208902084 -0.0007592201  0.1427414867 -0.0002116968  0.0217398562  0.2502673806  0.0000762892  0.1464499576
  0.8000000000  1.0000000000  0.6666666667  0.6666666667  0.0000000000  0.3333333333  0.6408813892  0.1835071209  0.2390607418  0.0130757391  0.0464731181 -0.0552573026  0.5386060066  0.1857630053  0.0601205306  0.0165441867 -0.0613835240  0.6662243619  0.0556341411  0.0454004888 -0.0145064732  0.1729107455 -0.0054763494  0.0196883129  0.2297853857  0.0049014323  0.1761752132
  0.8000000000  1.0000000000  0.6666666667  0.6666666667  0.0000000000  0.6666666667  0.6440092540  0.1791311245  0.2366315716  0.0136195051  0.0427399698 -0.0613828087  0.5090797612  0.1805970549  0.0633786670  0.0120323765 -0.0673019387  0.6678435284  0.0592562398  0.0420048529 -0.0163528563  0.1715213139 -0.0070104304  0.0141413344  0.2275470958  0.0052460745  0.1762337363
  0.8000000000  1.0000000000  0.6666666667  0.6666666667  0.0000000000  1.0000000000  0.6232614550  0.2129105791  0.2310225434  0.0072568249  0.0332935895 -0.0602179552  0.5473818283  0.2106144906  0.0390278975  0.0055085762 -0.0609658524  0.6742291387  0.0400907579  0.0351278258 -0.0213144504  0.1875863736 -0.0197729640  0.0051088899  0.2053774881  0.0036070165  0.1990286643
  0.8000000000  1.0000000000  0.6666666667  0.6666666667  0.3333333333  0.0000000000  0.5911502954  0.2185506489  0.2229874175 -0.0065301749  0.0601258898  0.0588051230  0.5773722612  0.2137607458 -0.0623790726  0.0079383567  0.0613214773  0.5868831301 -0.0625900322  0.0608772185  0.0075597596  0.1893596268  0.0079890982  0.0098768235  0.1984628906 -0.0042728359  0.1971584267
  0.8000000000  1.0000000000  0.6666666667  0.6666666667  0.3333333333  0.3333333333  0.6483613835  0.2626590054  0.2630813181 -0.0006680813  0.0040071328  0.0017630797  0.6470107119  0.2622873342 -0.0026781760  0.0015129267  0.0018607151  0.6463581947 -0.0023683298  0.0041193625  0.0002053301  0.1919184105  0.0000844568  0.0009609960  0.1924977057 -0.0003848137  0.1919536511
  0.8000000000  1.0000000000  0.6666666667  0.6666666667  0.3333333333  0.6666666667  0.6498995578  0.2633123915  0.2636577392  0.0000991380  0.0015752443 -0.0006425569  0.6483394607  0.2631594951  0.0000110777  0.0007247754 -0.0004382258  0.6489080158  0.0001995869  0.0016318496 -0.0003676408  0.1917997236 -0.0002653670  0.0003686513  0.1922924616  0.0000962736  0.1918103239
  0.8000000000  1.0000000000  0.6666666667  0.6666666667  0.3333333333  1.0000000000  0.6545821421  0.2625367371  0.2630454734  0.0014849796  0.0007637392 -0.0027922020  0.6482392672  0.2615867602  0.0021527985 -0.0001645552 -0.0026490056  0.6503571512  0.0035978918  0.0010045620 -0.0015063597  0.1929922614 -0.0011265718 -0.0004744699  0.1938193773  0.0011131147  0.1934510351
  0.8000000000  1.0000000000  0.6666666667  0.6666666667  0.6666666667  0.0000000000  0.5906696497  0.2230832886  0.2144495553 -0.0082494537  0.0629432616  0.0601438132  0.5874023430  0.2191064173 -0.0612816725  0.0058760005  0.0592939087  0.5742036771 -0.0634255300  0.0622395110  0.0071142381  0.1976480414  0.0088331651  0.0040107137  0.1898671395 -0.0092854089  0.1982547598
  0.8000000000  1.0000000000  0.6666666667  0.6666666667  0.6666666667  0.3333333333  0.6013084339  0.1702231250  0.1738116812 -0.0029061417  0.0248053034  0.0138446095  0.5693179565  0.1855153434 -0.0058891758  0.0037041266  0.0121997759  0.5602813638 -0.0066326267  0.0188514039  0.0026781586  0.1936358875  0.0031963984  0.0038903799  0.1733686708 -0.0034557820  0.1711453892
  0.8000000000  1.0000000000  0.6666666667  0.6666666667  0.6666666667  0.6666666667  0.6485860174  0.2634992215  0.2631415116 -0.0008421620  0.0014226449  0.0022339487  0.6494243263  0.2630106119 -0.0028675565  0.0001336065  0.0024379078  0.6471289603 -0.0025502904  0.0015754762  0.0006468224  0.1923227067  0.0002912983 -0.0001606407  0.1924273236 -0.0004405080  0.1925004303
  0.8000000000  1.0000000000  0.6666666667  0.6666666667  0.6666666667  1.0000000000  0.6487908928  0.2635630014  0.2633625407 -0.0001289846 -0.0004067108  0.0000239588  0.6497086994  0.2633957916 -0.0003887831 -0.0003332037  0.0001153148  0.6484911977 -0.0002162744 -0.0004379550 -0.0000171101  0.1918274791 -0.0000274296 -0.0003239387  0.1918873436 -0.0000483041  0.1918585495
  0.8000000000  1.0000000000  0.6666666667  0.6666666667  1.0000000000  0.0000000000  0.5916389082  0.2217388579  0.2143974064 -0.0092350558  0.0618443617  0.0605069822  0.5926269453  0.2209762424 -0.0605268198  0.0058917756  0.0589633793  0.5751421497 -0.0625082938  0.0599012291  0.0072109212  0.2002112859  0.0079439662  0.0036854239  0.1899993023 -0.0108856295  0.1967926363
  0.8000000000  1.0000000000  0.6666666667  0.6666666667  1.0000000000  0.3333333333  0.6265755054  0.2390850288  0.2330176835 -0.0050877687  0.0233885742  0.0308241598  0.6237532304  0.2382413612 -0.0316013584 -0.0005064885  0.0305884599  0.5994973753 -0.0328901557  0.0224355808  0.0021324594  0.1977716145  0.0022707171  0.0000152195  0.1956788184 -0.0063466908  0.1970221893
  0.8000000000  1.0000000000  0.6666666667  0.6666666667  1.0000000000  0.6666666667  0.6465637664  0.2630261830  0.2621747569 -0.0013309028  0.0005885033  0.0033939706  0.6499921341  0.2622107177 -0.0045316424 -0.0006954015  0.0036342631  0.6447896855 -0.0040303386  0.0009235067  0.0010071601  0.1923144118  0.0005995804 -0.0007412833  0.1921897099 -0.0008092586  0.1927132674
  0.8000000000  1.0000000000  0.6666666667  0.6666666667  1.0000000000  1.0000000000  0.6482019638  0.2636521705  0.2631632685 -0.0006599739 -0.0014110970  0.0008106529  0.6511839481  0.2633357260 -0.0014181742 -0.0009078553  0.0009132814  0.6478393430 -0.0010848945 -0.0013782658  0.0004670612  0.1916833186  0.0002589974 -0.0008381318  0.1916076286 -0.0003958718  0.1918035644
  0.8000000000  1.0000000000  0.6666666667  1.0000000000  0.0000000000  0.0000000000  0.7026226014  0.1350363846  0.2345325874 -0.0088812931  0.0089989160 -0.0204562019  0.4170501635  0.1420025978 -0.0151692904  0.0066520511 -0.0226821264  0.7305726441 -0.0141404202  0.0098125404 -0.0108194535  0.1331635968 -0.0067949200  0.0139518768  0.2409766477 -0.0057099241  0.1259105914
  0.8000000000  1.0000000000  0.6666666667  1.0000000000  0.0000000000  0.3333333333  0.6041702312  0.1614848306  0.2108998667  0.0031940353  0.0084012912 -0.0692852991  0.5106986917  0.1747327308  0.0124909615  0.0032753544 -0.0701764551  0.7319059834  0.0134370473  0.0103703374 -0.0332548429  0.1768816202 -0.0262737815  0.0025288353  0.2124718181  0.0015217988  0.1637986981
  0.8000000000  1.0000000000  0.6666666667  1.0000000000  0.0000000000  0.6666666667  0.5959103878  0.1600976142  0.2085348136  0.0033819223  0.0090149927 -0.0718544193  0.5120840102  0.1753054247  0.0126993051  0.0034399621 -0.0724210000  0.7324987356  0.0134192543  0.0108560481 -0.0341996080  0.1782903311 -0.0268618468  0.0027878988  0.2109779690  0.0016860866  0.1635795907
  0.8000000000  1.0000000000  0.6666666667  1.0000000000  0.0000000000  1.0000000000  0.5503335165  0.2154900200  0.2073660873  0.0068578838  0.0263397538 -0.0775241272  0.5264805084  0.2028947720  0.0240531447  0.0073085218 -0.0788135377  0.7173659469  0.0250898484  0.0270350601 -0.0424106940  0.1864286203 -0.0448251468  0.0042945673  0.1894738709  0.0033400859  0.2072831566
  0.8000000000  1.0000000000  0.6666666667  1.0000000000  0.3333333333  0.0000000000  0.5869368176  0.2115772000  0.2231170438 -0.0083163688  0.0613743536  0.0578218337  0.5842629426  0.2094830831 -0.0629944489  0.0122714684  0.0619388352  0.5930581650 -0.0616592412  0.0617677679  0.0090103610  0.1871115610  0.0066990800  0.0149885316  0.2027040612 -0.0047263098  0.1935452969
  0.8000000000  1.0000000000  0.6666666667  1.0000000000  0.3333333333  0.3333333333  0.5849682328  0.1883800923  0.1959990627 -0.0024364850  0.0243372605  0.0095306028  0.5475752503  0.1853889714 -0.0076246916  0.0009250235  0.0080794483  0.5702251841 -0.0122127191  0.0245444699  0.0012722972  0.1750599088  0.0001731901  0.0018914110  0.1926100139 -0.0031341476  0.1825134513
  0.8000000000  1.0000000000  0.6666666667  1.0000000000  0.3333333333  0.6666666667  0.6485148627  0.2632205554  0.2633439588 -0.0002381582  0.0016205545 -0.0018439585  0.6481081217  0.2632794473 -0.0004372994  0.0008118392 -0.0016022799  0.6498359356 -0.0004208284  0.0018817475 -0.0010808781  0.1918007732 -0.0008553306  0.0004250031  0.1921260358 -0.0001946739  0.1919007312
  0.8000000000  1.0000000000  0.6666666667  1.0000000000  0.3333333333  1.0000000000  0.6471760608  0.2628288197  0.2629453396  0.0003549493  0.0005143029 -0.0045966428  0.6463643664  0.2628573087  0.0011933589  0.0000190526 -0.0042464117  0.6525862412  0.0015116855  0.0011316662 -0.0024762145  0.1921437244 -0.0019589590 -0.0002721101  0.1925816202  0.0000944781  0.1924690154
  0.8000000000  1.0000000000  0.6666666667  1.0000000000  0.6666666667  0.0000000000  0.5861006165  0.2208039166  0.2191155525 -0.0059042713  0.0623679395  0.0608431666  0.5763711904  0.2136316383 -0.0637861197  0.0067093812  0.0623914398  0.5779670445 -0.0652494501  0.0633792771  0.0070255367  0.1899642831  0.0088073196  0.0078360934  0.1953708930 -0.0043397409  0.1995342822
  0.8000000000  1.0000000000  0.6666666667  1.0000000000  0.6666666667  0.3333333333  0.5843834386  0.1947515057  0.1879016330 -0.0007577988  0.0216209786  0.0201034084  0.5974851085  0.1911002237 -0.0136753173  0.0027129562  0.0199299492  0.5616997935 -0.0120425898  0.0169043499  0.0011530348  0.1836083217  0.0011619736  0.0037625614  0.1803197718 -0.0029470734  0.1916462823
  0.8000000000  1.0000000000  0.6666666667  1.0000000000  0.6666666667  0.6666666667  0.6486599743  0.2635563795  0.2631928439 -0.0008462386  0.0015009806  0.0014370018  0.6494624902  0.2632498368 -0.0023979973  0.0003480571  0.0014928578  0.6480347372 -0.0024485342  0.0018737211  0.0002563323  0.1921987564 -0.0000474240 -0.0000135423  0.1924033282 -0.0004842923  0.1925338334
  0.8000000000  1.0000000000  0.6666666667  1.0000000000  0.6666666667  1.0000000000  0.6487021192  0.2635589862  0.2632721058 -0.0000739475 -0.0002615182 -0.0003647676  0.6496752107  0.2634140545 -0.0001596790 -0.0001766247 -0.0002804123  0.6487696255 -0.0001516951 -0.0001043692 -0.0002579094  0.1917606428 -0.0002288597 -0.0002174285  0.1918517500 -0.0000547698  0.1919916825
  0.8000000000  1.0000000000  0.6666666667  1.0000000000  1.0000000000  0.0000000000  0.5902648617  0.2236748485  0.2159053176 -0.0069749128  0.0616257864  0.0595785185  0.5801946656  0.2114810201 -0.0624949890  0.0071392927  0.0608743049  0.5780780307 -0.0651465554  0.0635629940  0.0088003943  0.1894657942  0.0117115861  0.0065484839  0.1922636989 -0.0044372803  0.2035992840
  0.8000000000  1.0000000000  0.6666666667  1.0000000000  1.0000000000  0.3333333333  0.6098888392  0.1778328904  0.1706137691 -0.0036333004  0.0164852028  0.0226615593  0.5609153624  0.1836121288 -0.0089313966  0.0021299902  0.0186875366  0.5464569148 -0.0090219393  0.0139166471  0.0030756257  0.1904561213  0.0044188222  0.0025681918  0.1721035829 -0.0061072139  0.1760104171
  0.8000000000  1.0000000000  0.6666666667  1.0000000000  1.0000000000  0.6666666667  0.6476756043  0.2635448282  0.2625112866 -0.0010585650  0.0005054403  0.0027867088  0.6504449783  0.2627221964 -0.0031433813 -0.0002873620  0.0029846514  0.6461293820 -0.0030309246  0.0011390463  0.0010040873  0.1921320632  0.0005356413 -0.0004949574  0.1921494639 -0.0006216733  0.1928455405
  0.8000000000  1.0000000000  0.6666666667  1.0000000000  1.0000000000  1.0000000000  0.6485669026  0.2637512127  0.2631166868 -0.0003892418 -0.0006146057  0.0009872643  0.6505626394  0.2633147295 -0.0008839021 -0.0004448982  0.0010028597  0.6478133636 -0.0008092245 -0.0004265585  0.0004016467  0.1917749516  0.0001828447 -0.0004426667  0.1918119226 -0.0002576584  0.1922296527
  0.8000000000  1.0000000000  1.0000000000  0.0000000000  0.0000000000  0.0000000000  0.5366917176  0.1629925544  0.1605072174  0.0161674092 -0.0032947524  0.0561249254  0.4840556809  0.1485426208  0.0495585466 -0.0002591260  0.0612143265  0.5128868671  0.0530466665 -0.0022174205  0.0161455510  0.1661422442  0.0193511446  0.0033952829  0.1815723042  0.0189204427  0.1749903755
  0.8000000000  1.0000000000  1.0000000000  0.0000000000  0.0000000000  0.3333333333  0.7226112343  0.1888439960  0.1870135436  0.0412243067  0.0026623165  0.0016878089  0.5211778150  0.1671343494  0.0820726162  0.0005315477  0.0025193350  0.5359655387  0.0823478579  0.0023920231  0.0000206717  0.1669760016  0.0002239832  0.0005630545  0.1938951885  0.0375499262  0.1899876599
  0.8000000000  1.0000000000  1.0000000000  0.0000000000  0.0000000000  0.6666666667  0.7269595309  0.1855622813  0.1875749466  0.0425133997  0.0009464024  0.0014490659  0.5120466101  0.1628896011  0.0845743449  0.0001320081  0.0019801003  0.5402779999  0.0843342484  0.0009116568  0.0001751305  0.1652541066  0.0001474479  0.0002774349  0.1953320624  0.0380442838  0.1882872035
  0.8000000000  1.0000000000  1.0000000000  0.0000000000  0.0000000000  1.0000000000  0.7578687887  0.1939908816  0.1958474324  0.0592749655 -0.0000000000 -0.0000000000  0.4804091651  0.1974324713  0.1023568100  0.0000000000 -0.0000000000  0.4896088771  0.1015762933 -0.0000000000  0.0000000000  0.1812513365 -0.0000000000 -0.0000000000  0.1846074999  0.0574207859  0.1874102294
  0.8000000000  1.0000000000  1.0000000000  0.0000000000  0.3333333333  0.0000000000  0.5732927906  0.2044206653  0.2277098366 -0.0086153621  0.0644877857  0.0501349456  0.6325182255  0.2072049579 -0.0492784332  0.0251585825  0.0534731003  0.5961586747 -0.0471884183  0.0634460166  0.0111904168  0.1850654524  0.0061227055  0.0305636402  0.2134147434 -0.0034531150  0.1868223518
  0.8000000000  1.0000000000  1.0000000000  0.0000000000  0.3333333333  0.3333333333  0.6554811480  0.2600945394  0.2594755486  0.0042844373  0.0035438772  0.0041612904  0.6415118507  0.2606796384  0.0064813105  0.0015396652  0.0042305611  0.6387114257  0.0060531850  0.0035685826  0.0017726191  0.1926634699  0.0011455242  0.0010028233  0.1916519675  0.0043870126  0.1922816207
  0.8000000000  1.0000000000  1.0000000000  0.0000000000  0.3333333333  0.6666666667  0.6581593539  0.2598737994  0.2595482176  0.0054473403  0.0010086267  0.0012441372  0.6384168567  0.2611918110  0.0093889756  0.0005882828  0.0013054288  0.6356063000  0.0090205279  0.0010308931  0.0007057379  0.1922968447  0.0004738947  0.0003960845  0.1908294193  0.0055671292  0.1912914838
  0.8000000000  1.0000000000  1.0000000000  0.0000000000  0.3333333333  1.0000000000  0.5814679246  0.1885644238  0.1869424640  0.0078876899 -0.0000000000 -0.0000000000  0.5769912769  0.1902973220  0.0161103686  0.0000000000 -0.0000000000  0.5678193692  0.0187444640 -0.0000000000  0.0000000000  0.1782514727 -0.0000000000 -0.0000000000  0.1948244469  0.0094464815  0.1845988761
  0.8000000000  1.0000000000  1.0000000000  0.0000000000  0.6666666667  0.0000000000  0.5681220124  0.2170303369  0.2219257672 -0.0055606862  0.0610129575  0.0570916530  0.6175897979  0.2211443336 -0.0525076512  0.0134790780  0.0592622844  0.5909649928 -0.0501149177  0.0599441258  0.0088801680  0.1936061084  0.0066163795  0.0158051930  0.2010113409 -0.0043352047  0.1922551097
  0.8000000000  1.0000000000  1.0000000000  0.0000000000  0.6666666667  0.3333333333  0.6461005837  0.2617366472  0.2620757771  0.0007862206  0.0051992199  0.0053908651  0.6461020821  0.2623068756 -0.0015395685  0.0016097833  0.0054538926  0.6469950435 -0.0010520262  0.0052317845  0.0016142866  0.1929078568  0.0011233748  0.0010880882  0.1925861266  0.0008189819  0.1924150321
  0.8000000000  1.0000000000  1.0000000000  0.0000000000  0.6666666667  0.6666666667  0.6521562878  0.2631057188  0.2633888256  0.0016641360  0.0014669756  0.0015002069  0.6480175060  0.2633589918  0.0023037167  0.0008825368  0.0017112607  0.6480355461  0.0027064538  0.0014485149  0.0008419681  0.1925444932  0.0004345743  0.0004397073  0.1923970255  0.0015618065  0.1922847366
  0.8000000000  1.0000000000  1.0000000000  0.0000000000  0.6666666667  1.0000000000  0.6514271179  0.2631857803  0.2633952591  0.0015611595 -0.0000000000 -0.0000000000  0.6476976792  0.2634089645  0.0024459160  0.0000000000 -0.0000000000  0.6475748944  0.0026832924 -0.0000000000  0.0000000000  0.1918735400 -0.0000000000 -0.0000000000  0.1916708346  0.0014092949  0.1916478509
  0.8000000000  1.0000000000  1.0000000000  0.0000000000  1.0000000000  0.0000000000  0.5383839006  0.2043305894  0.2048011487 -0.0061717624  0.0678486420  0.0653313970  0.6198816231  0.2279168887 -0.0516519547  0.0118560595  0.0652581272  0.5997780428 -0.0510892793  0.0653633213  0.0091562310  0.2064049462  0.0058173982  0.0094603293  0.1906046074 -0.0077299659  0.1849973768
  0.8000000000  1.0000000000  1.0000000000  0.0000000000  1.0000000000  0.3333333333  0.5495744271  0.1881073207  0.1804821155 -0.0000586386  0.0037489227  0.0086996504  0.6009476480  0.1983100106 -0.0045248394  0.0004434070  0.0101401540  0.5577342010 -0.0037563670  0.0041687601  0.0031863372  0.1874830900  0.0033783170  0.0004801060  0.1886393146 -0.0002178090  0.1887292786
  0.8000000000  1.0000000000  1.0000000000  0.0000000000  1.0000000000  0.6666666667  0.6480216763  0.2616826103  0.2620175858  0.0001075062  0.0049281510  0.0053480262  0.6478737651  0.2619753387 -0.0042747118  0.0009822386  0.0054656615  0.6490385408 -0.0036111945  0.0049211684  0.0011407620  0.1941044683  0.0006325801  0.0006944668  0.1942354982  0.0003629031  0.1938090094
  0.8000000000  1.0000000000  1.0000000000  0.0000000000  1.0000000000  1.0000000000  0.6491174926  0.2633895744  0.2634791362  0.0003548154 -0.0000000000 -0.0000000000  0.6487849130  0.2635297759  0.0004283042 -0.0000000000 -0.0000000000  0.6490186303  0.0004935605 -0.0000000000 -0.0000000000  0.1919952005 -0.0000000000 -0.0000000000  0.1918444185  0.0003579581  0.1918245120
  0.8000000000  1.0000000000  1.0000000000  0.3333333333  0.0000000000  0.0000000000  0.6842472494  0.1520933752  0.2268702634  0.0136654929  0.0076541091  0.0318633231  0.4445373754  0.1629370509  0.0308538838  0.0055491360  0.0221534731  0.6880980983  0.0292722861  0.0063739179  0.0143143454  0.1494100005  0.0084643003  0.0098145958  0.2274737525  0.0100881854  0.1454054432
  0.8000000000  1.0000000000  1.0000000000  0.3333333333  0.0000000000  0.3333333333  0.7608036596  0.1795515097  0.2239207688  0.0454998602  0.0031146855  0.0026373050  0.4590128199  0.1734102123  0.0788884076  0.0010265277  0.0026994877  0.6234370735  0.0776930633  0.0031312015  0.0005630369  0.1623118685  0.0004006389  0.0015967073  0.2152356635  0.0372618429  0.1763160774
  0.8000000000  1.0000000000  1.0000000000  0.3333333333  0.0000000000  0.6666666667  0.7510215884  0.1788988696  0.2050804055  0.0591555346  0.0031390582 -0.0020843074  0.4381577871  0.1884760516  0.1035790456  0.0003633741 -0.0014810848  0.5354582586  0.0989789965  0.0033311791 -0.0004625321  0.1808127709 -0.0000025704  0.0002273371  0.1950686575  0.0546859146  0.1774335035
  0.8000000000  1.0000000000  1.0000000000  0.3333333333  0.0000000000  1.0000000000  0.6118904714  0.1612510101  0.1564950725  0.0269981018  0.0061154818 -0.0021953890  0.4891651981  0.1464965962  0.0756452873  0.0007592416 -0.0009366237  0.5561383878  0.0750145791  0.0044470917 -0.0006609442  0.1564244616 -0.0009015137  0.0008278790  0.1858467945  0.0265507555  0.1806231234
  0.8000000000  1.0000000000  1.0000000000  0.3333333333  0.3333333333  0.0000000000  0.5851582820  0.1970015776  0.2300003980 -0.0096038826  0.0650679215  0.0492570870  0.6247576031  0.2009814821 -0.0517281085  0.0274254704  0.0543855159  0.6093205481 -0.0477491406  0.0642585221  0.0117369455  0.1826567089  0.0052437829  0.0323609568  0.2198105136 -0.0034627833  0.1841137724
  0.8000000000  1.0000000000  1.0000000000  0.3333333333  0.3333333333  0.3333333333  0.6506734554  0.2612337532  0.2629584936  0.0016337888  0.0037829941  0.0027271344  0.6444013852  0.2616390412  0.0013787237  0.0019777476  0.0026640007  0.6481485050  0.0027206279  0.0041654108  0.0011523649  0.1918806782  0.0008382332  0.0012760976  0.1929423676  0.0015381201  0.1911242688
  0.8000000000  1.0000000000  1.0000000000  0.3333333333  0.3333333333  0.6666666667  0.6676715265  0.2552872438  0.2599054310  0.0068059412  0.0045736524 -0.0025361753  0.6283139276  0.2553241203  0.0109288722  0.0004345512 -0.0009445406  0.6429456042  0.0145300447  0.0035934382  0.0002858245  0.1929087071  0.0004582753  0.0000573474  0.1955579828  0.0065329921  0.1904986615
  0.8000000000  1.0000000000  1.0000000000  0.3333333333  0.3333333333  1.0000000000  0.6572017128  0.2603263772  0.2629254499  0.0037349837  0.0006107795 -0.0013005196  0.6391544801  0.2608416683  0.0053579487  0.0001787282 -0.0009429338  0.6462897250  0.0072399400  0.0006907230 -0.0005612439  0.1915678187 -0.0002603096 -0.0000815311  0.1934049248  0.0032181191  0.1907153400
  0.8000000000  1.0000000000  1.0000000000  0.3333333333  0.6666666667  0.0000000000  0.5805390005  0.1971760447  0.2278695300 -0.0099094687  0.0662603302  0.0520836716  0.6204148151  0.2012639104 -0.0555786605  0.0262807310  0.0577981180  0.6022584742 -0.0513057664  0.0652354200  0.0117155337  0.1834372591  0.0050877511  0.0311842878  0.2177522343 -0.0036164287  0.1843503971
  0.8000000000  1.0000000000  1.0000000000  0.3333333333  0.6666666667  0.3333333333  0.6468508508  0.2617855980  0.2624425909  0.0005116115  0.0047120660  0.0045864262  0.6461442530  0.2622448908 -0.0017541872  0.0016512314  0.0047871990  0.6480193204 -0.0009052391  0.0050145188  0.0014727492  0.1926838200  0.0010365130  0.0010984151  0.1927380316  0.0006880148  0.1920121896
  0.8000000000  1.0000000000  1.0000000000  0.3333333333  0.6666666667  0.6666666667  0.6505238380  0.2633611079  0.2638263351  0.0007568220  0.0008007998  0.0006701393  0.6480698419  0.2634108482  0.0009327286  0.0005137626  0.0008081396  0.6491589514  0.0014941465  0.0009945450  0.0004073591  0.1917526846  0.0003439351  0.0002854882  0.1920730484  0.0007576829  0.1914666465
  0.8000000000  1.0000000000  1.0000000000  0.3333333333  0.6666666667  1.0000000000  0.6513279176  0.2632524367  0.2638463505  0.0010830053 -0.0002131909 -0.0003142106  0.6476586361  0.2633034095  0.0014851986 -0.0000922068 -0.0001067556  0.6487825689  0.0021031857 -0.0000337773 -0.0001320200  0.1916708533 -0.0000305428 -0.0001508324  0.1920932518  0.0010260232  0.1914254061
  0.8000000000  1.0000000000  1.0000000000  0.3333333333  1.0000000000  0.0000000000  0.5431636777  0.2052369434  0.2086433843 -0.0063698188  0.0653281535  0.0639589306  0.6206597555  0.2247118540 -0.0525970704  0.0123631775  0.0649348465  0.6017337570 -0.0515764671  0.0632760379  0.0100409904  0.2030973123  0.0065013287  0.0108496594  0.1944392204 -0.0066192183  0.1861503207
  0.8000000000  1.0000000000  1.0000000000  0.3333333333  1.0000000000  0.3333333333  0.5589760659  0.1809382473  0.1826460450 -0.0022601464  0.0056177019  0.0099454109  0.6080238994  0.1888472040 -0.0106473871 -0.0003718890  0.0142919030  0.5643894502 -0.0093554391  0.0047039436  0.0042759246  0.1787578562  0.0037279456 -0.0010127540  0.1917815300 -0.0025348112  0.1818614960
  0.8000000000  1.0000000000  1.0000000000  0.3333333333  1.0000000000  0.6666666667  0.6496432318  0.2611776690  0.2621796317  0.0000691630  0.0035252553  0.0049382369  0.6480418816  0.2615877342 -0.0042018555  0.0004624320  0.0054494158  0.6512357708 -0.0029515540  0.0037936576  0.0013804440  0.1939165801  0.0008623765  0.0001254634  0.1949159986  0.0004727777  0.1936789504
  0.8000000000  1.0000000000  1.0000000000  0.3333333333  1.0000000000  1.0000000000  0.6500119129  0.2635680228  0.2637939841  0.0004398366 -0.0004999566  0.0000303458  0.6490613216  0.2635925452  0.0004434618 -0.0002656574  0.0002137475  0.6492174917  0.0009747623 -0.0003338416  0.0000729282  0.1917769570  0.0001071227 -0.0002674436  0.1919092346  0.0005126582  0.1915399898
  0.8000000000  1.0000000000  1.0000000000  0.6666666667  0.0000000000  0.0000000000  0.7277145055  0.1606527606  0.2557010444  0.0001027351  0.0200974674 -0.0004156222  0.4703647934  0.1643536505  0.0004393967  0.0134968758 -0.0005561021  0.7494612168  0.0003770524  0.0202626918 -0.0001575632  0.1402868534 -0.0000455233  0.0205882792  0.2498829237  0.0000137859  0.1386173694
  0.8000000000  1.0000000000  1.0000000000  0.6666666667  0.0000000000  0.3333333333  0.6565661085  0.1711257715  0.2384336467  0.0146725227  0.0379954363 -0.0598337070  0.4803408406  0.1728995324  0.0632444779  0.0106832724 -0.0644238106  0.6849898315  0.0592599191  0.0377584400 -0.0167088319  0.1636207733 -0.0068592860  0.0128907710  0.2315537304  0.0059431201  0.1668933732
  0.8000000000  1.0000000000  1.0000000000  0.6666666667  0.0000000000  0.6666666667  0.5562438184  0.1567426343  0.1954472778  0.0142558278  0.0145942295 -0.0067737406  0.4718672717  0.1564516921  0.0371365667  0.0051728837 -0.0047243792  0.6118239578  0.0355743948  0.0180988973 -0.0030403928  0.1591891217 -0.0025180851  0.0049248021  0.1990667601  0.0119807100  0.1655922809
  0.8000000000  1.0000000000  1.0000000000  0.6666666667  0.0000000000  1.0000000000  0.5860493678  0.1576068973  0.1844776397  0.0200828732  0.0125891935 -0.0062660103  0.4699433874  0.1470845847  0.0517051355  0.0041798155 -0.0050250118  0.6103270978  0.0462652028  0.0143485190 -0.0046642695  0.1504260116 -0.0051776374  0.0037945802  0.1966133201  0.0152765210  0.1695500760
  0.8000000000  1.0000000000  1.0000000000  0.6666666667  0.3333333333  0.0000000000  0.6188266614  0.1887169373  0.2368077901 -0.0117877371  0.0564171582  0.0497696752  0.5910890511  0.1919520335 -0.0548472761  0.0246823211  0.0560644537  0.6447287375 -0.0496489293  0.0552129876  0.0133204194  0.1770882286  0.0047114065  0.0287559142  0.2286218126 -0.0042877186  0.1794377911
  0.8000000000  1.0000000000  1.0000000000  0.6666666667  0.3333333333  0.3333333333  0.6483890664  0.2615035007  0.2628985919  0.0005183569  0.0043385684  0.0007967471  0.6454563949  0.2618915605 -0.0002800070  0.0019006312  0.0012755450  0.6488417172  0.0004182269  0.0050099174  0.0001353160  0.1918427378  0.0001092063  0.0012282609  0.1929884560  0.0005379480  0.1913257158
  0.8000000000  1.0000000000  1.0000000000  0.6666666667  0.3333333333  0.6666666667  0.6203086272  0.1663738087  0.1962180493  0.0043103352  0.0005792686 -0.0064064973  0.5581586676  0.1696974338  0.0078821096 -0.0004081642 -0.0061450977  0.6396998607  0.0092210758  0.0006695383 -0.0026754261  0.1638854592 -0.0023288696 -0.0012118227  0.2088445883  0.0040776259  0.1634904517
  0.8000000000  1.0000000000  1.0000000000  0.6666666667  0.3333333333  1.0000000000  0.6539656118  0.2600022580  0.2632795757  0.0020550516  0.0008391033 -0.0064247297  0.6367910912  0.2597089590  0.0032636147 -0.0003287977 -0.0038970516  0.6520204653  0.0056174085  0.0014070841 -0.0025134008  0.1905816660 -0.0019501238 -0.0007251775  0.1944617793  0.0017570673  0.1908752422
  0.8000000000  1.0000000000  1.0000000000  0.6666666667  0.6666666667  0.0000000000  0.5906674996  0.1931308705  0.2303592480 -0.0111875494  0.0640617298  0.0536412360  0.6085159996  0.1965438899 -0.0582219445  0.0261399360  0.0596091433  0.6131103121 -0.0538709938  0.0627524948  0.0125337907  0.1802733630  0.0050825734  0.0308027038  0.2211140530 -0.0045731594  0.1822204227
  0.8000000000  1.0000000000  1.0000000000  0.6666666667  0.6666666667  0.3333333333  0.6395455111  0.2591924964  0.2597360415 -0.0001758556  0.0117585805  0.0110512111  0.6395451269  0.2595554645 -0.0102060832  0.0014343188  0.0115361794  0.6416366720 -0.0096708003  0.0123813254  0.0009734923  0.1938211981  0.0009818517  0.0012062787  0.1940493098 -0.0001818326  0.1932410871
  0.8000000000  1.0000000000  1.0000000000  0.6666666667  0.6666666667  0.6666666667  0.6498365136  0.2632645825  0.2636938624  0.0002392613  0.0009242388 -0.0000864647  0.6481828578  0.2632420533  0.0001128985  0.0005418825  0.0002768220  0.6495939434  0.0004260573  0.0013089039 -0.0000010756  0.1916483540  0.0000138116  0.0002114163  0.1922924335  0.0002737709  0.1916633294
  0.8000000000  1.0000000000  1.0000000000  0.6666666667  0.6666666667  1.0000000000  0.6517992945  0.2630719493  0.2640152793  0.0010367927 -0.0007289562 -0.0015830657  0.6473354151  0.2628793200  0.0011841536 -0.0004086142 -0.0007634202  0.6500158111  0.0021617787 -0.0000691442 -0.0007355109  0.1917343418 -0.0003701442 -0.0006768127  0.1930476589  0.0008151910  0.1919063149
  0.8000000000  1.0000000000  1.0000000000  0.6666666667  1.0000000000  0.0000000000  0.5576184485  0.2054665401  0.2140938182 -0.0082703192  0.0629599384  0.0616469345  0.6207277037  0.2181969554 -0.0545762634  0.0146564674  0.0633567967  0.6028894559 -0.0530441734  0.0610823109  0.0114476889  0.1980303533  0.0067842391  0.0139472763  0.2007553971 -0.0066003573  0.1875742084
  0.8000000000  1.0000000000  1.0000000000  0.6666666667  1.0000000000  0.3333333333  0.6316692415  0.2567938109  0.2566211846 -0.0002416901  0.0179157885  0.0188516765  0.6337750813  0.2572098077 -0.0182391443  0.0003137580  0.0195511423  0.6346936556 -0.0176020937  0.0187808734  0.0009049874  0.1954567041  0.0013723260  0.0008675349  0.1954095641 -0.0005984924  0.1953658330
  0.8000000000  1.0000000000  1.0000000000  0.6666666667  1.0000000000  0.6666666667  0.6492275856  0.2611822132  0.2618393118 -0.0001594037  0.0020889400  0.0034561616  0.6502977266  0.2614549601 -0.0033664190  0.0000187674  0.0045151792  0.6527864743 -0.0020749702  0.0027459413  0.0011914338  0.1936244718  0.0007098289 -0.0004493875  0.1947943505  0.0003784345  0.1939077589
  0.8000000000  1.0000000000  1.0000000000  0.6666666667  1.0000000000  1.0000000000  0.6498003859  0.2636473408  0.2637309755  0.0002176537 -0.0011079946 -0.0003513788  0.6497393998  0.2633527066  0.0001058847 -0.0005136071  0.0000524234  0.6490329528  0.0005811926 -0.0005594053 -0.0001040742  0.1914669059  0.0000068798 -0.0006099286  0.1920755879  0.0002980159  0.1917015171
  0.8000000000  1.0000000000  1.0000000000  1.0000000000  0.0000000000  0.0000000000  0.7052967711  0.1482997005  0.2412368841 -0.0031247138  0.0101057438 -0.0054483841  0.4656149742  0.1576124293 -0.0058074953  0.0071929421 -0.0058649706  0.7428722397 -0.0055930044  0.0127424397 -0.0033206706  0.1433552731 -0.0019838141  0.0151778181  0.2417289040 -0.0018728271  0.1320607990
  0.8000000000  1.0000000000  1.0000000000  1.0000000000  0.0000000000  0.3333333333  0.6467402415  0.1519371734  0.2225369502  0.0022939544  0.0045526209 -0.0549915498  0.4671907580  0.1643684975  0.0076548276  0.0016809219 -0.0556891484  0.7481036540  0.0090907416  0.0068737456 -0.0279764754  0.1660697011 -0.0219555058  0.0013473319  0.2239658731  0.0009780821  0.1466712351
  0.8000000000  1.0000000000  1.0000000000  1.0000000000  0.0000000000  0.6666666667  0.6270439294  0.1506363299  0.2168274185  0.0023655306  0.0036052894 -0.0692459262  0.4442519151  0.1580513396  0.0079277419  0.0012019464 -0.0693713045  0.7393751290  0.0085244894  0.0052275206 -0.0348394872  0.1635884952 -0.0288968904  0.0003635708  0.2196846628  0.0009639807  0.1515093709
  0.8000000000  1.0000000000  1.0000000000  1.0000000000  0.0000000000  1.0000000000  0.5531265536  0.1678435142  0.1992997633  0.0042054245  0.0012560054 -0.0581867932  0.4399932900  0.1669136005  0.0086616308  0.0001279169 -0.0581055612  0.7213379940  0.0080850646  0.0011394025 -0.0339077610  0.1641277506 -0.0345249869 -0.0005780564  0.1999894825  0.0030873940  0.1738444952
  0.8000000000  1.0000000000  1.0000000000  1.0000000000  0.3333333333  0.0000000000  0.6219364882  0.1875547153  0.2370063271 -0.0123078020  0.0550591330  0.0512433833  0.5825363577  0.1903986812 -0.0567816060  0.0232219114  0.0574771593  0.6481446830 -0.0514179551  0.0536960969  0.0135776819  0.1766500666  0.0046620292  0.0272170576  0.2293143881 -0.0045606750  0.1793060161
  0.8000000000  1.0000000000  1.0000000000  1.0000000000  0.3333333333  0.3333333333  0.5997983306  0.2128348989  0.2219800508  0.0002362747  0.0169750695 -0.0038244836  0.5718389613  0.2098090309 -0.0064719511  0.0041533360  0.0066031279  0.6563935973 -0.0057934589  0.0208148676 -0.0034566921  0.1827746755 -0.0060234662  0.0037271125  0.1984719649  0.0001823451  0.1889251926
  0.8000000000  1.0000000000  1.0000000000  1.0000000000  0.3333333333  0.6666666667  0.6481592989  0.2605129863  0.2626195197  0.0001797095  0.0008837080 -0.0079563902  0.6369023429  0.2597143129  0.0002617910  0.0006818708 -0.0043813149  0.6554133286  0.0003600296  0.0015047178 -0.0035922734  0.1891241868 -0.0032908494  0.0002880665  0.1932509619  0.0000850560  0.1903603691
  0.8000000000  1.0000000000  1.0000000000  1.0000000000  0.3333333333  1.0000000000  0.6444751047  0.2568772119  0.2602867996  0.0005831116 -0.0002116552 -0.0170063833  0.6204812648  0.2538433507  0.0008201750 -0.0000843453 -0.0090844864  0.6632309301  0.0011614675  0.0003860678 -0.0075782385  0.1859629769 -0.0075672471 -0.0002633229  0.1947480706  0.0003231076  0.1895569646
  0.8000000000  1.0000000000  1.0000000000  1.0000000000  0.6666666667  0.0000000000  0.6015202780  0.1947521293  0.2317714347 -0.0117502255  0.0593312545  0.0534895935  0.5999871520  0.1976510838 -0.0591793318  0.0226478019  0.0590011203  0.6241384995 -0.0546801124  0.0575044799  0.0123270683  0.1817949570  0.0044461498  0.0268060023  0.2220074916 -0.0050908749  0.1826849410
  0.8000000000  1.0000000000  1.0000000000  1.0000000000  0.6666666667  0.3333333333  0.6449639358  0.2619560281  0.2621593097 -0.0007705638  0.0048275153  0.0027407180  0.6465775652  0.2624583889 -0.0038001467  0.0016096626  0.0031056186  0.6478720856 -0.0038206668  0.0057426059  0.0002449849  0.1924630455  0.0000996546  0.0009784156  0.1926604278 -0.0004215619  0.1920892452
  0.8000000000  1.0000000000  1.0000000000  1.0000000000  0.6666666667  0.6666666667  0.6489308059  0.2631120016  0.2634292015 -0.0001959008  0.0012775175 -0.0014513787  0.6478595105  0.2631191115 -0.0007266792  0.0006409278 -0.0006005486  0.6511471325 -0.0007304797  0.0020055633 -0.0008584941  0.1917825257 -0.0008354419  0.0001248122  0.1928278116  0.0000495046  0.1922845909
  0.8000000000  1.0000000000  1.0000000000  1.0000000000  0.6666666667  1.0000000000  0.6494466782  0.2631637278  0.2635376747  0.0003920949 -0.0008504348 -0.0032819707  0.6473183287  0.2628072798  0.0005518887 -0.0002578779 -0.0022424602  0.6510030399  0.0007816855 -0.0000618945 -0.0016975342  0.1911297723 -0.0012977780 -0.0005481290  0.1924711350  0.0002666652  0.1918336859
  0.8000000000  1.0000000000  1.0000000000  1.0000000000  1.0000000000  0.0000000000  0.5640729150  0.2072578557  0.2177450148 -0.0084613253  0.0610497092  0.0586316456  0.6262949769  0.2182132919 -0.0523032390  0.0159537368  0.0608050727  0.6072395547 -0.0505928531  0.0592938794  0.0114833019  0.1972679064  0.0065108540  0.0157547613  0.2035384642 -0.0062663590  0.1886079740
  0.8000000000  1.0000000000  1.0000000000  1.0000000000  1.0000000000  0.3333333333  0.6460879046  0.2628137808  0.2623400337 -0.0006794828  0.0025908651  0.0027167686  0.6486261649  0.2627875833 -0.0024947641  0.0010494379  0.0029846180  0.6478122314 -0.0023835669  0.0033664268  0.0009666568  0.1919487971  0.0006563853  0.0006192495  0.1919099447 -0.0003936219  0.1920216200
  0.8000000000  1.0000000000  1.0000000000  1.0000000000  1.0000000000  0.6666666667  0.6475877132  0.2616859516  0.2613982861 -0.0006742562  0.0034061889  0.0028713446  0.6502520951  0.2618998474 -0.0035627804  0.0005651408  0.0034410363  0.6518492937 -0.0035137347  0.0040873040  0.0005110270  0.1932834758  0.0000746813  0.0000739133  0.1942604904 -0.0002900151  0.1941871043
  0.8000000000  1.0000000000  1.0000000000  1.0000000000  1.0000000000  1.0000000000  0.6491305419  0.2636029063  0.2634298856  0.0000729364 -0.0003346640 -0.0006415494  0.6494095258  0.2633481630  0.0000658302 -0.0001379747 -0.0003253951  0.6489308346  0.0000826135 -0.0000099780 -0.0003202238  0.1915232678 -0.0002437283 -0.0002208365  0.1919238279  0.0000788011  0.1919066097
