  0.8000000000  0.3333333333  0.0000000000  0.0000000000  0.0000000000  0.0000000000  0.7804200149  0.2369168379  0.1602626490 -0.0000000000 -0.0000000000 -0.0000000000  0.6980255909  0.1408230118 -0.0000000000  0.0000000000 -0.0000000000  0.4477762862 -0.0000000000 -0.0000000000  0.0000000000  0.1243017514 -0.0000000000 -0.0000000000  0.1580023388 -0.0000000000  0.2385848750
  0.8000000000  0.3333333333  0.0000000000  0.0000000000  0.0000000000  0.3333333333  0.7996216502  0.1774097790  0.2482863328  0.0097827690 -0.0000000000 -0.0000000000  0.4626959914  0.1537667613  0.0203100837 -0.0000000000 -0.0000000000  0.7212945461  0.0135057919 -0.0000000000  0.0000000000  0.1263946105 -0.0000000000 -0.0000000000  0.2394186521  0.0062334636  0.1686162468
  0.8000000000  0.3333333333  0.0000000000  0.0000000000  0.0000000000  0.6666666667  0.7848637703  0.1481440852  0.2434982498  0.0266501382 -0.0000000000 -0.0000000000  0.3812287234  0.1351092601  0.0500927417 -0.0000000000 -0.0000000000  0.7252348383  0.0420696797 -0.0000000000  0.0000000000  0.1227874024 -0.0000000000 -0.0000000000  0.2426360127  0.0164737331  0.1450463447
  0.8000000000  0.3333333333  0.0000000000  0.0000000000  0.0000000000  1.0000000000  0.7843308721  0.1480003146  0.2432830769  0.0265163298 -0.0000000000 -0.0000000000  0.3819876690  0.1354371728  0.0502760919  0.0000000000 -0.0000000000  0.7254101354  0.0422162647 -0.0000000000  0.0000000000  0.1234642084 -0.0000000000 -0.0000000000  0.2425523296  0.0164097857  0.1453231455
  0.8000000000  0.3333333333  0.0000000000  0.0000000000  0.3333333333  0.0000000000  0.7798449659  0.2360214369  0.1578100363 -0.0126397393 -0.0000000000 -0.0000000000  0.6967662200  0.1399539731 -0.0232777676 -0.0000000000 -0.0000000000  0.4434034168 -0.0277249168 -0.0000000000 -0.0000000000  0.1268077895 -0.0000000000 -0.0000000000  0.1583212810 -0.0085905054  0.2388141185
  0.8000000000  0.3333333333  0.0000000000  0.0000000000  0.3333333333  0.3333333333  0.6719288336  0.2585723148  0.2555208179 -0.0024412539 -0.0000000000 -0.0000000000  0.6417980997  0.2514393087 -0.0086662359  0.0000000000 -0.0000000000  0.6278013151 -0.0003968758 -0.0000000000  0.0000000000  0.1858291463 -0.0000000000 -0.0000000000  0.1884969894 -0.0023753022  0.1941734928
  0.8000000000  0.3333333333  0.0000000000  0.0000000000  0.3333333333  0.6666666667  0.6558470727  0.2608527818  0.2632101776  0.0007130037 -0.0000000000 -0.0000000000  0.6426317239  0.2605356610  0.0004734007 -0.0000000000 -0.0000000000  0.6498384600  0.0020731994 -0.0000000000  0.0000000000  0.1897157813 -0.0000000000 -0.0000000000  0.1922216206  0.0008619564  0.1900762344
  0.8000000000  0.3333333333  0.0000000000  0.0000000000  0.3333333333  1.0000000000  0.6549966529  0.2593351254  0.2630250611  0.0014757459 -0.0000000000 -0.0000000000  0.6393961921  0.2603487296  0.0012339605  0.0000000000 -0.0000000000  0.6517153457  0.0039577875 -0.0000000000  0.0000000000  0.1901369184 -0.0000000000 -0.0000000000  0.1927486213  0.0017051417  0.1889160185
  0.8000000000  0.3333333333  0.0000000000  0.0000000000  0.6666666667  0.0000000000  0.7795919651  0.2360433748  0.1569137957 -0.0128381517 -0.0000000000 -0.0000000000  0.6971809830  0.1389216848 -0.0236509640 -0.0000000000 -0.0000000000  0.4392558115 -0.0277590020 -0.0000000000  0.0000000000  0.1259381074 -0.0000000000 -0.0000000000  0.1569843186 -0.0087132178  0.2390102718
  0.8000000000  0.3333333333  0.0000000000  0.0000000000  0.6666666667  0.3333333333  0.6768818931  0.2592912499  0.2476604744 -0.0060623065 -0.0000000000 -0.0000000000  0.6512232210  0.2480145442 -0.0175161734 -0.0000000000 -0.0000000000  0.6094434688 -0.0043600744 -0.0000000000 -0.0000000000  0.1876179049 -0.0000000000 -0.0000000000  0.1847300159 -0.0060402174  0.1987054732
  0.8000000000  0.3333333333  0.0000000000  0.0000000000  0.6666666667  0.6666666667  0.6517882611  0.2631591305  0.2629958090 -0.0003827625 -0.0000000000 -0.0000000000  0.6494644851  0.2625235221 -0.0011101823  0.0000000000 -0.0000000000  0.6479691969 -0.0002194130 -0.0000000000  0.0000000000  0.1910878806 -0.0000000000 -0.0000000000  0.1910758589 -0.0002036785  0.1916332273
  0.8000000000  0.3333333333  0.0000000000  0.0000000000  0.6666666667  1.0000000000  0.6505179425  0.2623586505  0.2628294978  0.0002195042 -0.0000000000 -0.0000000000  0.6486497626  0.2626387846  0.0000089628  0.0000000000 -0.0000000000  0.6502772605  0.0007719690 -0.0000000000  0.0000000000  0.1911159709 -0.0000000000 -0.0000000000  0.1910507008  0.0003558368  0.1906454200
  0.8000000000  0.3333333333  0.0000000000  0.0000000000  1.0000000000  0.0000000000  0.7690967954  0.2329448641  0.1421014132 -0.0190799547 -0.0000000000 -0.0000000000  0.6967223158  0.1307006292 -0.0353040133  0.0000000000 -0.0000000000  0.4006282269 -0.0426406045 -0.0000000000  0.0000000000  0.1250062208 -0.0000000000 -0.0000000000  0.1444805540 -0.0130435324  0.2389583259
  0.8000000000  0.3333333333  0.0000000000  0.0000000000  1.0000000000  0.3333333333  0.6818483148  0.2545588218  0.2401312209 -0.0073524990 -0.0000000000 -0.0000000000  0.6562444217  0.2446997506 -0.0231729600 -0.0000000000 -0.0000000000  0.6042486364 -0.0035512554 -0.0000000000 -0.0000000000  0.1904170553 -0.0000000000 -0.0000000000  0.1827411044 -0.0078552355  0.1993132047
  0.8000000000  0.3333333333  0.0000000000  0.0000000000  1.0000000000  0.6666666667  0.6513198503  0.2630406979  0.2615251883 -0.0010855508 -0.0000000000 -0.0000000000  0.6519837631  0.2618496948 -0.0026264375  0.0000000000 -0.0000000000  0.6452887256 -0.0010915666 -0.0000000000 -0.0000000000  0.1907293011 -0.0000000000 -0.0000000000  0.1897736414 -0.0007646940  0.1917206030
  0.8000000000  0.3333333333  0.0000000000  0.0000000000  1.0000000000  1.0000000000  0.6494129926  0.2631468631  0.2628049860 -0.0002914934 -0.0000000000 -0.0000000000  0.6507396958  0.2631649576 -0.0008320579 -0.0000000000 -0.0000000000  0.6493151069 -0.0001820845 -0.0000000000  0.0000000000  0.1916730529 -0.0000000000 -0.0000000000  0.1909914170 -0.0001318239  0.1913050006
  0.8000000000  0.3333333333  0.0000000000  0.3333333333  0.0000000000  0.0000000000  0.7783497355  0.2375526436  0.1600901426 -0.0047617058  0.0006833821 -0.0020178489  0.6985193260  0.1383972280 -0.0086046315  0.0004580888 -0.0007706968  0.4400156198 -0.0101941272  0.0000108566 -0.0012773813  0.1221573076 -0.0020833467  0.0004005152  0.1547686211 -0.0030818012  0.2392575120
  0.8000000000  0.3333333333  0.0000000000  0.3333333333  0.0000000000  0.3333333333  0.6446968801  0.1792397961  0.1713575132  0.0107463773  0.0009759839  0.0003214697  0.5455290888  0.1499756192  0.0312528273  0.0004352676 -0.0002668791  0.5943379849  0.0281700570  0.0001406414  0.0009302764  0.1495490619  0.0007809471  0.0003466767  0.1843093368  0.0075863519  0.1929062127
  0.8000000000  0.3333333333  0.0000000000  0.3333333333  0.0000000000  0.6666666667  0.6648930044  0.1958060245  0.2064263216  0.0067170419  0.0056249365 -0.0291979988  0.5302788593  0.1736395346  0.0149567780  0.0022426933 -0.0268853316  0.6781367958  0.0171731614  0.0066010053 -0.0159480818  0.1508395974 -0.0173425773  0.0014544013  0.1997761362  0.0044720725  0.1922842354
  0.8000000000  0.3333333333  0.0000000000  0.3333333333  0.0000000000  1.0000000000  0.6374353219  0.1806570352  0.2059228221  0.0091769476  0.0058002861 -0.0342842665  0.5135194118  0.1760545425  0.0199419977  0.0031188255 -0.0347259749  0.7065948605  0.0209224120  0.0066336702 -0.0188765683  0.1622392352 -0.0171471544  0.0022581747  0.2031298505  0.0059630970  0.1793027350
  0.8000000000  0.3333333333  0.0000000000  0.3333333333  0.3333333333  0.0000000000  0.7796723014  0.2360455630  0.1572450623 -0.0127875457  0.0001443470 -0.0001647699  0.6971076225  0.1393350661 -0.0235977154  0.0001736380 -0.0000901838  0.4408139737 -0.0278123019  0.0002446387 -0.0000709564  0.1263158681 -0.0001526048  0.0001106817  0.1574592152 -0.0086800625  0.2389461699
  0.8000000000  0.3333333333  0.0000000000  0.3333333333  0.3333333333  0.3333333333  0.6695520443  0.2595979208  0.2548858432 -0.0029654653  0.0002199599 -0.0037827505  0.6442570138  0.2520072841 -0.0095522294  0.0000169838 -0.0015813672  0.6277669658 -0.0013485763  0.0000300400 -0.0015289804  0.1864545966 -0.0011130885 -0.0000692814  0.1880711574 -0.0028169608  0.1956110667
  0.8000000000  0.3333333333  0.0000000000  0.3333333333  0.3333333333  0.6666666667  0.6537568406  0.2616557283  0.2632256196  0.0002900889  0.0002462181 -0.0032596509  0.6437315103  0.2610092289  0.0000878526  0.0001305198 -0.0015747140  0.6504183790  0.0009602088  0.0001970322 -0.0014235129  0.1897646629 -0.0009933081  0.0000547564  0.1920639180  0.0003603761  0.1908373087
  0.8000000000  0.3333333333  0.0000000000  0.3333333333  0.3333333333  1.0000000000  0.6561663380  0.2589526897  0.2635664608  0.0011838775  0.0005306484 -0.0047746199  0.6369120485  0.2594068680  0.0008716798  0.0001572413 -0.0022670917  0.6561958575  0.0030250355  0.0003611296 -0.0021333159  0.1904608792 -0.0014886667 -0.0001178359  0.1941107747  0.0010667033  0.1903459991
  0.8000000000  0.3333333333  0.0000000000  0.3333333333  0.6666666667  0.0000000000  0.7747899361  0.2349187679  0.1492308096 -0.0159146741  0.0001639632  0.0000126051  0.6979045194  0.1339905239 -0.0292641425  0.0000296822 -0.0000034293  0.4164604172 -0.0343825984  0.0000838610  0.0000087826  0.1241150642 -0.0000121455  0.0000058934  0.1495305212 -0.0108767391  0.2393369063
  0.8000000000  0.3333333333  0.0000000000  0.3333333333  0.6666666667  0.3333333333  0.6754982555  0.2580192824  0.2472816385 -0.0059352457  0.0000030647 -0.0009202935  0.6517150481  0.2478000414 -0.0169520224 -0.0002467623  0.0000442739  0.6134827185 -0.0039571945 -0.0003535303 -0.0001773466  0.1886755788 -0.0000599250 -0.0000836758  0.1853308891 -0.0057922988  0.1989638749
  0.8000000000  0.3333333333  0.0000000000  0.3333333333  0.6666666667  0.6666666667  0.6522957135  0.2631516870  0.2625415413 -0.0005767722 -0.0000094053 -0.0009670002  0.6498351521  0.2621235462 -0.0015484971 -0.0000256798 -0.0002775868  0.6472266425 -0.0004221346 -0.0000483199 -0.0003927669  0.1905984314 -0.0001415109 -0.0000297449  0.1906677151 -0.0003792104  0.1919223043
  0.8000000000  0.3333333333  0.0000000000  0.3333333333  0.6666666667  1.0000000000  0.6500174911  0.2630393157  0.2632946513  0.0000429871  0.0000114734 -0.0009006005  0.6487916634  0.2631625468 -0.0001428366 -0.0000210996 -0.0003227192  0.6501360357  0.0003141724 -0.0000293540 -0.0003498816  0.1914520094 -0.0001684377 -0.0000324067  0.1914866034  0.0000805023  0.1914993021
  0.8000000000  0.3333333333  0.0000000000  0.3333333333  1.0000000000  0.0000000000  0.7673351537  0.2327291455  0.1390243951 -0.0196457213  0.0020035096  0.0004115982  0.6979356818  0.1280185851 -0.0365768708  0.0003472493  0.0001372946  0.3897756904 -0.0430086076  0.0012500265  0.0001542792  0.1229213264 -0.0000115614  0.0000672132  0.1409675820 -0.0133317175  0.2395387508
  0.8000000000  0.3333333333  0.0000000000  0.3333333333  1.0000000000  0.3333333333  0.6776009058  0.2574930360  0.2371551634 -0.0115339915 -0.0001882864  0.0001706606  0.6503282870  0.2433399714 -0.0308777789 -0.0001366593  0.0007896626  0.5795386395 -0.0091676010 -0.0003597504  0.0002458137  0.1842267325  0.0004566895 -0.0002108332  0.1755264735 -0.0125627989  0.2006744584
  0.8000000000  0.3333333333  0.0000000000  0.3333333333  1.0000000000  0.6666666667  0.6516724270  0.2633051293  0.2613797295 -0.0011963669 -0.0002974601 -0.0000314826  0.6519941658  0.2617202155 -0.0028627911 -0.0001658176  0.0006474647  0.6447877150 -0.0011090605 -0.0002617017  0.0001393121  0.1905869318  0.0003474820 -0.0001639983  0.1898283773 -0.0008346366  0.1924335125
  0.8000000000  0.3333333333  0.0000000000  0.3333333333  1.0000000000  1.0000000000  0.6493674227  0.2632679425  0.2627708738 -0.0003668179 -0.0001965006 -0.0000782235  0.6505270125  0.2631474975 -0.0009483001 -0.0001404802  0.0004035662  0.6491018733 -0.0003013689 -0.0002559674  0.0000965426  0.1915985132  0.0001684398 -0.0001218205  0.1910624936 -0.0002143254  0.1917275220
  0.8000000000  0.3333333333  0.0000000000  0.6666666667  0.0000000000  0.0000000000  0.7736962931  0.2373666826  0.1587468630 -0.0084399761  0.0005679648 -0.0036142864  0.6996493566  0.1384163334 -0.0157823242  0.0009530767 -0.0019419772  0.4374157993 -0.0189399219 -0.0005141768 -0.0023882765  0.1241275996 -0.0040604928  0.0009957617  0.1523423011 -0.0052435601  0.2395773502
  0.8000000000  0.3333333333  0.0000000000  0.6666666667  0.0000000000  0.3333333333  0.6704276226  0.2185653543  0.1945384984  0.0052661792  0.0111769996 -0.0324945884  0.5856306782  0.1732833290  0.0145991611  0.0017722381 -0.0251751318  0.6197741542  0.0213747909  0.0134311443 -0.0157630680  0.1418364342 -0.0256314068  0.0006711581  0.1797317357  0.0022452785  0.2125211581
  0.8000000000  0.3333333333  0.0000000000  0.6666666667  0.0000000000  0.6666666667  0.6497848328  0.2004778813  0.2076041966  0.0041095396  0.0126396399 -0.0300492030  0.5619166405  0.1848986586  0.0133082282  0.0045174894 -0.0303855539  0.6833834296  0.0150853615  0.0139150289 -0.0149540050  0.1626842019 -0.0148159067  0.0039766926  0.1980967642  0.0014421791  0.1956263431
  0.8000000000  0.3333333333  0.0000000000  0.6666666667  0.0000000000  1.0000000000  0.6131726845  0.1815016601  0.2038589312  0.0074369770  0.0103034032 -0.0394429331  0.5220216159  0.1809176436  0.0185007972  0.0044592593 -0.0419987272  0.7139568814  0.0200100963  0.0102357660 -0.0212511912  0.1696920560 -0.0187552178  0.0035612672  0.2015848722  0.0043992791  0.1826320203
  0.8000000000  0.3333333333  0.0000000000  0.6666666667  0.3333333333  0.0000000000  0.7783815253  0.2358725520  0.1548476975 -0.0134781862  0.0007806991 -0.0001960464  0.6978784271  0.1372280135 -0.0249455071  0.0004640707 -0.0001822763  0.4317985468 -0.0288722495  0.0005930689 -0.0001758293  0.1249056626 -0.0003731614  0.0003180902  0.1545025393 -0.0091567166  0.2392527902
  0.8000000000  0.3333333333  0.0000000000  0.6666666667  0.3333333333  0.3333333333  0.6548037776  0.2621459706  0.2595482816 -0.0018613106  0.0005946158 -0.0046467780  0.6466473045  0.2587566454 -0.0047811173  0.0002306859 -0.0031130471  0.6406005574 -0.0017495385  0.0003241760 -0.0023683196  0.1885168845 -0.0018018935  0.0002302020  0.1891338453 -0.0016695756  0.1934906662
  0.8000000000  0.3333333333  0.0000000000  0.6666666667  0.3333333333  0.6666666667  0.6494121588  0.2607377766  0.2619217984  0.0000116096  0.0011298477 -0.0089961335  0.6392850030  0.2594635412 -0.0000640442  0.0004118509 -0.0057513134  0.6546065586  0.0008823767  0.0011424372 -0.0042348595  0.1897221686 -0.0035337748  0.0001378487  0.1929031730 -0.0001301601  0.1922361321
  0.8000000000  0.3333333333  0.0000000000  0.6666666667  0.3333333333  1.0000000000  0.6488073930  0.2620699450  0.2628400765  0.0003037869  0.0005312188 -0.0046610049  0.6446791769  0.2621579734  0.0004282986  0.0002762020 -0.0030533058  0.6524183491  0.0007190192  0.0004816830 -0.0021995657  0.1905245791 -0.0017680673  0.0001566085  0.1917075039  0.0002056571  0.1912255111
  0.8000000000  0.3333333333  0.0000000000  0.6666666667  0.6666666667  0.0000000000  0.7694523949  0.2335152032  0.1410024778 -0.0182726156  0.0016854581  0.0002502389  0.6986541329  0.1278735837 -0.0338227866  0.0003681854  0.0000769438  0.3908022098 -0.0390101027  0.0011624751  0.0001193310  0.1208882080  0.0000133501  0.0001157562  0.1414612448 -0.0123892098  0.2399205164
  0.8000000000  0.3333333333  0.0000000000  0.6666666667  0.6666666667  0.3333333333  0.6550877646  0.2261814100  0.2090523805 -0.0053864875  0.0023819770 -0.0079163851  0.6074762347  0.2130495320 -0.0133617296  0.0003054490 -0.0043538184  0.5639929184 -0.0013928601  0.0028098609 -0.0027504277  0.1828890043 -0.0024827486 -0.0000697001  0.1730282079 -0.0091051624  0.1986901822
  0.8000000000  0.3333333333  0.0000000000  0.6666666667  0.6666666667  0.6666666667  0.6511229156  0.2636180961  0.2625689082 -0.0007246178  0.0001590121 -0.0014088616  0.6503179679  0.2626603790 -0.0017263703  0.0000719321 -0.0007852969  0.6469348461 -0.0007493815  0.0001052962 -0.0006465385  0.1907772790 -0.0003633543  0.0000445820  0.1906627602 -0.0005620349  0.1924538489
  0.8000000000  0.3333333333  0.0000000000  0.6666666667  0.6666666667  1.0000000000  0.6491999278  0.2634014747  0.2632688552 -0.0001271636  0.0000901081 -0.0012233042  0.6491608485  0.2634962735 -0.0003906154  0.0000336714 -0.0006335707  0.6497892404 -0.0000064620  0.0000615603 -0.0005505205  0.1914287251 -0.0003063654  0.0000122156  0.1913737625 -0.0000789738  0.1918618546
  0.8000000000  0.3333333333  0.0000000000  0.6666666667  1.0000000000  0.0000000000  0.7636108892  0.2318166946  0.1344244964 -0.0208919491  0.0038554350  0.0007522417  0.6985431314  0.1247162758 -0.0395148457  0.0008766983  0.0003600538  0.3763070520 -0.0456794404  0.0032240499  0.0004061351  0.1211920663  0.0002429078  0.0002275552  0.1365089028 -0.0142219888  0.2400214286
  0.8000000000  0.3333333333  0.0000000000  0.6666666667  1.0000000000  0.3333333333  0.6580428342  0.2257685902  0.2003449651 -0.0078855181  0.0001134567  0.0020233242  0.6157246159  0.2089625390 -0.0214228175 -0.0002539605  0.0038657339  0.5488635114 -0.0059277033 -0.0004831187  0.0019596300  0.1841683863  0.0022535995 -0.0003879401  0.1687243989 -0.0115031275  0.2008006970
  0.8000000000  0.3333333333  0.0000000000  0.6666666667  1.0000000000  0.6666666667  0.6512538495  0.2637509936  0.2618334149 -0.0011911931 -0.0002345849  0.0000168064  0.6515419754  0.2623287280 -0.0028136022 -0.0001384614  0.0005116934  0.6448828426 -0.0013133238 -0.0002261166  0.0001700951  0.1906842332  0.0002384612 -0.0001220004  0.1900857828 -0.0009438435  0.1928372795
  0.8000000000  0.3333333333  0.0000000000  0.6666666667  1.0000000000  1.0000000000  0.6492874673  0.2634719097  0.2625725721 -0.0004846039 -0.0002071746  0.0001258427  0.6506446042  0.2631668455 -0.0011305011 -0.0001368461  0.0008408723  0.6488269219 -0.0004270425 -0.0002143414  0.0002676295  0.1912781154  0.0004188671 -0.0001090297  0.1907547846 -0.0002997824  0.1921842699
  0.8000000000  0.3333333333  0.0000000000  1.0000000000  0.0000000000  0.0000000000  0.6640063469  0.2472876026  0.2105541798 -0.0057788014  0.0044705652 -0.0419852650  0.6385643996  0.2068014688 -0.0122063976  0.0007939613 -0.0427967362  0.6340785399 -0.0078717145  0.0030141274 -0.0247698895  0.1824296765 -0.0309707362  0.0009410611  0.1810011907 -0.0040714525  0.2263160372
  0.8000000000  0.3333333333  0.0000000000  1.0000000000  0.0000000000  0.3333333333  0.6278168531  0.2391797082  0.2069245704  0.0036323576  0.0162921212 -0.0608645241  0.6036313445  0.2035470975  0.0145549972  0.0038768984 -0.0625798992  0.6826840816  0.0172127703  0.0182352317 -0.0348478981  0.1834248055 -0.0419634154  0.0013409868  0.1820650019  0.0011311290  0.2280511161
  0.8000000000  0.3333333333  0.0000000000  1.0000000000  0.0000000000  0.6666666667  0.5031932506  0.1823267374  0.1817597619  0.0040830303  0.0120114837 -0.0901826403  0.5112154906  0.1789685851  0.0162303699  0.0036806580 -0.0893978082  0.6890846007  0.0172910421  0.0136845470 -0.0434755994  0.1842041811 -0.0439186242  0.0017752521  0.1836427571  0.0021503115  0.1850498732
  0.8000000000  0.3333333333  0.0000000000  1.0000000000  0.0000000000  1.0000000000  0.5204111833  0.1675646949  0.1861300451  0.0026647561  0.0064201101 -0.0849267626  0.5353700476  0.1832451990  0.0092396334  0.0025785676 -0.0839068598  0.7184736868  0.0096587943  0.0072535711 -0.0417733041  0.1897079141 -0.0375127787  0.0015698693  0.1898151824  0.0015859758  0.1739979503
  0.8000000000  0.3333333333  0.0000000000  1.0000000000  0.3333333333  0.0000000000  0.7642150918  0.2320631080  0.1352418672 -0.0196997727  0.0051089326  0.0002628680  0.6994543378  0.1239617917 -0.0374428632  0.0018700956  0.0000456953  0.3747501929 -0.0423254703  0.0047223830  0.0001408487  0.1191491534 -0.0003439253  0.0008960619  0.1361636972 -0.0134173178  0.2403937867
  0.8000000000  0.3333333333  0.0000000000  1.0000000000  0.3333333333  0.3333333333  0.6513671608  0.2626474721  0.2576636509 -0.0022781814  0.0012700960 -0.0046887489  0.6491426563  0.2587012491 -0.0058534682  0.0005427183 -0.0045528981  0.6392356792 -0.0021395679  0.0007505661 -0.0027635158  0.1892564966 -0.0024229053  0.0004632186  0.1883934505 -0.0022142688  0.1946667123
  0.8000000000  0.3333333333  0.0000000000  1.0000000000  0.3333333333  0.6666666667  0.6457568579  0.2626491093  0.2610230338 -0.0003638588  0.0009865735 -0.0055911941  0.6457510575  0.2614053174 -0.0009347936  0.0004673447 -0.0053584051  0.6521335135 -0.0002270420  0.0008231206 -0.0032413062  0.1907796327 -0.0028959606  0.0003481332  0.1908784803 -0.0003551204  0.1928309974
  0.8000000000  0.3333333333  0.0000000000  1.0000000000  0.3333333333  1.0000000000  0.6388271252  0.2610945637  0.2595554097  0.0000984989  0.0010272145 -0.0094016531  0.6375602293  0.2597109744  0.0001671768  0.0004495297 -0.0089072290  0.6590963295  0.0006946950  0.0010571859 -0.0053091157  0.1908337927 -0.0052520462  0.0003320875  0.1911362475  0.0000559371  0.1926580664
  0.8000000000  0.3333333333  0.0000000000  1.0000000000  0.6666666667  0.0000000000  0.7635467348  0.2317909998  0.1325748163 -0.0206770309  0.0032375806  0.0003523623  0.6993591531  0.1220152866 -0.0388643397  0.0010373715  0.0001736174  0.3662624970 -0.0440884360  0.0031841284  0.0002659122  0.1182446556  0.0000910442  0.0003904807  0.1335950271 -0.0140331138  0.2405307543
  0.8000000000  0.3333333333  0.0000000000  1.0000000000  0.6666666667  0.3333333333  0.6566680737  0.2629881366  0.2563301254 -0.0036638326  0.0004471608 -0.0012194823  0.6520680049  0.2580006675 -0.0093195968  0.0002066986 -0.0011960528  0.6290404513 -0.0033390933  0.0002653555 -0.0007369830  0.1885986677 -0.0006112952  0.0001693222  0.1867308586 -0.0034933175  0.1952334852
  0.8000000000  0.3333333333  0.0000000000  1.0000000000  0.6666666667  0.6666666667  0.6499974840  0.2638452435  0.2623072620 -0.0008309357  0.0003350110 -0.0012700023  0.6509617056  0.2628892412 -0.0018626413  0.0001860643 -0.0012698883  0.6468781309 -0.0008952730  0.0002642291 -0.0007813265  0.1909053021 -0.0006184484  0.0001404074  0.1905224891 -0.0006034475  0.1927663212
  0.8000000000  0.3333333333  0.0000000000  1.0000000000  0.6666666667  1.0000000000  0.6486592739  0.2634768714  0.2629390503 -0.0001900055  0.0003389656 -0.0012822945  0.6497572161  0.2634811511 -0.0004689126  0.0001762115 -0.0012329378  0.6495955711 -0.0000189364  0.0003328757 -0.0007287702  0.1915830608 -0.0005498777  0.0001122504  0.1912378186 -0.0001725652  0.1922374133
  0.8000000000  0.3333333333  0.0000000000  1.0000000000  1.0000000000  0.0000000000  0.7655382191  0.2322511666  0.1343426638 -0.0202080274  0.0001646023  0.0000499541  0.6991404683  0.1234006284 -0.0377225469  0.0000167819  0.0000199562  0.3714204992 -0.0431037582  0.0000993700  0.0000219843  0.1191699274  0.0000167161 -0.0000014492  0.1354886791 -0.0136779850  0.2403584689
  0.8000000000  0.3333333333  0.0000000000  1.0000000000  1.0000000000  0.3333333333  0.6548286760  0.2278937549  0.2020342324 -0.0081867620  0.0001179621  0.0017203134  0.6079734150  0.2086401311 -0.0218073498  0.0002639478  0.0017355213  0.5488985283 -0.0064604765  0.0002277278  0.0009198037  0.1823881219  0.0011439719 -0.0000661351  0.1697360204 -0.0114707102  0.2025832529
  0.8000000000  0.3333333333  0.0000000000  1.0000000000  1.0000000000  0.6666666667  0.6512225361  0.2639069698  0.2615335243 -0.0012504652 -0.0000360080  0.0003231354  0.6518748366  0.2622160911 -0.0028927301 -0.0000193665  0.0003496664  0.6439016280 -0.0012920367 -0.0000236596  0.0002107308  0.1904927794  0.0001689038 -0.0000194543  0.1899333146 -0.0009690074  0.1932162197
  0.8000000000  0.3333333333  0.0000000000  1.0000000000  1.0000000000  1.0000000000  0.6495088381  0.2637657835  0.2628076816 -0.0004827278 -0.0000488149  0.0003354498  0.6507475866  0.2634139740 -0.0011067949 -0.0000264294  0.0003450873  0.6482502610 -0.0005007293 -0.0000415408  0.0001997864  0.1912289911  0.0001523831 -0.0000196939  0.1908218792 -0.0003658733  0.1923542444
  0.8000000000  0.3333333333  0.3333333333  0.0000000000  0.0000000000  0.0000000000  0.7717414534  0.2025470637  0.2098134776  0.0024349275  0.0029674824  0.0019814190  0.5598111444  0.1559753400  0.0049891547  0.0012755910  0.0017927112  0.6000640652  0.0041657605  0.0026449859  0.0011251514  0.1450388575  0.0013176467  0.0009492516  0.2050501618  0.0016421625  0.1986644044
  0.8000000000  0.3333333333  0.3333333333  0.0000000000  0.0000000000  0.3333333333  0.7880495305  0.1595140766  0.2467060008  0.0222596225  0.0005859680  0.0005567755  0.4131975758  0.1433888648  0.0428387988  0.0004917243  0.0003550946  0.7263159565  0.0347800414  0.0003514338  0.0003679404  0.1259597393  0.0003120917  0.0007285675  0.2424237306  0.0138088481  0.1534768979
  0.8000000000  0.3333333333  0.3333333333  0.0000000000  0.0000000000  0.6666666667  0.7854118833  0.1471943334  0.2438060611  0.0267576161  0.0000228400  0.0000316519  0.3775021306  0.1338992587  0.0495173103  0.0000223506  0.0000235298  0.7255832853  0.0421814287  0.0000138323  0.0000225189  0.1214536691  0.0000098008  0.0000399521  0.2431886806  0.0166928699  0.1437856441
  0.8000000000  0.3333333333  0.3333333333  0.0000000000  0.0000000000  1.0000000000  0.7850984769  0.1461151265  0.2435575223  0.0265957087 -0.0000619387 -0.0000758776  0.3749074072  0.1332076173  0.0490585894 -0.0000733718 -0.0000832391  0.7259395118  0.0421952251 -0.0000852270 -0.0001059166  0.1208287663 -0.0000383768 -0.0001527388  0.2433301436  0.0166193159  0.1427554756
  0.8000000000  0.3333333333  0.3333333333  0.0000000000  0.3333333333  0.0000000000  0.7768759110  0.2359357339  0.1570218715 -0.0120254067  0.0045915095  0.0011340048  0.6973471380  0.1406823435 -0.0217030337  0.0015296152  0.0005283090  0.4442742084 -0.0268879394  0.0042431411  0.0006426849  0.1277549526  0.0006231126  0.0006645946  0.1570703829 -0.0083328078  0.2387128836
  0.8000000000  0.3333333333  0.3333333333  0.0000000000  0.3333333333  0.3333333333  0.6588146724  0.2597374489  0.2626946699  0.0005217345  0.0019527961  0.0007102282  0.6404225192  0.2582235358 -0.0001385636  0.0009050742  0.0004042927  0.6471205247  0.0020754522  0.0009928651  0.0002691615  0.1886965005  0.0001280713  0.0008286446  0.1930913003  0.0008990934  0.1898999146
  0.8000000000  0.3333333333  0.3333333333  0.0000000000  0.3333333333  0.6666666667  0.6593538619  0.2579977377  0.2632834550  0.0021074904  0.0010860750  0.0002254321  0.6344959195  0.2583373082  0.0018741703  0.0004792812  0.0000167464  0.6503437104  0.0053760185  0.0004569538  0.0000059937  0.1893903064 -0.0000064962  0.0004644630  0.1942178628  0.0022335919  0.1886716128
  0.8000000000  0.3333333333  0.3333333333  0.0000000000  0.3333333333  1.0000000000  0.6588363684  0.2565933086  0.2630410630  0.0028424224  0.0000978685 -0.0001157060  0.6307281136  0.2580066526  0.0026959206 -0.0000904469 -0.0002885722  0.6519783999  0.0069900805 -0.0004538207 -0.0001464288  0.1893677238 -0.0001319286  0.0000205047  0.1946236818  0.0028943478  0.1875739055
  0.8000000000  0.3333333333  0.3333333333  0.0000000000  0.6666666667  0.0000000000  0.7596330413  0.2352656071  0.1946901571 -0.0269270266  0.0196438022  0.0099463473  0.6870882278  0.1891604514 -0.0448662961  0.0095624941  0.0098719534  0.5262462141 -0.0488909521  0.0210183637  0.0046004408  0.1791158773  0.0036306899  0.0061031256  0.1753213012 -0.0204472962  0.2188566188
  0.8000000000  0.3333333333  0.3333333333  0.0000000000  0.6666666667  0.3333333333  0.6540032058  0.2629262644  0.2621511668 -0.0008274751  0.0019042459  0.0004319513  0.6498897519  0.2608202842 -0.0022167984  0.0008922321  0.0002710349  0.6442226337 -0.0007330981  0.0010448870  0.0002134067  0.1900009462  0.0000590369  0.0007668460  0.1910199331 -0.0005327480  0.1919866196
  0.8000000000  0.3333333333  0.3333333333  0.0000000000  0.6666666667  0.6666666667  0.6521327558  0.2626610265  0.2632922685  0.0001475236  0.0007810995  0.0001189221  0.6480822472  0.2623000906 -0.0001785321  0.0002929761 -0.0000466216  0.6490906003  0.0007352382  0.0002086717  0.0000109424  0.1907786126 -0.0000331645  0.0003652280  0.1917188875  0.0003421683  0.1909292986
  0.8000000000  0.3333333333  0.3333333333  0.0000000000  0.6666666667  1.0000000000  0.6514609320  0.2622883804  0.2634275362  0.0005745263  0.0000256197 -0.0001107841  0.6471160368  0.2626186790  0.0005289420 -0.0001622712 -0.0002635050  0.6508223663  0.0014369601 -0.0005394725 -0.0001093027  0.1910437988 -0.0001348996 -0.0000117774  0.1919285979  0.0006377611  0.1905413765
  0.8000000000  0.3333333333  0.3333333333  0.0000000000  1.0000000000  0.0000000000  0.7063635958  0.2060159072  0.1757202166 -0.0182767689  0.0225055617  0.0028909341  0.6434749290  0.1787437425 -0.0312003702  0.0106688619  0.0019194390  0.5102743184 -0.0326496090  0.0221596753  0.0016451094  0.1780437224  0.0007068399  0.0078167146  0.1627489578 -0.0164112665  0.2039868279
  0.8000000000  0.3333333333  0.3333333333  0.0000000000  1.0000000000  0.3333333333  0.6595297607  0.2632483729  0.2583389661 -0.0026891281  0.0035068838  0.0006776055  0.6560001902  0.2574971952 -0.0066471871  0.0014700365  0.0006442372  0.6337089672 -0.0026195793  0.0016020862  0.0001626457  0.1898488647 -0.0002087966  0.0012005314  0.1902773529 -0.0018215664  0.1952137291
  0.8000000000  0.3333333333  0.3333333333  0.0000000000  1.0000000000  0.6666666667  0.6505202396  0.2634000089  0.2629852608 -0.0004658236  0.0006647892  0.0001437053  0.6504597658  0.2627885396 -0.0011840186  0.0002409366  0.0000467691  0.6478442442 -0.0004333140  0.0001723862  0.0000330176  0.1913575238 -0.0000273287  0.0002422711  0.1913226295 -0.0002284432  0.1916437519
  0.8000000000  0.3333333333  0.3333333333  0.0000000000  1.0000000000  1.0000000000  0.6497759842  0.2629925605  0.2631260330 -0.0000017244 -0.0000179374 -0.0000749660  0.6495886509  0.2630460983 -0.0002691002 -0.0001764009 -0.0001904722  0.6495777064  0.0002905394 -0.0005449840 -0.0000810222  0.1913303489 -0.0000982479 -0.0000313783  0.1913102847  0.0001379882  0.1909973055
  0.8000000000  0.3333333333  0.3333333333  0.3333333333  0.0000000000  0.0000000000  0.6871323227  0.2125425268  0.1583763038 -0.0059733730  0.0542272054 -0.0043646510  0.6505650984  0.1367380828 -0.0108308820  0.0243492571 -0.0025469104  0.4239002182 -0.0171970328  0.0507461261 -0.0016355584  0.1316799239 -0.0026334299  0.0200536193  0.1571287760 -0.0040293323  0.2169250019
  0.8000000000  0.3333333333  0.3333333333  0.3333333333  0.0000000000  0.3333333333  0.6985619418  0.1214252469  0.2305667573  0.0010101712  0.0006084218 -0.0423773551  0.3632991696  0.1295013556  0.0044350444  0.0006357058 -0.0484593453  0.7606729953  0.0051212436  0.0011330591 -0.0220304146  0.1326895235 -0.0150516212  0.0003839143  0.2404037663  0.0001223063  0.1202236628
  0.8000000000  0.3333333333  0.3333333333  0.3333333333  0.0000000000  0.6666666667  0.6983528115  0.1296536831  0.2329119891  0.0014036986  0.0006607748 -0.0361991124  0.3984440949  0.1414959029  0.0050009018  0.0007532388 -0.0417770034  0.7664923259  0.0062918003  0.0012902328 -0.0187804419  0.1437853127 -0.0127873969  0.0006097291  0.2397111271  0.0003224978  0.1235372581
  0.8000000000  0.3333333333  0.3333333333  0.3333333333  0.0000000000  1.0000000000  0.6982498358  0.1322476817  0.2336191030  0.0013684429  0.0006320189 -0.0337895182  0.4093984349  0.1451897077  0.0048209307  0.0007600078 -0.0391016361  0.7684809139  0.0059637191  0.0012638001 -0.0175853203  0.1469403272 -0.0120008142  0.0007561521  0.2394842608  0.0003304897  0.1245071597
  0.8000000000  0.3333333333  0.3333333333  0.3333333333  0.3333333333  0.0000000000  0.7705613632  0.2350346187  0.1545361348 -0.0128646049  0.0101096301  0.0024131025  0.6962928618  0.1380044833 -0.0228971846  0.0032904868  0.0010763402  0.4349341921 -0.0297237266  0.0095491482  0.0014576096  0.1264839100  0.0014007548  0.0014325362  0.1536186015 -0.0086948954  0.2385440773
  0.8000000000  0.3333333333  0.3333333333  0.3333333333  0.3333333333  0.3333333333  0.6548193863  0.2613723671  0.2628999609 -0.0007205035  0.0018851688 -0.0034283843  0.6432126527  0.2596455051 -0.0016625809  0.0009014142 -0.0016371433  0.6479383319 -0.0009246676  0.0011284353 -0.0014696768  0.1890631329 -0.0011173749  0.0007771758  0.1925141519 -0.0005988824  0.1908408620
  0.8000000000  0.3333333333  0.3333333333  0.3333333333  0.3333333333  0.6666666667  0.6533938809  0.2606292495  0.2635997460  0.0003171462  0.0012406608 -0.0046676557  0.6396504995  0.2600095961  0.0002322602  0.0005545503 -0.0021925454  0.6519861446  0.0009289662  0.0007047569 -0.0020318307  0.1894062474 -0.0015536816  0.0004211713  0.1933506469  0.0003050368  0.1902219313
  0.8000000000  0.3333333333  0.3333333333  0.3333333333  0.3333333333  1.0000000000  0.6549342017  0.2541278134  0.2622755977  0.0005641719  0.0005473707 -0.0117001757  0.6207738462  0.2531693939  0.0004632049  0.0000925533 -0.0036584430  0.6639318165  0.0018548149  0.0000291370 -0.0043551619  0.1862009913 -0.0043495392  0.0001443859  0.1968666229  0.0004475496  0.1879971186
  0.8000000000  0.3333333333  0.3333333333  0.3333333333  0.6666666667  0.0000000000  0.7069828036  0.2054548911  0.1751510123 -0.0191175367  0.0238911131  0.0032356764  0.6394244713  0.1770440590 -0.0323650483  0.0112685397  0.0023663508  0.5041958999 -0.0334048032  0.0230688732  0.0018564134  0.1772655929  0.0005272876  0.0082755298  0.1633500370 -0.0171151773  0.2045287018
  0.8000000000  0.3333333333  0.3333333333  0.3333333333  0.6666666667  0.3333333333  0.6528978381  0.2631764702  0.2623605288 -0.0012641333  0.0021995842 -0.0008333317  0.6497868781  0.2612634005 -0.0027682829  0.0010554855 -0.0003232763  0.6441260569 -0.0016156416  0.0014412042 -0.0003884436  0.1904149135 -0.0002686851  0.0008221428  0.1911797961 -0.0009352682  0.1923466212
  0.8000000000  0.3333333333  0.3333333333  0.3333333333  0.6666666667  0.6666666667  0.6513913125  0.2630769103  0.2634244502 -0.0003178869  0.0007216045 -0.0013395592  0.6483374311  0.2625675078 -0.0007553743  0.0002855689 -0.0006985184  0.6491707141 -0.0003084746  0.0002680909 -0.0006042865  0.1907806897 -0.0004029219  0.0002859357  0.1917100373 -0.0001857040  0.1913109602
  0.8000000000  0.3333333333  0.3333333333  0.3333333333  0.6666666667  1.0000000000  0.6508570515  0.2624941750  0.2635111014  0.0001297384  0.0000755598 -0.0018250744  0.6469009225  0.2625689926  0.0000254261 -0.0001247351 -0.0009495514  0.6511303881  0.0004579282 -0.0004596235 -0.0008158531  0.1908125768 -0.0005858132 -0.0000175550  0.1920148916  0.0001707317  0.1908235080
  0.8000000000  0.3333333333  0.3333333333  0.3333333333  1.0000000000  0.0000000000  0.7029327601  0.2062598132  0.1729769108 -0.0191669768  0.0228887026  0.0039948774  0.6418745089  0.1785842007 -0.0333713106  0.0101052633  0.0036706427  0.4999774107 -0.0342358026  0.0214710025  0.0021836577  0.1783904641  0.0011334944  0.0069716228  0.1599485366 -0.0175116672  0.2045050102
  0.8000000000  0.3333333333  0.3333333333  0.3333333333  1.0000000000  0.3333333333  0.6538372015  0.2633549475  0.2599594181 -0.0021246577  0.0032209037  0.0001423258  0.6535072840  0.2596030300 -0.0048884804  0.0013477025  0.0005518130  0.6372816776 -0.0024606711  0.0015427530  0.0001267267  0.1897692841  0.0000181026  0.0011912860  0.1897917545 -0.0016266922  0.1936909931
  0.8000000000  0.3333333333  0.3333333333  0.3333333333  1.0000000000  0.6666666667  0.6508404083  0.2634953205  0.2629261633 -0.0006553293  0.0006740248 -0.0003719965  0.6506328274  0.2627002347 -0.0014360699  0.0002268488  0.0000384216  0.6476780104 -0.0007929998  0.0001242000 -0.0001095519  0.1909570316 -0.0000364983  0.0002549373  0.1911592424 -0.0004366984  0.1917259577
  0.8000000000  0.3333333333  0.3333333333  0.3333333333  1.0000000000  1.0000000000  0.6494669328  0.2633988796  0.2634171262 -0.0001803390 -0.0001557569 -0.0005633802  0.6494407923  0.2633530529 -0.0004605569 -0.0002281784 -0.0002032667  0.6494021076 -0.0001256713 -0.0005931612 -0.0002341365  0.1914775715 -0.0001323708 -0.0001072757  0.1915816494 -0.0000845576  0.1914649392
  0.8000000000  0.3333333333  0.3333333333  0.6666666667  0.0000000000  0.0000000000  0.6169398203  0.1749252630  0.1751908042 -0.0051957891  0.0452096961 -0.0193339191  0.5257972707  0.1423849005 -0.0087575608  0.0166150571 -0.0258560189  0.4762689283 -0.0085441898  0.0454003223 -0.0076379866  0.1564772217 -0.0102310015  0.0197124970  0.1835506081 -0.0112143594  0.1938588418
  0.8000000000  0.3333333333  0.3333333333  0.6666666667  0.0000000000  0.3333333333  0.6446029094  0.1983195525  0.2101081354 -0.0010221241  0.0098944669 -0.0348829041  0.5306139172  0.1819180353  0.0025118022  0.0015061004 -0.0323481967  0.6734995814  0.0060374989  0.0116134673 -0.0166053912  0.1595584791 -0.0193310648  0.0022497134  0.2003055156 -0.0025109816  0.1943512380
  0.8000000000  0.3333333333  0.3333333333  0.6666666667  0.0000000000  0.6666666667  0.6110566220  0.1766593590  0.2072865831  0.0022956789  0.0106675699 -0.0443839804  0.4838700718  0.1707273841  0.0073130393  0.0035730828 -0.0425663515  0.7098683808  0.0090765942  0.0111262597 -0.0226475491  0.1598679801 -0.0215201732  0.0039814268  0.2071892108  0.0000732791  0.1799521036
  0.8000000000  0.3333333333  0.3333333333  0.6666666667  0.0000000000  1.0000000000  0.5664283065  0.1610204937  0.1960139398  0.0009327042  0.0031559561 -0.0555672486  0.4656793498  0.1689170366  0.0012686923  0.0012296290 -0.0553767866  0.7378595980  0.0022917259  0.0024235654 -0.0324438806  0.1670312751 -0.0291766037  0.0014394379  0.2004375402  0.0004013704  0.1674201137
  0.8000000000  0.3333333333  0.3333333333  0.6666666667  0.3333333333  0.0000000000  0.7401728912  0.2311515485  0.1486502709 -0.0183717991  0.0256831762  0.0038015612  0.6847264594  0.1391524282 -0.0399480661  0.0075644776  0.0022751103  0.4133134889 -0.0424049614  0.0228341829  0.0007270084  0.1325319562 -0.0001600045  0.0040812362  0.1470677657 -0.0133964510  0.2347758314
  0.8000000000  0.3333333333  0.3333333333  0.6666666667  0.3333333333  0.3333333333  0.6511328153  0.2607318700  0.2611764786 -0.0014010503  0.0025855581 -0.0078584167  0.6402360425  0.2579867477 -0.0028546434  0.0011013048 -0.0043790049  0.6479152318 -0.0020602135  0.0014660640 -0.0035982572  0.1882226133 -0.0031278074  0.0011127874  0.1921606867 -0.0011856485  0.1914983808
  0.8000000000  0.3333333333  0.3333333333  0.6666666667  0.3333333333  0.6666666667  0.6471110689  0.2559183232  0.2602992396 -0.0003301914  0.0015497968 -0.0178789428  0.6199116944  0.2526644904 -0.0008512541  0.0005978890 -0.0084188480  0.6626934304 -0.0005930945  0.0009736947 -0.0076701055  0.1850537175 -0.0075478023  0.0007221880  0.1951383982 -0.0003887896  0.1892339034
  0.8000000000  0.3333333333  0.3333333333  0.6666666667  0.3333333333  1.0000000000  0.6434370675  0.2535378904  0.2589256205  0.0000439108  0.0007133550 -0.0218456064  0.6100046829  0.2499121908 -0.0000106678  0.0002709873 -0.0104598377  0.6684072854  0.0002450699  0.0002645942 -0.0093410620  0.1834404802 -0.0095914034  0.0002911479  0.1956264482 -0.0000120298  0.1880668795
  0.8000000000  0.3333333333  0.3333333333  0.6666666667  0.6666666667  0.0000000000  0.7022766082  0.2144800216  0.1709348556 -0.0182747419  0.0168498799  0.0055532789  0.6086957018  0.1799811496 -0.0384176773  0.0039755211  0.0043299089  0.4588718896 -0.0274934598  0.0144940295  0.0018585558  0.1749990024  0.0007402744  0.0024417871  0.1544457267 -0.0199167623  0.2100859645
  0.8000000000  0.3333333333  0.3333333333  0.6666666667  0.6666666667  0.3333333333  0.6520560182  0.2633590642  0.2615656472 -0.0015966617  0.0027242182 -0.0017223424  0.6507753193  0.2610160985 -0.0034362883  0.0012861330 -0.0011211644  0.6422858779 -0.0020552506  0.0017396687 -0.0008664148  0.1902569041 -0.0006421097  0.0010223502  0.1907608869 -0.0012307214  0.1930156514
  0.8000000000  0.3333333333  0.3333333333  0.6666666667  0.6666666667  0.6666666667  0.6506643347  0.2633516236  0.2630779077 -0.0006145669  0.0010569436 -0.0024006813  0.6487623167  0.2625606843 -0.0012465738  0.0004750498 -0.0015246694  0.6485010522 -0.0007966520  0.0005304040 -0.0011621036  0.1906980026 -0.0008545848  0.0004306220  0.1915166425 -0.0004636982  0.1919566252
  0.8000000000  0.3333333333  0.3333333333  0.6666666667  0.6666666667  1.0000000000  0.6495954044  0.2630000170  0.2633531263 -0.0001444663  0.0002981209 -0.0027258455  0.6474566024  0.2629282494 -0.0003498940  0.0000491797 -0.0017686544  0.6507807973 -0.0001018170 -0.0001194683 -0.0013107468  0.1909223511 -0.0010062645  0.0001151200  0.1917549111 -0.0001094559  0.1914862787
  0.8000000000  0.3333333333  0.3333333333  0.6666666667  1.0000000000  0.0000000000  0.6936896242  0.2077112843  0.1668932107 -0.0192102219  0.0271730019  0.0054585578  0.6394381707  0.1748589989 -0.0339747641  0.0119921124  0.0056392392  0.4728050484 -0.0334409072  0.0250012476  0.0023995001  0.1760682890  0.0010879740  0.0084825095  0.1544349479 -0.0184929214  0.2060551058
  0.8000000000  0.3333333333  0.3333333333  0.6666666667  1.0000000000  0.3333333333  0.6521223667  0.2638067630  0.2606905135 -0.0019317870  0.0025469901 -0.0002274976  0.6529393436  0.2607572535 -0.0042706744  0.0011727281  0.0001776719  0.6393072016 -0.0022473642  0.0014062156 -0.0000393774  0.1900104218 -0.0000388216  0.0010329552  0.1899862251 -0.0014718704  0.1935348786
  0.8000000000  0.3333333333  0.3333333333  0.6666666667  1.0000000000  0.6666666667  0.6502547627  0.2637926821  0.2628779959 -0.0007351260  0.0007789778 -0.0005283803  0.6507392835  0.2629574074 -0.0015054944  0.0003273996 -0.0001088053  0.6472557547 -0.0009761997  0.0003461655 -0.0001981710  0.1909792119 -0.0001172599  0.0003197515  0.1911127200 -0.0005337365  0.1921967439
  0.8000000000  0.3333333333  0.3333333333  0.6666666667  1.0000000000  1.0000000000  0.6494064030  0.2634576016  0.2631753795 -0.0002641097  0.0000731021 -0.0007519387  0.6496563250  0.2632482416 -0.0005519078 -0.0000613709 -0.0002931121  0.6491468278 -0.0002534684 -0.0002946969 -0.0003234232  0.1914688146 -0.0002204041  0.0000317175  0.1916228341 -0.0001979264  0.1919770048
  0.8000000000  0.3333333333  0.3333333333  1.0000000000  0.0000000000  0.0000000000  0.6018707421  0.2128295307  0.1845372038 -0.0046166467  0.0192606997 -0.0541976816  0.5339466885  0.1755977852 -0.0129502016  0.0022250065 -0.0588316994  0.5963701470 -0.0052797610  0.0100585242 -0.0305564491  0.1741279933 -0.0390715130  0.0047291729  0.1765411804 -0.0064246414  0.2121074112
  0.8000000000  0.3333333333  0.3333333333  1.0000000000  0.0000000000  0.3333333333  0.5790392723  0.2260941084  0.2081500980 -0.0021027964  0.0038680590 -0.0709580034  0.5516577969  0.2042737439 -0.0036879065  0.0007375407 -0.0720487444  0.7196182511 -0.0007661964  0.0031355100 -0.0419071421  0.1852267013 -0.0477314869  0.0011582226  0.1849514097 -0.0018525065  0.2138275748
  0.8000000000  0.3333333333  0.3333333333  1.0000000000  0.0000000000  0.6666666667  0.5924103455  0.2161528841  0.2173472630 -0.0016903886  0.0046501070 -0.0682215235  0.5441160653  0.2074035602 -0.0028526678  0.0013859859 -0.0699186411  0.7417726745 -0.0014134449  0.0037676806 -0.0407804098  0.1878431224 -0.0411649457  0.0017417757  0.1957115015 -0.0018148954  0.2051888302
  0.8000000000  0.3333333333  0.3333333333  1.0000000000  0.0000000000  1.0000000000  0.5630199591  0.2004142055  0.2102859485  0.0010381278  0.0049070172 -0.0757415622  0.5336927678  0.2047946280  0.0015887194  0.0020317028 -0.0772746760  0.7625957226  0.0020823485  0.0035141210 -0.0450969288  0.1887921716 -0.0424299599  0.0017285123  0.1943779247  0.0003493552  0.1929355112
  0.8000000000  0.3333333333  0.3333333333  1.0000000000  0.3333333333  0.0000000000  0.7036433229  0.2273115570  0.1438055337 -0.0151590140  0.0401250131  0.0000373463  0.6901142235  0.1408186231 -0.0400814105  0.0158586367  0.0007394213  0.3919736215 -0.0380198058  0.0363912670 -0.0021226305  0.1394008085 -0.0056448194  0.0114861995  0.1401909379 -0.0111124884  0.2323984949
  0.8000000000  0.3333333333  0.3333333333  1.0000000000  0.3333333333  0.3333333333  0.6431828347  0.2610132523  0.2563497578 -0.0020371715  0.0043790117 -0.0092474036  0.6415900578  0.2556501361 -0.0050161734  0.0016216843 -0.0088427154  0.6462595090 -0.0028797176  0.0020489023 -0.0054816210  0.1889087376 -0.0056989288  0.0017018650  0.1896772548 -0.0016337213  0.1946739248
  0.8000000000  0.3333333333  0.3333333333  1.0000000000  0.3333333333  0.6666666667  0.5872019723  0.2285642677  0.2024755467 -0.0007503118  0.0054663884 -0.0369514683  0.5651696122  0.2007501920 -0.0017975653  0.0005660401 -0.0378802570  0.6357742043 -0.0001650618  0.0036961884 -0.0202155428  0.1864779306 -0.0255114553  0.0011885667  0.1821276647 -0.0014173084  0.2086853985
  0.8000000000  0.3333333333  0.3333333333  1.0000000000  0.3333333333  1.0000000000  0.5657138536  0.2287441855  0.2067819188  0.0011266746  0.0024281851 -0.0304009974  0.5801428763  0.2178000893  0.0035099918  0.0001571919 -0.0306656555  0.6672837319  0.0059111406  0.0012210267 -0.0153829677  0.1967545943 -0.0187273875  0.0000111882  0.1868038864 -0.0006333342  0.2005876167
  0.8000000000  0.3333333333  0.3333333333  1.0000000000  0.6666666667  0.0000000000  0.6256595735  0.1887311050  0.1521966294 -0.0007305640  0.0358748432 -0.0162317806  0.5576918150  0.1480552854 -0.0045438001  0.0140986052 -0.0123151628  0.4421569381 -0.0044121055  0.0392419654 -0.0042782616  0.1642024857 -0.0063161050  0.0141042294  0.1643067518 -0.0030567402  0.1981108464
  0.8000000000  0.3333333333  0.3333333333  1.0000000000  0.6666666667  0.3333333333  0.6510792471  0.2634883278  0.2605033440 -0.0019401949  0.0031405472 -0.0016473119  0.6521161240  0.2607171396 -0.0043647082  0.0014165326 -0.0016777600  0.6403687208 -0.0024724784  0.0018149533 -0.0010591606  0.1902269196 -0.0009310430  0.0012282191  0.1900737843 -0.0014904522  0.1937076156
  0.8000000000  0.3333333333  0.3333333333  1.0000000000  0.6666666667  0.6666666667  0.6489746763  0.2637365677  0.2624596859 -0.0007569324  0.0012900902 -0.0022046104  0.6501410534  0.2627937088 -0.0015659553  0.0005636412 -0.0022778217  0.6483103109 -0.0009236534  0.0005934054 -0.0013797948  0.1910704888 -0.0012049779  0.0006000322  0.1910760626 -0.0004754510  0.1926282043
  0.8000000000  0.3333333333  0.3333333333  1.0000000000  0.6666666667  1.0000000000  0.6477571082  0.2633554072  0.2627005812 -0.0002797944  0.0005718273 -0.0025759996  0.6483991151  0.2631159435 -0.0006348992  0.0001768501 -0.0026853352  0.6510677009 -0.0002810703  0.0000201240 -0.0015780610  0.1913132500 -0.0014653221  0.0002894405  0.1912912372 -0.0001370194  0.1921854602
  0.8000000000  0.3333333333  0.3333333333  1.0000000000  1.0000000000  0.0000000000  0.6592500705  0.1715145481  0.1159519533 -0.0082569709  0.0360358400  0.0047135386  0.5646880211  0.1182024715 -0.0149963994  0.0157679057  0.0065306745  0.3599306302 -0.0106400543  0.0337086409  0.0009813782  0.1356343221 -0.0000674853  0.0131260987  0.1290904345 -0.0084810678  0.2130145407
  0.8000000000  0.3333333333  0.3333333333  1.0000000000  1.0000000000  0.3333333333  0.6546041835  0.2636631632  0.2578233172 -0.0028125286  0.0043701525  0.0001615615  0.6560612265  0.2583295874 -0.0064883395  0.0017964885  0.0001051794  0.6311223504 -0.0031259341  0.0019694681 -0.0001230285  0.1892864252 -0.0004138905  0.0016126654  0.1889076397 -0.0021808284  0.1955011240
  0.8000000000  0.3333333333  0.3333333333  1.0000000000  1.0000000000  0.6666666667  0.6498832247  0.2638846359  0.2625538881 -0.0007299103  0.0011191535 -0.0002807465  0.6513568741  0.2628962257 -0.0015296830  0.0004982283 -0.0003296980  0.6465671275 -0.0008784332  0.0005249141 -0.0002049448  0.1909736621 -0.0002075660  0.0004950252  0.1908713842 -0.0005048483  0.1925615391
  0.8000000000  0.3333333333  0.3333333333  1.0000000000  1.0000000000  1.0000000000  0.6489904460  0.2636339152  0.2631384241 -0.0002359675  0.0002228558 -0.0003600488  0.6498960395  0.2634522787 -0.0004945180  0.0000722573 -0.0003495281  0.6489131033 -0.0001942951 -0.0000813680 -0.0002401177  0.1915946483 -0.0002301232  0.0001439007  0.1915115314 -0.0001747406  0.1922178389
  0.8000000000  0.3333333333  0.6666666667  0.0000000000  0.0000000000  0.0000000000  0.7139655361  0.1501286589  0.2422552883 -0.0017816866  0.0134956494  0.0132173326  0.4568887751  0.1509861465 -0.0104923896  0.0068714860  0.0163434711  0.7264479586 -0.0073253217  0.0133430138  0.0047752155  0.1347301357  0.0023650728  0.0191265228  0.2436451561 -0.0003952400  0.1367955921
  0.8000000000  0.3333333333  0.6666666667  0.0000000000  0.0000000000  0.3333333333  0.7854839674  0.1468963443  0.2439129455  0.0265362548  0.0000381915  0.0000759457  0.3767373146  0.1336228391  0.0489079662  0.0000259338  0.0000599910  0.7260283471  0.0419757532  0.0000441791  0.0000450900  0.1210400844  0.0000348307  0.0000577629  0.2434245934  0.0166546315  0.1433658239
  0.8000000000  0.3333333333  0.6666666667  0.0000000000  0.0000000000  0.6666666667  0.7855342316  0.1460323334  0.2436809514  0.0268832283 -0.0000190977 -0.0000269723  0.3743469495  0.1329145560  0.0494456427 -0.0000348741 -0.0000486759  0.7259341797  0.0425699996 -0.0000115447 -0.0000408049  0.1208333810 -0.0000002352 -0.0000674036  0.2435114355  0.0169524121  0.1429287144
  0.8000000000  0.3333333333  0.6666666667  0.0000000000  0.0000000000  1.0000000000  0.7852656351  0.1453685590  0.2434361023  0.0269349253 -0.0001197973 -0.0001679093  0.3728930589  0.1325665110  0.0495632389 -0.0001415785 -0.0001952051  0.7259080802  0.0427610448 -0.0001316314 -0.0002089180  0.1206580909 -0.0000742094 -0.0003187413  0.2434947372  0.0169366713  0.1423243658
  0.8000000000  0.3333333333  0.6666666667  0.0000000000  0.3333333333  0.0000000000  0.7189854147  0.2319603984  0.2237109177 -0.0037468864  0.0387346114  0.0207167970  0.6422276752  0.2044427267 -0.0237169255  0.0139208042  0.0248705658  0.5800782536 -0.0207152546  0.0374260445  0.0035912323  0.1857355530  0.0027016201  0.0119652027  0.2040814131  0.0009326412  0.2073098127
  0.8000000000  0.3333333333  0.6666666667  0.0000000000  0.3333333333  0.3333333333  0.6671715690  0.2060608834  0.2200486604  0.0039731715  0.0208964311  0.0018823971  0.5731419384  0.1907631321 -0.0001034491  0.0086216622  0.0019996613  0.6133890903  0.0151105565  0.0162605714 -0.0005005989  0.1611503071 -0.0002150708  0.0080730413  0.2041721337  0.0047255961  0.1866458891
  0.8000000000  0.3333333333  0.6666666667  0.0000000000  0.3333333333  0.6666666667  0.6669831110  0.1996555083  0.2269251567  0.0054412529  0.0070825368  0.0012162059  0.5368238032  0.1930355245  0.0015847113  0.0027550945  0.0008142895  0.6299982969  0.0196076447  0.0047802400 -0.0005954694  0.1607683760 -0.0005287510  0.0026995804  0.2075962047  0.0067676175  0.1756516230
  0.8000000000  0.3333333333  0.6666666667  0.0000000000  0.3333333333  1.0000000000  0.6638546842  0.1938047025  0.2257688262  0.0081992665  0.0025862457  0.0005758923  0.5162256967  0.1919090335  0.0052826628  0.0009500940  0.0004957175  0.6402745899  0.0260415006  0.0013998506 -0.0002487098  0.1597134942 -0.0001241076  0.0009140360  0.2084172100  0.0095540901  0.1698690715
  0.8000000000  0.3333333333  0.6666666667  0.0000000000  0.6666666667  0.0000000000  0.6670756403  0.2378426934  0.2089393231  0.0016251937  0.0599427427  0.0198125200  0.6675683712  0.2075218566 -0.0203180268  0.0188591779  0.0230692869  0.5152136331 -0.0165622144  0.0479263429 -0.0011413579  0.1890562580  0.0006387077  0.0162108905  0.1933659900  0.0032917597  0.2099663587
  0.8000000000  0.3333333333  0.6666666667  0.0000000000  0.6666666667  0.3333333333  0.6564026446  0.2595614315  0.2631245680  0.0008615035  0.0045089396  0.0018998766  0.6421423170  0.2585253091 -0.0002568501  0.0021838189  0.0014525645  0.6480041194  0.0022320416  0.0035276183  0.0005126790  0.1900928074  0.0002347548  0.0017594595  0.1945732956  0.0012770257  0.1903586586
  0.8000000000  0.3333333333  0.6666666667  0.0000000000  0.6666666667  0.6666666667  0.6556717001  0.2601770076  0.2638299157  0.0013216207  0.0014556480  0.0005885437  0.6399459199  0.2601309650  0.0011156303  0.0007308053  0.0002433015  0.6503996584  0.0033726773  0.0009484741  0.0001739081  0.1898656211  0.0001318645  0.0006764841  0.1939223272  0.0014403607  0.1894368587
  0.8000000000  0.3333333333  0.6666666667  0.0000000000  0.6666666667  1.0000000000  0.6570912919  0.2584605511  0.2636451354  0.0021865924  0.0001216323 -0.0000297403  0.6347058354  0.2591923133  0.0021616690 -0.0000567801 -0.0001919363  0.6515210493  0.0052551934 -0.0003901008 -0.0000890409  0.1897096431 -0.0000756143  0.0000454929  0.1945543499  0.0021732368  0.1886012413
  0.8000000000  0.3333333333  0.6666666667  0.0000000000  1.0000000000  0.0000000000  0.6313591380  0.2067373192  0.1982967667 -0.0037654196  0.0536805484  0.0107474448  0.6574878078  0.2009196008 -0.0129233034  0.0208529356  0.0100925743  0.5596548936 -0.0129709447  0.0456257168  0.0021644311  0.1822808267  0.0017485441  0.0211382379  0.1822570310 -0.0029885919  0.1960510521
  0.8000000000  0.3333333333  0.6666666667  0.0000000000  1.0000000000  0.3333333333  0.6517499360  0.2625967169  0.2631902638 -0.0000002334  0.0031802273  0.0010731210  0.6489086597  0.2614277110 -0.0005062293  0.0016235789  0.0007499246  0.6469604435  0.0003487273  0.0024068064  0.0004385677  0.1906256301  0.0002105779  0.0013276820  0.1925664320  0.0002793800  0.1912480077
  0.8000000000  0.3333333333  0.6666666667  0.0000000000  1.0000000000  0.6666666667  0.6525740974  0.2623252338  0.2637999872  0.0004573793  0.0013664051  0.0003298270  0.6462978899  0.2619736748  0.0002337730  0.0006426450  0.0000781033  0.6494743769  0.0013738340  0.0008019431  0.0000873359  0.1907350991  0.0000234507  0.0006590070  0.1927678152  0.0006699332  0.1906715924
  0.8000000000  0.3333333333  0.6666666667  0.0000000000  1.0000000000  1.0000000000  0.6530867260  0.2617598315  0.2639044550  0.0007399064  0.0001781769 -0.0000841776  0.6442986973  0.2618384646  0.0005722731 -0.0000758768 -0.0002727732  0.6506139799  0.0019647589 -0.0003702039 -0.0001056917  0.1906871558 -0.0001168052  0.0000971113  0.1929759887  0.0008928600  0.1902820137
  0.8000000000  0.3333333333  0.6666666667  0.3333333333  0.0000000000  0.0000000000  0.7156061142  0.1821864607  0.2562194876  0.0040507864  0.0254482812 -0.0129607020  0.5136681736  0.1829241161  0.0130468842  0.0128314468 -0.0140070206  0.7272141061  0.0112418667  0.0249068621 -0.0052753479  0.1560267274 -0.0016648813  0.0195574476  0.2423074636  0.0012321658  0.1586259618
  0.8000000000  0.3333333333  0.6666666667  0.3333333333  0.0000000000  0.3333333333  0.7000277622  0.1230800672  0.2317825680  0.0009393996  0.0008667872 -0.0387870480  0.3725417002  0.1332905548  0.0044788086  0.0009812099 -0.0427334989  0.7635413872  0.0054718346  0.0016695287 -0.0197047501  0.1345381655 -0.0135874208  0.0011188292  0.2410096309  0.0000261569  0.1189297186
  0.8000000000  0.3333333333  0.6666666667  0.3333333333  0.0000000000  0.6666666667  0.6992057314  0.1264916096  0.2325979607  0.0015117916  0.0005718793 -0.0366883121  0.3855781489  0.1383858958  0.0052837627  0.0006732958 -0.0415663815  0.7652878727  0.0060892188  0.0010241787 -0.0191486209  0.1397518748 -0.0130002049  0.0005332527  0.2402023656  0.0004085666  0.1210059724
  0.8000000000  0.3333333333  0.6666666667  0.3333333333  0.0000000000  1.0000000000  0.6988833096  0.1271367094  0.2330546981  0.0018683392  0.0003840534 -0.0351531025  0.3895145186  0.1400546828  0.0056024153  0.0006005051 -0.0399341257  0.7670177364  0.0065279141  0.0009072261 -0.0186008733  0.1411762084 -0.0126147467  0.0004163010  0.2401090218  0.0006664142  0.1205754219
  0.8000000000  0.3333333333  0.6666666667  0.3333333333  0.3333333333  0.0000000000  0.6617366202  0.2380420905  0.2187158652 -0.0052074149  0.0560753526  0.0093583310  0.6440499391  0.2244533378 -0.0154997767  0.0130957639  0.0087937104  0.5551975417 -0.0158570406  0.0499327650  0.0008438626  0.2014546276  0.0004235085  0.0101724785  0.2007274756 -0.0056349741  0.2072534570
  0.8000000000  0.3333333333  0.6666666667  0.3333333333  0.3333333333  0.3333333333  0.6618666842  0.1990458524  0.2192546656 -0.0002513452  0.0258266845 -0.0028100653  0.5901503280  0.1811160415 -0.0032743800  0.0154599368 -0.0006963943  0.6448649868 -0.0018838081  0.0240613191 -0.0007284397  0.1542194501 -0.0017825929  0.0175840762  0.2109776148 -0.0000754971  0.1845669534
  0.8000000000  0.3333333333  0.6666666667  0.3333333333  0.3333333333  0.6666666667  0.6221767108  0.2105120416  0.2254988832  0.0004350671  0.0131696594 -0.0159164037  0.5619053575  0.2016192168 -0.0003997540  0.0057455123 -0.0056233873  0.6504328815  0.0028254363  0.0102731201 -0.0064991386  0.1688353016 -0.0096170067  0.0054880232  0.2005511631  0.0002427477  0.1854706628
  0.8000000000  0.3333333333  0.6666666667  0.3333333333  0.3333333333  1.0000000000  0.6303421630  0.2070785105  0.2199594843  0.0016916301  0.0043831060 -0.0261872704  0.5273565451  0.1881559949  0.0042659413  0.0004413886 -0.0117022547  0.6682911121  0.0073375431  0.0036563438 -0.0111018476  0.1576222141 -0.0159399300  0.0006617718  0.2025682160  0.0008032317  0.1869256587
  0.8000000000  0.3333333333  0.6666666667  0.3333333333  0.6666666667  0.0000000000  0.6259593469  0.1968576003  0.1823747612 -0.0044184895  0.0639692413  0.0044487718  0.6649187899  0.1674391291 -0.0104145212  0.0312045250  0.0068055675  0.5002302845 -0.0090621071  0.0632036464  0.0018984361  0.1672538536  0.0008040448  0.0290147808  0.1882739816 -0.0029736573  0.2001032058
  0.8000000000  0.3333333333  0.6666666667  0.3333333333  0.6666666667  0.3333333333  0.6531412576  0.2612988484  0.2633458562 -0.0004049266  0.0035779984 -0.0022130530  0.6446988238  0.2598681421 -0.0007994682  0.0018913339 -0.0007916022  0.6487122663 -0.0006530134  0.0028424884 -0.0009004711  0.1895823849 -0.0008349452  0.0015122994  0.1936975914 -0.0002713122  0.1905185276
  0.8000000000  0.3333333333  0.6666666667  0.3333333333  0.6666666667  0.6666666667  0.6532502747  0.2608290131  0.2638302478  0.0000762171  0.0013375356 -0.0037689481  0.6402790460  0.2600541810 -0.0000339989  0.0006793919 -0.0015848877  0.6523043103  0.0003470706  0.0009225647 -0.0015847070  0.1891159405 -0.0013000519  0.0006306478  0.1938315217  0.0001328521  0.1897662946
  0.8000000000  0.3333333333  0.6666666667  0.3333333333  0.6666666667  1.0000000000  0.6546819223  0.2563397307  0.2630600485  0.0007387374  0.0005032647 -0.0102528557  0.6239066490  0.2547534633  0.0006759652  0.0000895238 -0.0035814138  0.6603537786  0.0017572840  0.0000392597 -0.0039840387  0.1862472338 -0.0038562794  0.0002378942  0.1965695165  0.0003931332  0.1880286766
  0.8000000000  0.3333333333  0.6666666667  0.3333333333  1.0000000000  0.0000000000  0.5674967561  0.1498114356  0.1457843300 -0.0017898164  0.0765235274  0.0084206223  0.6044340518  0.1586998114 -0.0037531654  0.0272730393  0.0111049307  0.4863912622 -0.0019963964  0.0782478336  0.0017909118  0.1801772848  0.0017213344  0.0264981446  0.1577706739 -0.0015567289  0.1841928767
  0.8000000000  0.3333333333  0.6666666667  0.3333333333  1.0000000000  0.3333333333  0.6519700991  0.2628486437  0.2628631760 -0.0006674785  0.0043965649 -0.0005413991  0.6511152456  0.2608805705 -0.0012867501  0.0022715133  0.0002098352  0.6452716332 -0.0010583118  0.0032225289 -0.0002563890  0.1906833899 -0.0003727505  0.0016671148  0.1928854051 -0.0003692941  0.1921103806
  0.8000000000  0.3333333333  0.6666666667  0.3333333333  1.0000000000  0.6666666667  0.6516681197  0.2628470160  0.2638983685 -0.0001279109  0.0011222378 -0.0015156315  0.6467239764  0.2623008065 -0.0003411854  0.0005676520 -0.0006998390  0.6500448006 -0.0000873014  0.0007420969 -0.0006553811  0.1905624457 -0.0004983881  0.0004649837  0.1926427711 -0.0000383970  0.1909640556
  0.8000000000  0.3333333333  0.6666666667  0.3333333333  1.0000000000  1.0000000000  0.6517039139  0.2623232804  0.2639049814  0.0001965591 -0.0000517786 -0.0023596702  0.6446700305  0.2620130713  0.0001705567 -0.0001404639 -0.0011310564  0.6514377476  0.0005022176 -0.0004483752 -0.0010111984  0.1902698683 -0.0008093006 -0.0000517495  0.1929013575  0.0001994253  0.1905685270
  0.8000000000  0.3333333333  0.6666666667  0.6666666667  0.0000000000  0.0000000000  0.6578904075  0.1934422124  0.2045053511 -0.0130984735  0.0316128940 -0.0347376197  0.5385099395  0.1831755545 -0.0164406766  0.0121229483 -0.0407526570  0.5795640646 -0.0141233088  0.0360859757 -0.0145654997  0.1865707867 -0.0160931768  0.0140876211  0.2044740973 -0.0188506451  0.2007772221
  0.8000000000  0.3333333333  0.6666666667  0.6666666667  0.0000000000  0.3333333333  0.6100079463  0.1807918133  0.2136255201 -0.0020070134  0.0153043668 -0.0399181433  0.4995933833  0.1800030143 -0.0012831953  0.0055564304 -0.0349525937  0.6925853422 -0.0028643557  0.0142086452 -0.0185022941  0.1653523555 -0.0188335146  0.0079211386  0.2101261047 -0.0036889233  0.1795761397
  0.8000000000  0.3333333333  0.6666666667  0.6666666667  0.0000000000  0.6666666667  0.6035419099  0.1686434204  0.2099146798 -0.0007310316  0.0086385244 -0.0483650489  0.4524929260  0.1661914076  0.0002259194  0.0031617283 -0.0398912330  0.7078628019  0.0001203715  0.0083492881 -0.0237764065  0.1553534511 -0.0233419500  0.0046747810  0.2103185645 -0.0019157983  0.1696862921
  0.8000000000  0.3333333333  0.6666666667  0.6666666667  0.0000000000  1.0000000000  0.5668149868  0.1563885417  0.2026137891 -0.0008313911  0.0005453586 -0.0620382994  0.3957645520  0.1525924909 -0.0026520035  0.0004469360 -0.0499610914  0.7125501981 -0.0014719621 -0.0000702649 -0.0325180550  0.1494286328 -0.0329140485  0.0007988941  0.2063891042 -0.0005019987  0.1647137000
  0.8000000000  0.3333333333  0.6666666667  0.6666666667  0.3333333333  0.0000000000  0.6809168044  0.2305988014  0.2275523455 -0.0145614240  0.0476053432 -0.0006458181  0.6921113612  0.2145841189 -0.0256754010  0.0283252205  0.0009653752  0.5922464248 -0.0251369663  0.0512832717  0.0004019679  0.1929194283 -0.0018089368  0.0266572676  0.2110449277 -0.0125128007  0.2073074348
  0.8000000000  0.3333333333  0.6666666667  0.6666666667  0.3333333333  0.3333333333  0.5865445686  0.1821089955  0.1907368997 -0.0023914532  0.0178707215 -0.0258366221  0.5557721612  0.1705544540 -0.0135868389  0.0082834359 -0.0132068198  0.6053156943 -0.0116516694  0.0118787535 -0.0109243129  0.1577410965 -0.0131609434  0.0105865756  0.1930126892 -0.0032714081  0.1831447338
  0.8000000000  0.3333333333  0.6666666667  0.6666666667  0.3333333333  0.6666666667  0.6207593620  0.2146800070  0.2222637209 -0.0005549842  0.0048891004 -0.0219152028  0.5612413192  0.2016170576 -0.0019189984  0.0018699462 -0.0039160184  0.6580534531 -0.0008793665  0.0021581224 -0.0085269909  0.1682030372 -0.0145276840  0.0021029824  0.1983557950 -0.0007202867  0.1886526931
  0.8000000000  0.3333333333  0.6666666667  0.6666666667  0.3333333333  1.0000000000  0.6162045135  0.2085011344  0.2224612161 -0.0001301711  0.0006759578 -0.0276715663  0.5372297575  0.1965060080  0.0001405702  0.0004680386 -0.0049418418  0.6707282822 -0.0001501910 -0.0012918367 -0.0100407652  0.1674231914 -0.0155065482  0.0002451065  0.2021427424 -0.0000743857  0.1850936451
  0.8000000000  0.3333333333  0.6666666667  0.6666666667  0.6666666667  0.0000000000  0.5859161085  0.1986904281  0.1803236624 -0.0165832860  0.0485393100 -0.0025673351  0.6606793581  0.1848594630 -0.0323807568  0.0278624554  0.0013204059  0.4707409782 -0.0370605684  0.0485804871  0.0002329602  0.1911906761 -0.0016876907  0.0291824478  0.1850564516 -0.0162925723  0.1971267427
  0.8000000000  0.3333333333  0.6666666667  0.6666666667  0.6666666667  0.3333333333  0.6498979731  0.2618140647  0.2626304783 -0.0011173815  0.0039265214 -0.0043147603  0.6457972901  0.2603731750 -0.0018278953  0.0020628409 -0.0024114721  0.6476694688 -0.0019735847  0.0031165236 -0.0020205493  0.1901977036 -0.0016842980  0.0016591990  0.1928504919 -0.0008409127  0.1916316203
  0.8000000000  0.3333333333  0.6666666667  0.6666666667  0.6666666667  0.6666666667  0.6505289363  0.2610764145  0.2631724933 -0.0004773216  0.0012472885 -0.0067722402  0.6390677560  0.2598921479 -0.0007733109  0.0006274176 -0.0032905802  0.6529362996 -0.0008174840  0.0008527298 -0.0029184205  0.1890074041 -0.0026017821  0.0005481479  0.1933694226 -0.0003658108  0.1904578189
  0.8000000000  0.3333333333  0.6666666667  0.6666666667  0.6666666667  1.0000000000  0.6497230587  0.2606579002  0.2630215425 -0.0001549825  0.0002479235 -0.0072752682  0.6376428149  0.2597432835 -0.0002584110  0.0000483451 -0.0036832438  0.6535212972 -0.0002622873 -0.0001013539 -0.0032324530  0.1891513858 -0.0027751961  0.0001482773  0.1933886415 -0.0001308192  0.1904194941
  0.8000000000  0.3333333333  0.6666666667  0.6666666667  1.0000000000  0.0000000000  0.5748707503  0.1562687324  0.1472148149 -0.0014213091  0.0778016703  0.0015650779  0.5902763684  0.1471050829 -0.0031269749  0.0278575401  0.0041650498  0.4437111368 -0.0021413071  0.0787653396  0.0004053987  0.1683192605  0.0004884576  0.0296388194  0.1599997217 -0.0010569074  0.1906232811
  0.8000000000  0.3333333333  0.6666666667  0.6666666667  1.0000000000  0.3333333333  0.6500938431  0.2629680346  0.2625335260 -0.0010632080  0.0049562290 -0.0013027036  0.6523274291  0.2613868040 -0.0019825649  0.0025630876 -0.0004361474  0.6451561188 -0.0020394063  0.0041048207 -0.0008009732  0.1912740814 -0.0007660403  0.0019739774  0.1927994241 -0.0007173553  0.1929222905
  0.8000000000  0.3333333333  0.6666666667  0.6666666667  1.0000000000  0.6666666667  0.6502215225  0.2630546699  0.2635316724 -0.0004484873  0.0015369610 -0.0021530348  0.6475489335  0.2624957234 -0.0007823987  0.0007861111 -0.0012015525  0.6492949135 -0.0007554294  0.0011479146 -0.0010241568  0.1910093583 -0.0007984590  0.0006319949  0.1924174397 -0.0003337142  0.1916929127
  0.8000000000  0.3333333333  0.6666666667  0.6666666667  1.0000000000  1.0000000000  0.6501193835  0.2629073328  0.2636652163 -0.0001274951  0.0001942365 -0.0029333125  0.6460396058  0.2625478386 -0.0002231362  0.0000260048 -0.0017520345  0.6507271459 -0.0001929833 -0.0001185659 -0.0013712414  0.1906798714 -0.0010891941  0.0000992852  0.1923314831 -0.0001007927  0.1911960130
  0.8000000000  0.3333333333  0.6666666667  1.0000000000  0.0000000000  0.0000000000  0.6119159131  0.2325833788  0.2159628691 -0.0006197386  0.0218765390 -0.0504838012  0.6497802398  0.2224149620 -0.0032658647  0.0099564512 -0.0465366624  0.6759711418  0.0006021903  0.0220647665 -0.0277125154  0.1963497135 -0.0293063282  0.0094506599  0.1911496287 -0.0030571442  0.2119312702
  0.8000000000  0.3333333333  0.6666666667  1.0000000000  0.0000000000  0.3333333333  0.6013635756  0.2122562221  0.2176507082 -0.0149305118 -0.0000675850 -0.0634143617  0.5288283560  0.2108537288 -0.0286089210 -0.0004209173 -0.0634867585  0.7179331181 -0.0266330066 -0.0010563518 -0.0370172439  0.1982300428 -0.0363712183  0.0023868284  0.2010936896 -0.0125670731  0.2057730937
  0.8000000000  0.3333333333  0.6666666667  1.0000000000  0.0000000000  0.6666666667  0.5916307117  0.2105626415  0.2160662821 -0.0096400206 -0.0070898947 -0.0704987696  0.5180538701  0.2038257944 -0.0207798596 -0.0032838227 -0.0713417939  0.7355099537 -0.0183392303 -0.0075207135 -0.0417461409  0.1884891942 -0.0411776084 -0.0007904056  0.1963556685 -0.0069934138  0.2026553965
  0.8000000000  0.3333333333  0.6666666667  1.0000000000  0.0000000000  1.0000000000  0.5901889224  0.2096065651  0.2157118172 -0.0053022794 -0.0098351108 -0.0703935085  0.5350323687  0.2043575528 -0.0131124491 -0.0035971085 -0.0717755258  0.7477093544 -0.0114892901 -0.0096725380 -0.0417108248  0.1873907477 -0.0401313470 -0.0016853002  0.1966023044 -0.0032886620  0.2017049063
  0.8000000000  0.3333333333  0.6666666667  1.0000000000  0.3333333333  0.0000000000  0.6597868707  0.2344070310  0.2199579880 -0.0120889776  0.0480879775 -0.0042281225  0.7078974270  0.2185454112 -0.0222962791  0.0285163107 -0.0021182447  0.5664499529 -0.0227425451  0.0521130441 -0.0003329858  0.1952633831 -0.0024189194  0.0266764374  0.1980124149 -0.0114750477  0.2090614132
  0.8000000000  0.3333333333  0.6666666667  1.0000000000  0.3333333333  0.3333333333  0.5673133233  0.1930088574  0.1939973276 -0.0022652507  0.0208054670 -0.0180481322  0.5483911705  0.1762228548 -0.0073788831  0.0079482749 -0.0208257476  0.5849812795 -0.0062094794  0.0191673047 -0.0100371369  0.1736048587 -0.0143629487  0.0096690503  0.1893912202 -0.0038548708  0.1935025237
  0.8000000000  0.3333333333  0.6666666667  1.0000000000  0.3333333333  0.6666666667  0.5478020635  0.1988921486  0.1884858218 -0.0026081743  0.0068319526 -0.0252474869  0.5276469623  0.1796259008 -0.0059272246  0.0029327285 -0.0277556367  0.6196089210 -0.0077332900  0.0061071488 -0.0145455326  0.1776435528 -0.0223858438  0.0038976944  0.1834449690 -0.0019189882  0.1965104907
  0.8000000000  0.3333333333  0.6666666667  1.0000000000  0.3333333333  1.0000000000  0.5911195646  0.2196160135  0.2087170487 -0.0014501753 -0.0035683563 -0.0460111914  0.5366886670  0.1923230829 -0.0048784026 -0.0005650524 -0.0503765793  0.6469080151 -0.0043511007 -0.0041166297 -0.0248380908  0.1845333828 -0.0293678622  0.0001533330  0.1930344724 -0.0006673129  0.2100155382
  0.8000000000  0.3333333333  0.6666666667  1.0000000000  0.6666666667  0.0000000000  0.5775872160  0.1901895685  0.1612686391 -0.0107422278  0.0322845294 -0.0129493488  0.5947934585  0.1639775301 -0.0241032297  0.0131971180 -0.0122773413  0.4654648275 -0.0288905495  0.0251821707 -0.0042092012  0.1792987997 -0.0072525807  0.0191499460  0.1685468582 -0.0141839010  0.1987684145
  0.8000000000  0.3333333333  0.6666666667  1.0000000000  0.6666666667  0.3333333333  0.6481992435  0.2632316819  0.2623781856 -0.0013220786  0.0035222440 -0.0024561710  0.6504331269  0.2620784961 -0.0024233285  0.0018542338 -0.0023730083  0.6464931602 -0.0022170506  0.0026965546 -0.0015205351  0.1912102115 -0.0012234731  0.0015441638  0.1917116792 -0.0008590168  0.1924471944
  0.8000000000  0.3333333333  0.6666666667  1.0000000000  0.6666666667  0.6666666667  0.6482957215  0.2632206327  0.2630670920 -0.0006716351  0.0014796175 -0.0032192772  0.6475719387  0.2627260707 -0.0012171964  0.0007335858 -0.0029403814  0.6502911445 -0.0010545874  0.0009493882 -0.0018608435  0.1911864403 -0.0015486013  0.0007178480  0.1918602551 -0.0004228588  0.1919050082
  0.8000000000  0.3333333333  0.6666666667  1.0000000000  0.6666666667  1.0000000000  0.6454811578  0.2621818086  0.2622031480 -0.0003250523  0.0004785224 -0.0063910725  0.6421537964  0.2613886083 -0.0007923105  0.0002185313 -0.0056264515  0.6544970833 -0.0008147885 -0.0002111697 -0.0035573993  0.1910929293 -0.0031429134  0.0003977363  0.1922870085 -0.0001586036  0.1921239003
  0.8000000000  0.3333333333  0.6666666667  1.0000000000  1.0000000000  0.0000000000  0.5893116701  0.1675612542  0.1478272293 -0.0027848795  0.0670984345  0.0090856233  0.5900330953  0.1491450992 -0.0075833010  0.0241730021  0.0092182017  0.4461456387 -0.0053197512  0.0659917087  0.0010568914  0.1674103607  0.0009992365  0.0251592892  0.1573952350 -0.0030633161  0.1952065228
  0.8000000000  0.3333333333  0.6666666667  1.0000000000  1.0000000000  0.3333333333  0.6490343808  0.2634681900  0.2616781920 -0.0012419294  0.0053402576 -0.0005647006  0.6542355153  0.2614499730 -0.0025140755  0.0026592865 -0.0005709329  0.6429171358 -0.0023066252  0.0039337352 -0.0006091015  0.1913029514 -0.0006637864  0.0020589286  0.1918813836 -0.0007338777  0.1934957954
  0.8000000000  0.3333333333  0.6666666667  1.0000000000  1.0000000000  0.6666666667  0.6490014570  0.2637479164  0.2633165708 -0.0004963190  0.0017427528 -0.0014154779  0.6501170191  0.2631850197 -0.0008833805  0.0008723924 -0.0014294643  0.6485126467 -0.0007341779  0.0011130960 -0.0009028208  0.1913833976 -0.0007304500  0.0008345803  0.1917583602 -0.0002909453  0.1921120759
  0.8000000000  0.3333333333  0.6666666667  1.0000000000  1.0000000000  1.0000000000  0.6490540138  0.2634922133  0.2634728817 -0.0001708133  0.0006105315 -0.0017909788  0.6485439782  0.2633054273 -0.0003441658  0.0002331776 -0.0017014398  0.6499502157 -0.0002433056  0.0001220166 -0.0010732267  0.1913606209 -0.0008657972  0.0003251319  0.1918075100 -0.0000828922  0.1917952714
  0.8000000000  0.3333333333  1.0000000000  0.0000000000  0.0000000000  0.0000000000  0.6635422460  0.2065149065  0.2502664071  0.0027063395  0.0365655336  0.0162985975  0.6195137781  0.2086832541  0.0011470856  0.0210887784  0.0153593756  0.6774523503  0.0034953856  0.0359405147  0.0057144498  0.1805455085  0.0036542703  0.0265768722  0.2290879275  0.0031771614  0.1835328020
  0.8000000000  0.3333333333  1.0000000000  0.0000000000  0.0000000000  0.3333333333  0.7830023852  0.1442445328  0.2431602985  0.0283277056  0.0000491784  0.0000748643  0.3704953299  0.1324458678  0.0531117509  0.0000158835  0.0001193634  0.7253142300  0.0445675533  0.0000695832 -0.0000027281  0.1224577631 -0.0000070140  0.0000483802  0.2433682963  0.0178099686  0.1417604220
  0.8000000000  0.3333333333  1.0000000000  0.0000000000  0.0000000000  0.6666666667  0.7847622041  0.1455175580  0.2435385518  0.0272157494  0.0000235801  0.0000341319  0.3729119332  0.1326917486  0.0502391906  0.0000133672  0.0000415247  0.7257862284  0.0429872236  0.0000365748  0.0000261769  0.1210163466  0.0000168284  0.0000432031  0.2434563809  0.0170958221  0.1422885232
  0.8000000000  0.3333333333  1.0000000000  0.0000000000  0.0000000000  1.0000000000  0.7853827522  0.1457696659  0.2436327760  0.0268782850 -0.0000000000 -0.0000000000  0.3734715343  0.1326596984  0.0493751169 -0.0000000000 -0.0000000000  0.7259333223  0.0425776679 -0.0000000000 -0.0000000000  0.1205429695 -0.0000000000 -0.0000000000  0.2435336773  0.0169540371  0.1425366840
  0.8000000000  0.3333333333  1.0000000000  0.0000000000  0.3333333333  0.0000000000  0.6243933759  0.2024370112  0.2446091494 -0.0017448847  0.0589472187  0.0070245967  0.6641036523  0.2064708178 -0.0079475139  0.0328393891  0.0082114115  0.6502682292 -0.0072306429  0.0575401597  0.0018787586  0.1800479084  0.0006147630  0.0404941240  0.2325891619 -0.0006023647  0.1820786725
  0.8000000000  0.3333333333  1.0000000000  0.0000000000  0.3333333333  0.3333333333  0.6879093902  0.2072183919  0.2511278258  0.0094701882  0.0221248920  0.0177692435  0.5834861355  0.2080647724  0.0134918415  0.0160535466  0.0085405696  0.6784731230  0.0242133014  0.0219603532  0.0050850483  0.1784594004  0.0050618437  0.0201600810  0.2266694938  0.0086676504  0.1796534838
  0.8000000000  0.3333333333  1.0000000000  0.0000000000  0.3333333333  0.6666666667  0.7436428171  0.1567513569  0.2377357933  0.0105077857  0.0009122855  0.0018997314  0.4517591503  0.1502880325  0.0234972443  0.0006865258  0.0017843503  0.7226967446  0.0202070887  0.0005377083  0.0010280217  0.1305559053  0.0006981564  0.0011204142  0.2397580036  0.0066254016  0.1498517321
  0.8000000000  0.3333333333  1.0000000000  0.0000000000  0.3333333333  1.0000000000  0.6797653307  0.2087740702  0.2567374544  0.0002016131 -0.0000000000 -0.0000000000  0.5143989722  0.2093288149  0.0003682591 -0.0000000000 -0.0000000000  0.6964493443  0.0003357343 -0.0000000000  0.0000000000  0.1494288700 -0.0000000000 -0.0000000000  0.2140131908  0.0001511456  0.1508727417
  0.8000000000  0.3333333333  1.0000000000  0.0000000000  0.6666666667  0.0000000000  0.6212410749  0.2025233729  0.2438412231 -0.0026136676  0.0593297929  0.0103967009  0.6664767603  0.2066308612 -0.0127605996  0.0329476823  0.0126864170  0.6478913051 -0.0110379350  0.0577725161  0.0028025726  0.1805674338  0.0008719976  0.0406011463  0.2320767301 -0.0008840877  0.1822620471
  0.8000000000  0.3333333333  1.0000000000  0.0000000000  0.6666666667  0.3333333333  0.6191480515  0.1899990346  0.2245465399  0.0060205543  0.0252177595  0.0120619992  0.5558022243  0.1945181702  0.0077175191  0.0155686189  0.0059204642  0.6446963687  0.0240709261  0.0233754557  0.0019434383  0.1740394068  0.0035020926  0.0189515465  0.2152609692  0.0075990000  0.1765326592
  0.8000000000  0.3333333333  1.0000000000  0.0000000000  0.6666666667  0.6666666667  0.5608066130  0.1615794675  0.2016291967  0.0043993686  0.0064621918  0.0004869703  0.4849270126  0.1639932118  0.0107380519  0.0035427062  0.0005063680  0.6167540414  0.0134424882  0.0070534992  0.0001743816  0.1604132212  0.0005769567  0.0047274612  0.2017664058  0.0041795426  0.1672828592
  0.8000000000  0.3333333333  1.0000000000  0.0000000000  0.6666666667  1.0000000000  0.6557341709  0.1888097933  0.2264722427  0.0097063604 -0.0000000000 -0.0000000000  0.5036861956  0.1886714145  0.0096977734  0.0000000000 -0.0000000000  0.6440686540  0.0279532822 -0.0000000000  0.0000000000  0.1559034114 -0.0000000000 -0.0000000000  0.2098206443  0.0100839745  0.1645502972
  0.8000000000  0.3333333333  1.0000000000  0.0000000000  1.0000000000  0.0000000000  0.6127900277  0.2010521744  0.2412628603 -0.0046584013  0.0612346334  0.0185854612  0.6666155175  0.2046024199 -0.0216452619  0.0338793256  0.0220200212  0.6388785566 -0.0187182307  0.0598537327  0.0050799539  0.1798743782  0.0016649936  0.0414274184  0.2306506580 -0.0015422140  0.1821818400
  0.8000000000  0.3333333333  1.0000000000  0.0000000000  1.0000000000  0.3333333333  0.6563788787  0.2554015709  0.2627805498  0.0022497853  0.0039362173  0.0029253322  0.6293173162  0.2559312093  0.0017261084  0.0022074668  0.0018414261  0.6502834825  0.0055088017  0.0040503876  0.0011208090  0.1884714838  0.0008616873  0.0018265056  0.1957167424  0.0024401772  0.1872514919
  0.8000000000  0.3333333333  1.0000000000  0.0000000000  1.0000000000  0.6666666667  0.6276760229  0.2008865516  0.2297230498  0.0086764095  0.0070606327  0.0008352201  0.5353974198  0.2079530009  0.0074626604  0.0034931540  0.0005678715  0.6286173465  0.0277479589  0.0069302178 -0.0004117946  0.1749350585  0.0002082322  0.0041108757  0.2042046698  0.0114652556  0.1719244442
  0.8000000000  0.3333333333  1.0000000000  0.0000000000  1.0000000000  1.0000000000  0.6487519775  0.1970876429  0.2287484757  0.0088338514 -0.0000000000 -0.0000000000  0.5235152207  0.1991523714  0.0075641948 -0.0000000000 -0.0000000000  0.6336747640  0.0266555431 -0.0000000000  0.0000000000  0.1676123839 -0.0000000000 -0.0000000000  0.2072679020  0.0106366726  0.1711834981
  0.8000000000  0.3333333333  1.0000000000  0.3333333333  0.0000000000  0.0000000000  0.7295306434  0.1672616567  0.2576284316  0.0002032150  0.0212506265 -0.0010906603  0.4868470447  0.1686352355  0.0009178216  0.0135196052 -0.0013547148  0.7480322371  0.0008142219  0.0206320469 -0.0003903447  0.1426015506 -0.0001190298  0.0213577174  0.2503688940  0.0000256986  0.1460815200
  0.8000000000  0.3333333333  1.0000000000  0.3333333333  0.0000000000  0.3333333333  0.7036298461  0.1350976819  0.2368561088  0.0015503615  0.0027153274 -0.0260849892  0.4164233516  0.1494410986  0.0073471782  0.0027327717 -0.0296407417  0.7622346971  0.0073766430  0.0046778238 -0.0130729300  0.1433668079 -0.0082797480  0.0044104906  0.2412417161  0.0002109283  0.1249775459
  0.8000000000  0.3333333333  1.0000000000  0.3333333333  0.0000000000  0.6666666667  0.7001624589  0.1264912394  0.2337501982  0.0009097288  0.0004867323 -0.0327699908  0.3871792720  0.1414903422  0.0036065724  0.0006010132 -0.0362167543  0.7679365436  0.0041235332  0.0008115651 -0.0174114773  0.1394014992 -0.0116084086  0.0008311205  0.2405558254  0.0002138949  0.1190655154
  0.8000000000  0.3333333333  1.0000000000  0.3333333333  0.0000000000  1.0000000000  0.6996767177  0.1249283484  0.2332836201  0.0013734577  0.0002768790 -0.0343054630  0.3806954225  0.1388479709  0.0042089924  0.0004531391 -0.0384204338  0.7671034107  0.0047957004  0.0006397817 -0.0184593365  0.1377318391 -0.0123731621  0.0004432240  0.2405330615  0.0005263235  0.1182489590
  0.8000000000  0.3333333333  1.0000000000  0.3333333333  0.3333333333  0.0000000000  0.6241153049  0.2023312362  0.2445308103 -0.0017932784  0.0590023720  0.0071127494  0.6639701500  0.2065557497 -0.0079852758  0.0328354926  0.0082412070  0.6505993558 -0.0073557798  0.0576189129  0.0019495230  0.1800787664  0.0006633117  0.0404495863  0.2325443554 -0.0006536868  0.1820826303
  0.8000000000  0.3333333333  1.0000000000  0.3333333333  0.3333333333  0.3333333333  0.7074581258  0.1534476007  0.2411711440  0.0006959572  0.0068510909 -0.0082012030  0.4811279717  0.1633441057  0.0038493728  0.0050868021 -0.0097408235  0.7490788917  0.0033119724  0.0094584393 -0.0038147978  0.1505674802 -0.0021743746  0.0110070851  0.2409934309  0.0000840637  0.1378388420
  0.8000000000  0.3333333333  1.0000000000  0.3333333333  0.3333333333  0.6666666667  0.6963944759  0.1411887482  0.2360699001 -0.0000155739  0.0000535645 -0.0228159145  0.4484254030  0.1589605293 -0.0001456837 -0.0000568249 -0.0275984901  0.7802706289  0.0001201077  0.0002234886 -0.0124117990  0.1597721353 -0.0084484714 -0.0000297402  0.2386244607  0.0000286630  0.1277483631
  0.8000000000  0.3333333333  1.0000000000  0.3333333333  0.3333333333  1.0000000000  0.6963682742  0.1411219033  0.2360397038 -0.0000153970  0.0000484700 -0.0230028299  0.4481880710  0.1588632392 -0.0001384825 -0.0000551203 -0.0277840051  0.7802366855  0.0001043173  0.0002036591 -0.0125038851  0.1597510500 -0.0085102728 -0.0000296178  0.2386224088  0.0000261689  0.1277416508
  0.8000000000  0.3333333333  1.0000000000  0.3333333333  0.6666666667  0.0000000000  0.6193558113  0.2016590156  0.2428359202 -0.0041628478  0.0595555119  0.0158870791  0.6642029514  0.2054180668 -0.0185537505  0.0330263154  0.0185055700  0.6458164302 -0.0167827026  0.0581223222  0.0045490213  0.1799263870  0.0015937040  0.0404098442  0.2318677726 -0.0014871279  0.1820113734
  0.8000000000  0.3333333333  1.0000000000  0.3333333333  0.6666666667  0.3333333333  0.7132236104  0.1588206782  0.2427056390 -0.0006468270  0.0092801903 -0.0065353582  0.4901226427  0.1633222627 -0.0002068239  0.0059874090 -0.0077621955  0.7373185200 -0.0002637485  0.0095181284 -0.0029140283  0.1474611072 -0.0015419742  0.0128888176  0.2419668130 -0.0005896953  0.1421349049
  0.8000000000  0.3333333333  1.0000000000  0.3333333333  0.6666666667  0.6666666667  0.7030308538  0.1501467571  0.2388446754  0.0013430317  0.0030748877 -0.0106915752  0.4775383002  0.1653539811  0.0046529735  0.0025562285 -0.0118383413  0.7587015309  0.0044727632  0.0046028097 -0.0047201557  0.1578985993 -0.0026786250  0.0043124305  0.2393290759  0.0005132843  0.1341267301
  0.8000000000  0.3333333333  1.0000000000  0.3333333333  0.6666666667  1.0000000000  0.6995151338  0.1455974946  0.2373018558  0.0003455980 -0.0001252935 -0.0106755723  0.4628058714  0.1636437947  0.0007259614 -0.0002410068 -0.0122185180  0.7712791270  0.0008693711 -0.0001662237 -0.0053271621  0.1586724426 -0.0033530546 -0.0004662875  0.2385078035  0.0002091915  0.1293562952
  0.8000000000  0.3333333333  1.0000000000  0.3333333333  1.0000000000  0.0000000000  0.6180157264  0.2020095945  0.2422796419 -0.0042766879  0.0597621961  0.0163465055  0.6671888559  0.2054555705 -0.0195495386  0.0331179998  0.0194117714  0.6434787321 -0.0170041414  0.0581914523  0.0045449889  0.1805385160  0.0015446801  0.0406849112  0.2315293621 -0.0014896428  0.1826522967
  0.8000000000  0.3333333333  1.0000000000  0.3333333333  1.0000000000  0.3333333333  0.6975538030  0.1748148628  0.2413145372 -0.0002323457  0.0097738400 -0.0030817443  0.5293934291  0.1811405792 -0.0032005529  0.0068100293  0.0016352526  0.7137595780 -0.0018024143  0.0088860871 -0.0012145404  0.1615830310 -0.0002985108  0.0110017794  0.2335840477 -0.0002294497  0.1561289004
  0.8000000000  0.3333333333  1.0000000000  0.3333333333  1.0000000000  0.6666666667  0.6147141933  0.2032712332  0.2280698070  0.0011614736  0.0110042624 -0.0139511653  0.5529512884  0.2001398995  0.0017241649  0.0051663464 -0.0060241378  0.6545970655  0.0042190451  0.0109382018 -0.0056195427  0.1683007839 -0.0074907621  0.0061066952  0.2048726954  0.0007542881  0.1774723607
  0.8000000000  0.3333333333  1.0000000000  0.3333333333  1.0000000000  1.0000000000  0.6185522414  0.1976189223  0.2275798475  0.0008510294 -0.0050934528 -0.0161785196  0.5432758559  0.1968133105  0.0020675308 -0.0030191122 -0.0054226007  0.6739957431  0.0044531020 -0.0046135970 -0.0058356537  0.1670885912 -0.0082865221 -0.0041743830  0.2099227834  0.0011988968  0.1778526122
  0.8000000000  0.3333333333  1.0000000000  0.6666666667  0.0000000000  0.0000000000  0.6374987178  0.1592909069  0.2251327650 -0.0026392186  0.0201082486 -0.0328826823  0.5200798661  0.1695207780 -0.0002407550  0.0111518981 -0.0316103642  0.6981200486  0.0005449324  0.0217691941 -0.0153854778  0.1570269949 -0.0107181298  0.0189032972  0.2256940301 -0.0022205818  0.1503961017
  0.8000000000  0.3333333333  1.0000000000  0.6666666667  0.0000000000  0.3333333333  0.6548276592  0.1385157777  0.2220832535 -0.0037539541 -0.0019141253 -0.0637163833  0.3919100866  0.1411120627 -0.0142469875 -0.0009821521 -0.0640441332  0.7371550146 -0.0158278955 -0.0037434716 -0.0315252003  0.1461155569 -0.0255091283  0.0004486046  0.2277647583 -0.0014501571  0.1416161969
  0.8000000000  0.3333333333  1.0000000000  0.6666666667  0.0000000000  0.6666666667  0.6011871709  0.1666601084  0.2127313420 -0.0034285873  0.0077979312 -0.0448031012  0.4490060755  0.1672312670 -0.0057842661  0.0034668600 -0.0350546758  0.7058267269 -0.0084674870  0.0065635227 -0.0215400902  0.1569684262 -0.0213166526  0.0056498496  0.2136051082 -0.0036248805  0.1671317633
  0.8000000000  0.3333333333  1.0000000000  0.6666666667  0.0000000000  1.0000000000  0.5953416294  0.1725903264  0.2108932058 -0.0029887048 -0.0020463962 -0.0504185829  0.4228940554  0.1597957694 -0.0074643044 -0.0010122095 -0.0323274645  0.7018205842 -0.0075909490 -0.0025825052 -0.0239939689  0.1461411313 -0.0270226279 -0.0006548429  0.2081506331 -0.0012616447  0.1704457392
  0.8000000000  0.3333333333  1.0000000000  0.6666666667  0.3333333333  0.0000000000  0.6144978207  0.2011259306  0.2421284955 -0.0041117032  0.0607311393  0.0157007074  0.6667130149  0.2053774416 -0.0187495013  0.0339764386  0.0184806462  0.6421339221 -0.0168310602  0.0594926627  0.0043187961  0.1797902485  0.0014114551  0.0416882091  0.2311461699 -0.0014250990  0.1813517197
  0.8000000000  0.3333333333  1.0000000000  0.6666666667  0.3333333333  0.3333333333  0.5945913460  0.1865458772  0.2209842111 -0.0009573238  0.0266222904 -0.0260492775  0.5452578552  0.1919739005 -0.0027163243  0.0139271809 -0.0177274881  0.6764792887 -0.0108169324  0.0241226198 -0.0110936076  0.1739013202 -0.0125528358  0.0177500976  0.2138449937 -0.0038468070  0.1777418125
  0.8000000000  0.3333333333  1.0000000000  0.6666666667  0.3333333333  0.6666666667  0.6069306690  0.1916871222  0.2205407189 -0.0014535421  0.0084371268 -0.0330643610  0.5058498778  0.1863513755 -0.0025210893  0.0047328758 -0.0185822012  0.6880732309 -0.0063396679  0.0073262893 -0.0142269498  0.1606847182 -0.0181334838  0.0063395305  0.2089166864 -0.0025833365  0.1765885453
  0.8000000000  0.3333333333  1.0000000000  0.6666666667  0.3333333333  1.0000000000  0.5147014642  0.1555533550  0.1806079289 -0.0020501516 -0.0020892419 -0.0191377212  0.4446219209  0.1509346686 -0.0056455653 -0.0002631798 -0.0122218873  0.6481768624 -0.0054707497 -0.0016562398 -0.0094209832  0.1460724811 -0.0152093784  0.0005606940  0.1928543762 -0.0013937350  0.1643616691
  0.8000000000  0.3333333333  1.0000000000  0.6666666667  0.6666666667  0.0000000000  0.6065383499  0.1999811073  0.2399710611 -0.0050287000  0.0627425950  0.0197144318  0.6681339241  0.2041293798 -0.0230280957  0.0348520935  0.0230352952  0.6343936590 -0.0200427232  0.0615540863  0.0052959328  0.1795567053  0.0016825476  0.0426327619  0.2295973764 -0.0017289593  0.1815236466
  0.8000000000  0.3333333333  1.0000000000  0.6666666667  0.6666666667  0.3333333333  0.5987368955  0.1903521074  0.2236746123 -0.0019519563  0.0306574144 -0.0160007635  0.5682006475  0.1956637586 -0.0075057994  0.0167014378 -0.0079812188  0.6618517257 -0.0161047962  0.0273233489 -0.0060046216  0.1751480288 -0.0076519892  0.0207351939  0.2146913796 -0.0033845786  0.1785606324
  0.8000000000  0.3333333333  1.0000000000  0.6666666667  0.6666666667  0.6666666667  0.5930009462  0.1665450674  0.1989674739 -0.0024473455  0.0036575721 -0.0259892125  0.4882282401  0.1652097098 -0.0087283234  0.0025154212 -0.0166181691  0.6587717717 -0.0087235121  0.0015353024 -0.0117434394  0.1516611585 -0.0128590717  0.0030648841  0.2035055012 -0.0025750559  0.1651277877
  0.8000000000  0.3333333333  1.0000000000  0.6666666667  0.6666666667  1.0000000000  0.6066083693  0.2057062047  0.2249745660 -0.0007479855 -0.0009825942 -0.0261290493  0.5224356231  0.1982397792 -0.0017537463  0.0002198363 -0.0058596763  0.6730582420 -0.0020244103 -0.0008591452 -0.0108134456  0.1679497184 -0.0150035252  0.0002723081  0.2036137365 -0.0005367570  0.1809678643
  0.8000000000  0.3333333333  1.0000000000  0.6666666667  1.0000000000  0.0000000000  0.5658528306  0.2021721171  0.2283008096 -0.0054908501  0.0712572996  0.0199537467  0.6990789747  0.2061367075 -0.0245072499  0.0389035329  0.0227305240  0.5897111667 -0.0232406038  0.0698949295  0.0043587216  0.1847431000  0.0013236963  0.0447256856  0.2188315345 -0.0027268325  0.1848293470
  0.8000000000  0.3333333333  1.0000000000  0.6666666667  1.0000000000  0.3333333333  0.6490151020  0.2581334827  0.2622478185 -0.0009985281  0.0034139461 -0.0093634435  0.6328708393  0.2567184933 -0.0013121689  0.0021360268 -0.0040067569  0.6538157245 -0.0022650810  0.0036484072 -0.0038414430  0.1878363811 -0.0036181221  0.0018170515  0.1945459043 -0.0009034200  0.1891998898
  0.8000000000  0.3333333333  1.0000000000  0.6666666667  1.0000000000  0.6666666667  0.6085563209  0.2100380126  0.2281386268  0.0003940846  0.0078793156 -0.0202615986  0.5593939645  0.2045155466 -0.0008911888  0.0045632932 -0.0039173954  0.6513018222 -0.0033947937  0.0068179905 -0.0073546097  0.1744729584 -0.0112725826  0.0051501202  0.2039657945 -0.0002033828  0.1846440496
  0.8000000000  0.3333333333  1.0000000000  0.6666666667  1.0000000000  1.0000000000  0.6084421930  0.2137388759  0.2279654722 -0.0005264091 -0.0003612735 -0.0191135858  0.5522822139  0.2079850632 -0.0011924779  0.0002895041 -0.0024116205  0.6629153973 -0.0022292510 -0.0003191485 -0.0071900579  0.1727434688 -0.0135098682  0.0004583354  0.2009035295 -0.0003510268  0.1834016406
  0.8000000000  0.3333333333  1.0000000000  1.0000000000  0.0000000000  0.0000000000  0.6382657877  0.2113474690  0.2242568080 -0.0182258767 -0.0067265836 -0.0429968218  0.6081694766  0.2299510777 -0.0348610788 -0.0025889072 -0.0396061966  0.7088875412 -0.0312135266 -0.0039146315 -0.0207946021  0.2097825761 -0.0183852424  0.0005448005  0.2015051497 -0.0173315519  0.1869192119
  0.8000000000  0.3333333333  1.0000000000  1.0000000000  0.0000000000  0.3333333333  0.5786913759  0.1939095314  0.1983414874 -0.0116717165 -0.0008923196 -0.0652509470  0.5099539087  0.1879609829 -0.0267055538 -0.0010696416 -0.0631838470  0.6515295577 -0.0301461395 -0.0003250747 -0.0291353856  0.1879569834 -0.0315088443  0.0033387145  0.1978608992 -0.0121203342  0.1907893150
  0.8000000000  0.3333333333  1.0000000000  1.0000000000  0.0000000000  0.6666666667  0.6030274264  0.2067798919  0.2186622342 -0.0111037216 -0.0121865226 -0.0696168677  0.5093339579  0.2017546111 -0.0238638514 -0.0044256494 -0.0701196066  0.7317106646 -0.0220851494 -0.0116312124 -0.0403485841  0.1869848175 -0.0380921656 -0.0018702223  0.1993339653 -0.0079315833  0.2005983660
  0.8000000000  0.3333333333  1.0000000000  1.0000000000  0.0000000000  1.0000000000  0.6203771264  0.1987762500  0.2286346567 -0.0061960873 -0.0270932666 -0.0678105336  0.5250631648  0.1969788697 -0.0257204369 -0.0070046537 -0.0676788584  0.7063578215 -0.0274526873 -0.0275251954 -0.0310157863  0.1804261795 -0.0264629659 -0.0069138414  0.2116961882 -0.0017530464  0.1943898810
  0.8000000000  0.3333333333  1.0000000000  1.0000000000  0.3333333333  0.0000000000  0.5124085774  0.1779108142  0.1915778666 -0.0013503074  0.0758167637  0.0030502684  0.6791195538  0.1922796343 -0.0114966231  0.0390398183  0.0056412497  0.5446441194 -0.0112686213  0.0772832679  0.0009579265  0.1898202589 -0.0008119428  0.0399927801  0.1937683038 -0.0014430927  0.1805307527
  0.8000000000  0.3333333333  1.0000000000  1.0000000000  0.3333333333  0.3333333333  0.5513218201  0.1756801995  0.1951006340 -0.0037626127  0.0158255433 -0.0170595988  0.5574659311  0.1847459424 -0.0191328004  0.0089288648 -0.0118341163  0.6186591549 -0.0165373705  0.0141864515 -0.0092308202  0.1740748067 -0.0093088135  0.0132014366  0.1970675510 -0.0039341777  0.1739623845
  0.8000000000  0.3333333333  1.0000000000  1.0000000000  0.3333333333  0.6666666667  0.5656300379  0.1766641846  0.1926395611 -0.0067017718  0.0050351169 -0.0192092619  0.5455286666  0.1882006974 -0.0167233690  0.0038938370 -0.0172791717  0.5907780524 -0.0172462480  0.0009032467 -0.0087772673  0.1786605339 -0.0067516097  0.0057714398  0.1914777246 -0.0070734307  0.1725542892
  0.8000000000  0.3333333333  1.0000000000  1.0000000000  0.3333333333  1.0000000000  0.5434248712  0.1704470318  0.1990036122 -0.0051926603 -0.0062954100 -0.0066688267  0.5165180341  0.1870128775 -0.0205938555 -0.0021882433 -0.0057028315  0.5956451307 -0.0177345852 -0.0055904958 -0.0035300841  0.1923554264 -0.0036105408 -0.0026749572  0.1952526174 -0.0070669722  0.1829150197
  0.8000000000  0.3333333333  1.0000000000  1.0000000000  0.6666666667  0.0000000000  0.4981715827  0.1767143001  0.1897059078 -0.0021778447  0.0886997390  0.0118333561  0.6809075331  0.1837491528 -0.0143400445  0.0430685758  0.0135423672  0.5056786843 -0.0125445782  0.0894987117  0.0025260639  0.1824575920  0.0009085743  0.0468626797  0.1877737713 -0.0010458484  0.1809747215
  0.8000000000  0.3333333333  1.0000000000  1.0000000000  0.6666666667  0.3333333333  0.6461796288  0.2612295589  0.2622208453 -0.0016018266  0.0036278782 -0.0046143892  0.6455568240  0.2612774261 -0.0028590286  0.0022397470 -0.0040515262  0.6503075392 -0.0032545356  0.0036860915 -0.0025410350  0.1915286489 -0.0021496784  0.0018724802  0.1925020431 -0.0011070864  0.1914861842
  0.8000000000  0.3333333333  1.0000000000  1.0000000000  0.6666666667  0.6666666667  0.6476375182  0.2591373087  0.2616184783 -0.0016655164  0.0002259289 -0.0111507121  0.6312801299  0.2581678878 -0.0030560891  0.0010864289 -0.0076687985  0.6570467059 -0.0048707842 -0.0001376183 -0.0049800496  0.1898328350 -0.0046635692  0.0011143210  0.1940304335 -0.0013432568  0.1910849880
  0.8000000000  0.3333333333  1.0000000000  1.0000000000  0.6666666667  1.0000000000  0.6469545912  0.2581217088  0.2612831665 -0.0013461714 -0.0011514679 -0.0137249809  0.6260439519  0.2565483353 -0.0023950388  0.0001384348 -0.0085272362  0.6596373985 -0.0039192784 -0.0014828658 -0.0060623367  0.1885190046 -0.0056963066  0.0003726838  0.1945862325 -0.0009138658  0.1904673603
  0.8000000000  0.3333333333  1.0000000000  1.0000000000  1.0000000000  0.0000000000  0.5024867742  0.1781189894  0.1907208071 -0.0029321682  0.0890662084  0.0152367786  0.6785567036  0.1820373409 -0.0157045157  0.0431796277  0.0167448989  0.4997177680 -0.0135034769  0.0896259112  0.0034103557  0.1810379591  0.0015451106  0.0472583971  0.1889183761 -0.0012021857  0.1814760249
  0.8000000000  0.3333333333  1.0000000000  1.0000000000  1.0000000000  0.3333333333  0.6461109329  0.2620819801  0.2627482658 -0.0011943878  0.0043425377 -0.0018747772  0.6495864075  0.2621913473 -0.0023839072  0.0025391655 -0.0015721911  0.6473561052 -0.0025109173  0.0044402235 -0.0011404387  0.1917619854 -0.0009567746  0.0021237144  0.1923353957 -0.0007858823  0.1916128610
  0.8000000000  0.3333333333  1.0000000000  1.0000000000  1.0000000000  0.6666666667  0.6494105511  0.2624547856  0.2635286563 -0.0011083652  0.0017201151 -0.0040771106  0.6454076683  0.2622964285 -0.0019221566  0.0011127008 -0.0033563722  0.6518754531 -0.0024557082  0.0013547797 -0.0022711194  0.1918067035 -0.0016064200  0.0010918374  0.1931299723 -0.0006383871  0.1920424097
  0.8000000000  0.3333333333  1.0000000000  1.0000000000  1.0000000000  1.0000000000  0.6501389599  0.2615690415  0.2635127002 -0.0009252964  0.0000072933 -0.0064477882  0.6396647254  0.2612088374 -0.0013738443  0.0002620800 -0.0044716983  0.6543305560 -0.0020748796 -0.0002507435 -0.0031366617  0.1907039555 -0.0025860074  0.0003270786  0.1935054222 -0.0005284056  0.1913946420
