  0.2000000000  0.6666666667  0.0000000000  0.0000000000  0.0000000000  0.0000000000  0.1160699917  0.0000000014  0.0000000008  0.0000000000 -0.0000000000 -0.0000000000  0.0000000059  0.0000000006 -0.0000000000  0.0000000000 -0.0000000000  0.0000000035 -0.0000000000 -0.0000000000 -0.0000000000  0.0000000009 -0.0000000000 -0.0000000000  0.0000000010 -0.0000000000  0.0000000018
  0.2000000000  0.6666666667  0.0000000000  0.0000000000  0.0000000000  0.3333333333  0.1161911302  0.0000000010  0.0000000008  0.0000000000 -0.0000000000 -0.0000000000  0.0000000042  0.0000000005  0.0000000000 -0.0000000000 -0.0000000000  0.0000000032  0.0000000000 -0.0000000000  0.0000000000  0.0000000008 -0.0000000000 -0.0000000000  0.0000000010  0.0000000000  0.0000000013
  0.2000000000  0.6666666667  0.0000000000  0.0000000000  0.0000000000  0.6666666667  0.0877081216  0.0000000005  0.0237754571  0.0000000000 -0.0000000000 -0.0000000000  0.0000000021  0.0000000005 -0.0000000000 -0.0000000000 -0.0000000000  0.0988850476  0.0000000000 -0.0000000000 -0.0000000000  0.0000000006 -0.0000000000 -0.0000000000  0.0336249146  0.0000000000  0.0000000006
  0.2000000000  0.6666666667  0.0000000000  0.0000000000  0.0000000000  1.0000000000  0.0870431537  0.0000000005  0.0240778748 -0.0000000000 -0.0000000000 -0.0000000000  0.0000000021  0.0000000005  0.0000000000 -0.0000000000 -0.0000000000  0.0997563471 -0.0000000000 -0.0000000000 -0.0000000000  0.0000000006 -0.0000000000 -0.0000000000  0.0334712576 -0.0000000000  0.0000000006
  0.2000000000  0.6666666667  0.0000000000  0.0000000000  0.3333333333  0.0000000000  0.1041515143  0.0236482786  0.0000000005  0.0000000000 -0.0000000000 -0.0000000000  0.0833391442  0.0000000005  0.0000000000  0.0000000000 -0.0000000000  0.0000000021 -0.0000000000 -0.0000000000 -0.0000000000  0.0000000006 -0.0000000000 -0.0000000000  0.0000000006  0.0000000000  0.0336943158
  0.2000000000  0.6666666667  0.0000000000  0.0000000000  0.3333333333  0.3333333333  0.1041803278  0.0234607354  0.0000000005  0.0000000000 -0.0000000000 -0.0000000000  0.0836281569  0.0000000005  0.0000000000  0.0000000000 -0.0000000000  0.0000000021 -0.0000000000 -0.0000000000 -0.0000000000  0.0000000006 -0.0000000000 -0.0000000000  0.0000000006  0.0000000000  0.0337323423
  0.2000000000  0.6666666667  0.0000000000  0.0000000000  0.3333333333  0.6666666667  0.0000000021  0.0000000005  0.0000000005 -0.0000000000 -0.0000000000 -0.0000000000  0.1010349070  0.0245761182 -0.0000004502 -0.0000000000 -0.0000000000  0.0861391073  0.0000394404 -0.0000000000 -0.0000000000  0.0334006481 -0.0000000000 -0.0000000000  0.0000000006 -0.0000000000  0.0000000006
  0.2000000000  0.6666666667  0.0000000000  0.0000000000  0.3333333333  1.0000000000  0.0000000021  0.0000000005  0.0000000005 -0.0000000000 -0.0000000000 -0.0000000000  0.1010104594  0.0245776779  0.0000123609  0.0000000000 -0.0000000000  0.0861480867  0.0000604761 -0.0000000000  0.0000000000  0.0334030883 -0.0000000000 -0.0000000000  0.0000000006 -0.0000000000  0.0000000006
  0.2000000000  0.6666666667  0.0000000000  0.0000000000  0.6666666667  0.0000000000  0.1038938542  0.0233169111  0.0000000005 -0.0000000000 -0.0000000000 -0.0000000000  0.0843292787  0.0000000005 -0.0000000000 -0.0000000000 -0.0000000000  0.0000000021 -0.0000000000 -0.0000000000 -0.0000000000  0.0000000006 -0.0000000000 -0.0000000000  0.0000000006 -0.0000000000  0.0337248530
  0.2000000000  0.6666666667  0.0000000000  0.0000000000  0.6666666667  0.3333333333  0.1035325669  0.0230281871  0.0000000005  0.0000000000 -0.0000000000 -0.0000000000  0.0867582885  0.0000000005  0.0000000000 -0.0000000000 -0.0000000000  0.0000000021 -0.0000000000 -0.0000000000 -0.0000000000  0.0000000006 -0.0000000000 -0.0000000000  0.0000000006 -0.0000000000  0.0339880474
  0.2000000000  0.6666666667  0.0000000000  0.0000000000  0.6666666667  0.6666666667  0.0000000021  0.0000000005  0.0000000005 -0.0000000000 -0.0000000000 -0.0000000000  0.1011441724  0.0245768314 -0.0001062700  0.0000000000 -0.0000000000  0.0860142311 -0.0000415093 -0.0000000000  0.0000000000  0.0333527679 -0.0000000000 -0.0000000000  0.0000000006  0.0000000000  0.0000000006
  0.2000000000  0.6666666667  0.0000000000  0.0000000000  0.6666666667  1.0000000000  0.0000000021  0.0000000005  0.0000000005 -0.0000000000 -0.0000000000 -0.0000000000  0.1011577471  0.0245806547 -0.0000787192 -0.0000000000 -0.0000000000  0.0860058998  0.0000045379 -0.0000000000  0.0000000000  0.0333602123 -0.0000000000 -0.0000000000  0.0000000006 -0.0000000000  0.0000000006
  0.2000000000  0.6666666667  0.0000000000  0.0000000000  1.0000000000  0.0000000000  0.1025434366  0.0241004738  0.0000000005  0.0000000000 -0.0000000000 -0.0000000000  0.0851309684  0.0000000005  0.0000000000  0.0000000000 -0.0000000000  0.0000000021 -0.0000000000 -0.0000000000  0.0000000000  0.0000000006 -0.0000000000 -0.0000000000  0.0000000006  0.0000000000  0.0336055819
  0.2000000000  0.6666666667  0.0000000000  0.0000000000  1.0000000000  0.3333333333  0.0000000021  0.0000000005  0.0000000005 -0.0000000000 -0.0000000000 -0.0000000000  0.1012135536  0.0243937281 -0.0010906961  0.0000000000 -0.0000000000  0.0842857686 -0.0004005981 -0.0000000000 -0.0000000000  0.0330074694 -0.0000000000 -0.0000000000  0.0000000006 -0.0000000000  0.0000000006
  0.2000000000  0.6666666667  0.0000000000  0.0000000000  1.0000000000  0.6666666667  0.0000000021  0.0000000005  0.0000000005 -0.0000000000 -0.0000000000 -0.0000000000  0.1012184179  0.0245436102 -0.0005147192  0.0000000000 -0.0000000000  0.0853538719 -0.0002055022 -0.0000000000 -0.0000000000  0.0332354589 -0.0000000000 -0.0000000000  0.0000000006 -0.0000000000  0.0000000006
  0.2000000000  0.6666666667  0.0000000000  0.0000000000  1.0000000000  1.0000000000  0.0000000021  0.0000000005  0.0000000005 -0.0000000000 -0.0000000000 -0.0000000000  0.1011228805  0.0245827004 -0.0000757571 -0.0000000000 -0.0000000000  0.0860447373 -0.0000343067 -0.0000000000 -0.0000000000  0.0333780666 -0.0000000000 -0.0000000000  0.0000000006  0.0000000000  0.0000000006
  0.2000000000  0.6666666667  0.0000000000  0.3333333333  0.0000000000  0.0000000000  0.1161942184  0.0000000009  0.0000000008  0.0000000000 -0.0000000000 -0.0000000001  0.0000000037  0.0000000005  0.0000000001 -0.0000000000 -0.0000000001  0.0000000032  0.0000000000 -0.0000000000 -0.0000000000  0.0000000008 -0.0000000000 -0.0000000000  0.0000000010  0.0000000000  0.0000000012
  0.2000000000  0.6666666667  0.0000000000  0.3333333333  0.0000000000  0.3333333333  0.1161967345  0.0000000009  0.0000000008  0.0000000000  0.0000000000  0.0000000000  0.0000000038  0.0000000005  0.0000000001  0.0000000000  0.0000000000  0.0000000032  0.0000000000  0.0000000000  0.0000000000  0.0000000008  0.0000000000  0.0000000000  0.0000000010  0.0000000000  0.0000000012
  0.2000000000  0.6666666667  0.0000000000  0.3333333333  0.0000000000  0.6666666667  0.0877944496  0.0000000005  0.0228382155 -0.0000000000  0.0009653538  0.0000000000  0.0000000021  0.0000000005 -0.0000000000  0.0000000000 -0.0000000000  0.1002755122 -0.0000000000  0.0010337345  0.0000000000  0.0000000006  0.0000000000 -0.0000000000  0.0340555755 -0.0000000000  0.0000000006
  0.2000000000  0.6666666667  0.0000000000  0.3333333333  0.0000000000  1.0000000000  0.0868475236  0.0000000005  0.0237377472 -0.0000000000  0.0006299355  0.0000000000  0.0000000021  0.0000000005 -0.0000000000 -0.0000000000 -0.0000000000  0.1006065674 -0.0000000000  0.0006674027  0.0000000000  0.0000000006  0.0000000000 -0.0000000000  0.0335637701 -0.0000000000  0.0000000006
  0.2000000000  0.6666666667  0.0000000000  0.3333333333  0.3333333333  0.0000000000  0.1038855372  0.0226719959  0.0000000005  0.0000000000 -0.0000000000 -0.0001332999  0.0857762496  0.0000000005  0.0000000000 -0.0000000000  0.0000157144  0.0000000021 -0.0000000000 -0.0000000000 -0.0000000000  0.0000000006 -0.0000000000  0.0000000000  0.0000000006  0.0000000000  0.0340161375
  0.2000000000  0.6666666667  0.0000000000  0.3333333333  0.3333333333  0.3333333333  0.1041319970  0.0234163836  0.0000000005 -0.0000000000 -0.0000000000 -0.0004122386  0.0835236786  0.0000000005 -0.0000000000 -0.0000000000 -0.0003253845  0.0000000021 -0.0000000000 -0.0000000000 -0.0000000000  0.0000000006 -0.0000000000 -0.0000000000  0.0000000006 -0.0000000000  0.0337049054
  0.2000000000  0.6666666667  0.0000000000  0.3333333333  0.3333333333  0.6666666667  0.1037313785  0.0231315145  0.0000000005  0.0000000000  0.0000000000 -0.0006211684  0.0857560793  0.0000000005  0.0000000000  0.0000000000 -0.0005249305  0.0000000021 -0.0000000000 -0.0000000000 -0.0000000000  0.0000000006 -0.0000000000  0.0000000000  0.0000000006 -0.0000000000  0.0341030618
  0.2000000000  0.6666666667  0.0000000000  0.3333333333  0.3333333333  1.0000000000  0.0000000021  0.0000000005  0.0000000005 -0.0000000000 -0.0000000000 -0.0000000000  0.1010811113  0.0240160116  0.0003327071  0.0000000000 -0.0000000000  0.0861823310  0.0003547396  0.0000000000 -0.0000000000  0.0337553809 -0.0000000000  0.0000000000  0.0000000006 -0.0000000000  0.0000000006
  0.2000000000  0.6666666667  0.0000000000  0.3333333333  0.6666666667  0.0000000000  0.1035352140  0.0230227125  0.0000000005  0.0000000000  0.0000000000 -0.0000493750  0.0868349481  0.0000000005  0.0000000000  0.0000000000 -0.0000415106  0.0000000021 -0.0000000000 -0.0000000000 -0.0000000000  0.0000000006 -0.0000000000  0.0000000000  0.0000000006 -0.0000000000  0.0340017696
  0.2000000000  0.6666666667  0.0000000000  0.3333333333  0.6666666667  0.3333333333  0.1032026677  0.0238446034  0.0000000005  0.0000000000 -0.0000000000 -0.0000962487  0.0845888018  0.0000000005  0.0000000000 -0.0000000000 -0.0000540715  0.0000000021 -0.0000000000 -0.0000000000 -0.0000000000  0.0000000006 -0.0000000000 -0.0000000000  0.0000000006  0.0000000000  0.0337305547
  0.2000000000  0.6666666667  0.0000000000  0.3333333333  0.6666666667  0.6666666667  0.1031102296  0.0239758748  0.0000000005  0.0000000000 -0.0000000000 -0.0000410020  0.0845767051  0.0000000005  0.0000000000 -0.0000000000 -0.0000090805  0.0000000021 -0.0000000000 -0.0000000000 -0.0000000000  0.0000000006 -0.0000000000 -0.0000000000  0.0000000006  0.0000000000  0.0337143952
  0.2000000000  0.6666666667  0.0000000000  0.3333333333  0.6666666667  1.0000000000  0.0000000021  0.0000000005  0.0000000005 -0.0000000000 -0.0000000000 -0.0000000000  0.1028389712  0.0240615208 -0.0000980510 -0.0000000000 -0.0000000000  0.0847525108 -0.0000398670 -0.0000000000 -0.0000000000  0.0337639660  0.0000000000 -0.0000000000  0.0000000006 -0.0000000000  0.0000000006
  0.2000000000  0.6666666667  0.0000000000  0.3333333333  1.0000000000  0.0000000000  0.1035431155  0.0232918358  0.0000000005 -0.0000000000 -0.0000000000  0.0000625744  0.0865364075  0.0000000005 -0.0000000000 -0.0000000000  0.0000829488  0.0000000021 -0.0000000000 -0.0000000000 -0.0000000000  0.0000000006 -0.0000000000 -0.0000000000  0.0000000006  0.0000000000  0.0345230660
  0.2000000000  0.6666666667  0.0000000000  0.3333333333  1.0000000000  0.3333333333  0.1026826394  0.0238120176  0.0000000005  0.0000000000 -0.0000000000  0.0002139009  0.0851859954  0.0000000005  0.0000000000 -0.0000000000  0.0002066266  0.0000000021 -0.0000000000 -0.0000000000 -0.0000000000  0.0000000006 -0.0000000000 -0.0000000000  0.0000000006  0.0000000000  0.0337373947
  0.2000000000  0.6666666667  0.0000000000  0.3333333333  1.0000000000  0.6666666667  0.0000000021  0.0000000005  0.0000000005 -0.0000000000 -0.0000000000 -0.0000000000  0.1025192709  0.0230729221 -0.0009411039 -0.0000000000 -0.0000000000  0.0855066515 -0.0007331867 -0.0000000000 -0.0000000000  0.0340107078 -0.0000000000 -0.0000000000  0.0000000006 -0.0000000000  0.0000000006
  0.2000000000  0.6666666667  0.0000000000  0.3333333333  1.0000000000  1.0000000000  0.0000000021  0.0000000005  0.0000000005 -0.0000000000 -0.0000000000 -0.0000000000  0.1031603184  0.0235188228 -0.0000803343 -0.0000000000  0.0000000000  0.0855942820  0.0001551058 -0.0000000000  0.0000000000  0.0350060624 -0.0000000000 -0.0000000000  0.0000000006 -0.0000000000  0.0000000006
  0.2000000000  0.6666666667  0.0000000000  0.6666666667  0.0000000000  0.0000000000  0.1034189097  0.0232459792  0.0000000005 -0.0000000000 -0.0000000000 -0.0014401347  0.0831570944  0.0000000004 -0.0000000000 -0.0000000000 -0.0011202725  0.0000000021 -0.0000000000 -0.0000000000 -0.0000000000  0.0000000006 -0.0000000000 -0.0000000000  0.0000000006 -0.0000000000  0.0338773078
  0.2000000000  0.6666666667  0.0000000000  0.6666666667  0.0000000000  0.3333333333  0.0878236108  0.0000000005  0.0228216951  0.0000000000  0.0010322056 -0.0000000000  0.0000000021  0.0000000005 -0.0000000000  0.0000000000 -0.0000000000  0.1000442110  0.0000000000  0.0011040082 -0.0000000000  0.0000000006 -0.0000000000 -0.0000000000  0.0340616977  0.0000000000  0.0000000006
  0.2000000000  0.6666666667  0.0000000000  0.6666666667  0.0000000000  0.6666666667  0.0871229510  0.0000000004  0.0229361257 -0.0000000000  0.0009970526  0.0000000000  0.0000000021  0.0000000005 -0.0000000000  0.0000000000 -0.0000000000  0.1011743951 -0.0000000000  0.0011136417  0.0000000000  0.0000000006  0.0000000000 -0.0000000000  0.0340221806 -0.0000000000  0.0000000006
  0.2000000000  0.6666666667  0.0000000000  0.6666666667  0.0000000000  1.0000000000  0.0867094288  0.0000000004  0.0229299576 -0.0000000000  0.0010212983  0.0000000000  0.0000000021  0.0000000005 -0.0000000000  0.0000000000 -0.0000000000  0.1017898338 -0.0000000000  0.0011639639  0.0000000000  0.0000000006  0.0000000000 -0.0000000000  0.0340541688 -0.0000000000  0.0000000006
  0.2000000000  0.6666666667  0.0000000000  0.6666666667  0.3333333333  0.0000000000  0.1034254242  0.0234508562  0.0000000005 -0.0000000000 -0.0000000000 -0.0009253577  0.0839524275  0.0000000005 -0.0000000000 -0.0000000000 -0.0006837353  0.0000000021 -0.0000000000 -0.0000000000 -0.0000000000  0.0000000006 -0.0000000000 -0.0000000000  0.0000000006 -0.0000000000  0.0339051740
  0.2000000000  0.6666666667  0.0000000000  0.6666666667  0.3333333333  0.3333333333  0.1033930259  0.0234950819  0.0000000005 -0.0000000000 -0.0000000000 -0.0007838316  0.0841700742  0.0000000005 -0.0000000000 -0.0000000000 -0.0005747825  0.0000000021 -0.0000000000 -0.0000000000 -0.0000000000  0.0000000006 -0.0000000000 -0.0000000000  0.0000000006 -0.0000000000  0.0339108371
  0.2000000000  0.6666666667  0.0000000000  0.6666666667  0.3333333333  0.6666666667  0.1035484916  0.0235931535  0.0000000005  0.0000000000  0.0000000000 -0.0006632799  0.0839096116  0.0000000005  0.0000000000  0.0000000000 -0.0005144539  0.0000000021 -0.0000000000 -0.0000000000 -0.0000000000  0.0000000006 -0.0000000000  0.0000000000  0.0000000006  0.0000000000  0.0338259615
  0.2000000000  0.6666666667  0.0000000000  0.6666666667  0.3333333333  1.0000000000  0.0000000021  0.0000000005  0.0000000005  0.0000000000 -0.0000000000 -0.0000000000  0.1000988704  0.0229172405  0.0011225917 -0.0000000000 -0.0000000000  0.0868225103  0.0011072006  0.0000000000 -0.0000000000  0.0337824541  0.0000000000  0.0000000000  0.0000000006 -0.0000000000  0.0000000006
  0.2000000000  0.6666666667  0.0000000000  0.6666666667  0.6666666667  0.0000000000  0.1034059388  0.0238631465  0.0000000005 -0.0000000000 -0.0000000000 -0.0002123274  0.0841680933  0.0000000005 -0.0000000000 -0.0000000000 -0.0001538195  0.0000000021 -0.0000000000 -0.0000000000 -0.0000000000  0.0000000006 -0.0000000000 -0.0000000000  0.0000000006 -0.0000000000  0.0337692220
  0.2000000000  0.6666666667  0.0000000000  0.6666666667  0.6666666667  0.3333333333  0.1035187915  0.0230214289  0.0000000005 -0.0000000000 -0.0000000000  0.0000148664  0.0868957085  0.0000000005 -0.0000000000 -0.0000000000  0.0000156885  0.0000000021 -0.0000000000 -0.0000000000  0.0000000000  0.0000000006 -0.0000000000 -0.0000000000  0.0000000006  0.0000000000  0.0340029904
  0.2000000000  0.6666666667  0.0000000000  0.6666666667  0.6666666667  0.6666666667  0.1035441970  0.0232899300  0.0000000005 -0.0000000000 -0.0000000000  0.0000412576  0.0865278975  0.0000000005 -0.0000000000 -0.0000000000  0.0000642826  0.0000000021 -0.0000000000 -0.0000000000 -0.0000000000  0.0000000006 -0.0000000000 -0.0000000000  0.0000000006  0.0000000000  0.0345119806
  0.2000000000  0.6666666667  0.0000000000  0.6666666667  0.6666666667  1.0000000000  0.0000000021  0.0000000005  0.0000000005 -0.0000000000 -0.0000000000 -0.0000000000  0.1016167169  0.0242736670  0.0000960962 -0.0000000000 -0.0000000000  0.0857269110  0.0001267199 -0.0000000000 -0.0000000000  0.0336136919  0.0000000000 -0.0000000000  0.0000000006 -0.0000000000  0.0000000006
  0.2000000000  0.6666666667  0.0000000000  0.6666666667  1.0000000000  0.0000000000  0.1026103831  0.0240939219  0.0000000005 -0.0000000000  0.0000000000  0.0001352738  0.0849280775  0.0000000005 -0.0000000000  0.0000000000  0.0001560249  0.0000000021 -0.0000000000 -0.0000000000 -0.0000000000  0.0000000006 -0.0000000000  0.0000000000  0.0000000006 -0.0000000000  0.0337657435
  0.2000000000  0.6666666667  0.0000000000  0.6666666667  1.0000000000  0.3333333333  0.1035070574  0.0230287851  0.0000000005 -0.0000000000 -0.0000000000  0.0000304520  0.0868553393  0.0000000005 -0.0000000000 -0.0000000000  0.0000348322  0.0000000021 -0.0000000000 -0.0000000000  0.0000000000  0.0000000006 -0.0000000000 -0.0000000000  0.0000000006  0.0000000000  0.0339956308
  0.2000000000  0.6666666667  0.0000000000  0.6666666667  1.0000000000  0.6666666667  0.1035401555  0.0232874482  0.0000000005 -0.0000000000 -0.0000000000  0.0000513465  0.0865353513  0.0000000005 -0.0000000000 -0.0000000000  0.0000726229  0.0000000021  0.0000000000 -0.0000000000 -0.0000000000  0.0000000006 -0.0000000000 -0.0000000000  0.0000000006  0.0000000000  0.0345180160
  0.2000000000  0.6666666667  0.0000000000  0.6666666667  1.0000000000  1.0000000000  0.0000000021  0.0000000005  0.0000000005  0.0000000000 -0.0000000000 -0.0000000000  0.1026332040  0.0240623091 -0.0000925238 -0.0000000000 -0.0000000000  0.0849672600 -0.0000573614 -0.0000000000 -0.0000000000  0.0337736322  0.0000000000 -0.0000000000  0.0000000006 -0.0000000000  0.0000000006
  0.2000000000  0.6666666667  0.0000000000  1.0000000000  0.0000000000  0.0000000000  0.0097002565  0.0097002514  0.0097001240 -0.0097000794  0.0097000794 -0.0097002513  0.0097002567  0.0097001240 -0.0097000792  0.0097000795 -0.0097002513  0.0097004174 -0.0097000837  0.0097000839 -0.0097001231  0.0097001791 -0.0097001764  0.0097000793  0.0097001792 -0.0097000793  0.0097002530
  0.2000000000  0.6666666667  0.0000000000  1.0000000000  0.0000000000  0.3333333333  0.1003307610  0.0232217873  0.0000000005 -0.0000000000 -0.0000000000 -0.0018995066  0.0846328129  0.0000000004 -0.0000000000 -0.0000000000 -0.0017125801  0.0000000021 -0.0000000000 -0.0000000000 -0.0000000000  0.0000000006 -0.0000000000 -0.0000000000  0.0000000006 -0.0000000000  0.0341800967
  0.2000000000  0.6666666667  0.0000000000  1.0000000000  0.0000000000  0.6666666667  0.0000000021  0.0000000005  0.0000000005  0.0000000000 -0.0000000000 -0.0000000000  0.1006984693  0.0231010190  0.0006618949 -0.0000000000  0.0000000000  0.0874576361  0.0007561800 -0.0000000000  0.0000000000  0.0346106376  0.0000000000 -0.0000000000  0.0000000006 -0.0000000000  0.0000000006
  0.2000000000  0.6666666667  0.0000000000  1.0000000000  0.0000000000  1.0000000000  0.0000000021  0.0000000005  0.0000000005  0.0000000000 -0.0000000000 -0.0000000000  0.1002970746  0.0230065371  0.0009124247  0.0000000000 -0.0000000000  0.0873307947  0.0009783692  0.0000000000 -0.0000000000  0.0344639150 -0.0000000000  0.0000000000  0.0000000006 -0.0000000000  0.0000000006
  0.2000000000  0.6666666667  0.0000000000  1.0000000000  0.3333333333  0.0000000000  0.1033432064  0.0234550630  0.0000000005 -0.0000000000  0.0000000000 -0.0008188955  0.0849879772  0.0000000004 -0.0000000000  0.0000000000 -0.0006435788  0.0000000021 -0.0000000000 -0.0000000000 -0.0000000000  0.0000000006 -0.0000000000 -0.0000000000  0.0000000006  0.0000000000  0.0346364389
  0.2000000000  0.6666666667  0.0000000000  1.0000000000  0.3333333333  0.3333333333  0.1029052863  0.0235011680  0.0000000005 -0.0000000000  0.0000000000 -0.0006568073  0.0852021300  0.0000000005 -0.0000000000  0.0000000000 -0.0004852926  0.0000000021 -0.0000000000 -0.0000000000 -0.0000000000  0.0000000006 -0.0000000000 -0.0000000000  0.0000000006  0.0000000000  0.0346563373
  0.2000000000  0.6666666667  0.0000000000  1.0000000000  0.3333333333  0.6666666667  0.1035270096  0.0232874541  0.0000000005 -0.0000000000  0.0000000000 -0.0000721102  0.0865189063  0.0000000005 -0.0000000000  0.0000000000 -0.0000906541  0.0000000021  0.0000000000 -0.0000000000  0.0000000000  0.0000000006 -0.0000000000  0.0000000000  0.0000000006  0.0000000000  0.0345272563
  0.2000000000  0.6666666667  0.0000000000  1.0000000000  0.3333333333  1.0000000000  0.0000000021  0.0000000005  0.0000000004  0.0000000000 -0.0000000000 -0.0000000000  0.1009714295  0.0230363369  0.0009390640 -0.0000000000  0.0000000000  0.0872703540  0.0008906676 -0.0000000000  0.0000000000  0.0344538638  0.0000000000 -0.0000000000  0.0000000006 -0.0000000000  0.0000000006
  0.2000000000  0.6666666667  0.0000000000  1.0000000000  0.6666666667  0.0000000000  0.1033330066  0.0232468414  0.0000000005 -0.0000000000  0.0000000000 -0.0004166748  0.0857749598  0.0000000005 -0.0000000000  0.0000000000 -0.0004406799  0.0000000021 -0.0000000000 -0.0000000000 -0.0000000000  0.0000000006 -0.0000000000  0.0000000000  0.0000000006  0.0000000000  0.0339637539
  0.2000000000  0.6666666667  0.0000000000  1.0000000000  0.6666666667  0.3333333333  0.1035419872  0.0232984620  0.0000000005 -0.0000000000  0.0000000000 -0.0000665020  0.0864964036  0.0000000005 -0.0000000000  0.0000000000 -0.0000843935  0.0000000021 -0.0000000000 -0.0000000000  0.0000000000  0.0000000006 -0.0000000000  0.0000000000  0.0000000006 -0.0000000000  0.0345343883
  0.2000000000  0.6666666667  0.0000000000  1.0000000000  0.6666666667  0.6666666667  0.1034107121  0.0229609364  0.0000000005 -0.0000000000 -0.0000000000  0.0000008635  0.0867873458  0.0000000005 -0.0000000000 -0.0000000000  0.0000015938  0.0000000022 -0.0000000000 -0.0000000000 -0.0000000000  0.0000000006 -0.0000000000 -0.0000000000  0.0000000006 -0.0000000000  0.0339717741
  0.2000000000  0.6666666667  0.0000000000  1.0000000000  0.6666666667  1.0000000000  0.1027460732  0.0241211272  0.0000000005 -0.0000000000 -0.0000000000 -0.0000385562  0.0847318978  0.0000000005 -0.0000000000 -0.0000000000 -0.0000386351  0.0000000021 -0.0000000000 -0.0000000000 -0.0000000000  0.0000000006 -0.0000000000 -0.0000000000  0.0000000006 -0.0000000000  0.0337945504
  0.2000000000  0.6666666667  0.0000000000  1.0000000000  1.0000000000  0.0000000000  0.1035338114  0.0232957627  0.0000000005 -0.0000000000 -0.0000000000  0.0001160488  0.0864808518  0.0000000005 -0.0000000000 -0.0000000000  0.0001310900  0.0000000021 -0.0000000000 -0.0000000000  0.0000000000  0.0000000006 -0.0000000000 -0.0000000000  0.0000000006  0.0000000000  0.0345188197
  0.2000000000  0.6666666667  0.0000000000  1.0000000000  1.0000000000  0.3333333333  0.1035292812  0.0233125234  0.0000000005 -0.0000000000 -0.0000000000  0.0000773043  0.0863815225  0.0000000005 -0.0000000000 -0.0000000000  0.0000861262  0.0000000021 -0.0000000000 -0.0000000000 -0.0000000000  0.0000000006 -0.0000000000 -0.0000000000  0.0000000006 -0.0000000000  0.0345435960
  0.2000000000  0.6666666667  0.0000000000  1.0000000000  1.0000000000  0.6666666667  0.1035357050  0.0232950680  0.0000000005 -0.0000000000 -0.0000000000  0.0001102327  0.0865012971  0.0000000005 -0.0000000000 -0.0000000000  0.0001264067  0.0000000021 -0.0000000000 -0.0000000000  0.0000000000  0.0000000006 -0.0000000000 -0.0000000000  0.0000000006  0.0000000000  0.0345208568
  0.2000000000  0.6666666667  0.0000000000  1.0000000000  1.0000000000  1.0000000000  0.1035366513  0.0232948624  0.0000000005 -0.0000000000 -0.0000000000  0.0001076072  0.0865104969  0.0000000005 -0.0000000000 -0.0000000000  0.0001242783  0.0000000021 -0.0000000000 -0.0000000000  0.0000000000  0.0000000006 -0.0000000000 -0.0000000000  0.0000000006  0.0000000000  0.0345221433
  0.2000000000  0.6666666667  0.3333333333  0.0000000000  0.0000000000  0.0000000000  0.1161963972  0.0000000010  0.0000000008 -0.0000000000 -0.0000000000  0.0000000001  0.0000000043  0.0000000005 -0.0000000000 -0.0000000000  0.0000000000  0.0000000032 -0.0000000000 -0.0000000000  0.0000000000  0.0000000008  0.0000000000 -0.0000000000  0.0000000010 -0.0000000000  0.0000000014
  0.2000000000  0.6666666667  0.3333333333  0.0000000000  0.0000000000  0.3333333333  0.0890132639  0.0000000005  0.0227019734  0.0000000000  0.0004153436 -0.0000000000  0.0000000021  0.0000000005 -0.0000000000  0.0000000000 -0.0000000000  0.0984770046  0.0000000000  0.0003639678 -0.0000000000  0.0000000006 -0.0000000000 -0.0000000000  0.0342147990  0.0000000000  0.0000000006
  0.2000000000  0.6666666667  0.3333333333  0.0000000000  0.0000000000  0.6666666667  0.0877514499  0.0000000005  0.0236000027 -0.0000000000  0.0002465263  0.0000000000  0.0000000021  0.0000000005 -0.0000000000 -0.0000000000 -0.0000000000  0.0988056611 -0.0000000000  0.0002548616  0.0000000000  0.0000000006  0.0000000000 -0.0000000000  0.0337114788  0.0000000000  0.0000000006
  0.2000000000  0.6666666667  0.3333333333  0.0000000000  0.0000000000  1.0000000000  0.0889771331  0.0000000005  0.0229630034  0.0000000000  0.0000256473 -0.0000000000  0.0000000021  0.0000000005 -0.0000000000  0.0000000000 -0.0000000000  0.0996097764  0.0000000000 -0.0001468416 -0.0000000000  0.0000000006 -0.0000000000 -0.0000000000  0.0345449264 -0.0000000000  0.0000000006
  0.2000000000  0.6666666667  0.3333333333  0.0000000000  0.3333333333  0.0000000000  0.1039027991  0.0226907783  0.0000000005 -0.0000000000  0.0000000000  0.0001299027  0.0855044730  0.0000000005 -0.0000000000  0.0000000000  0.0002593531  0.0000000021 -0.0000000000 -0.0000000000  0.0000000000  0.0000000006  0.0000000000 -0.0000000000  0.0000000006 -0.0000000000  0.0339060483
  0.2000000000  0.6666666667  0.3333333333  0.0000000000  0.3333333333  0.3333333333  0.1041791317  0.0235969860  0.0000000005  0.0000000000 -0.0000000000  0.0001503680  0.0833572478  0.0000000005  0.0000000000 -0.0000000000  0.0001304035  0.0000000021 -0.0000000000 -0.0000000000  0.0000000000  0.0000000006 -0.0000000000 -0.0000000000  0.0000000006  0.0000000000  0.0336994297
  0.2000000000  0.6666666667  0.3333333333  0.0000000000  0.3333333333  0.6666666667  0.0873263562  0.0000000004  0.0232357446 -0.0000000000  0.0000780762 -0.0000000000  0.0000000021  0.0000000005 -0.0000000000  0.0000000000 -0.0000000000  0.0995893235 -0.0000000000  0.0000296122 -0.0000000000  0.0000000006  0.0000000000 -0.0000000000  0.0337093359  0.0000000000  0.0000000006
  0.2000000000  0.6666666667  0.3333333333  0.0000000000  0.3333333333  1.0000000000  0.0000000021  0.0000000005  0.0000000005 -0.0000000000 -0.0000000000 -0.0000000000  0.1023825170  0.0241782124  0.0000481762  0.0000000000 -0.0000000000  0.0851301392  0.0000818561  0.0000000000 -0.0000000000  0.0337195949 -0.0000000000  0.0000000000  0.0000000006 -0.0000000000  0.0000000006
  0.2000000000  0.6666666667  0.3333333333  0.0000000000  0.6666666667  0.0000000000  0.1037177085  0.0230148032  0.0000000005 -0.0000000000  0.0000000000  0.0006155230  0.0858482748  0.0000000005 -0.0000000000  0.0000000000  0.0005509199  0.0000000021 -0.0000000000 -0.0000000000  0.0000000000  0.0000000006 -0.0000000000  0.0000000000  0.0000000006  0.0000000000  0.0339752429
  0.2000000000  0.6666666667  0.3333333333  0.0000000000  0.6666666667  0.3333333333  0.1035878793  0.0232893074  0.0000000005  0.0000000000 -0.0000000000  0.0001081545  0.0862924212  0.0000000005  0.0000000000 -0.0000000000  0.0000706955  0.0000000021 -0.0000000000 -0.0000000000  0.0000000000  0.0000000006 -0.0000000000 -0.0000000000  0.0000000006  0.0000000000  0.0344779523
  0.2000000000  0.6666666667  0.3333333333  0.0000000000  0.6666666667  0.6666666667  0.0000000021  0.0000000005  0.0000000005 -0.0000000000 -0.0000000000 -0.0000000000  0.1031552958  0.0235045103 -0.0000714177  0.0000000000  0.0000000000  0.0854350274 -0.0002825757  0.0000000000  0.0000000000  0.0349704767 -0.0000000000  0.0000000000  0.0000000006 -0.0000000000  0.0000000006
  0.2000000000  0.6666666667  0.3333333333  0.0000000000  0.6666666667  1.0000000000  0.0000000021  0.0000000005  0.0000000005 -0.0000000000 -0.0000000000 -0.0000000000  0.1031026515  0.0239766677 -0.0001823187  0.0000000000  0.0000000000  0.0844952411 -0.0001064868  0.0000000000 -0.0000000000  0.0337913847 -0.0000000000  0.0000000000  0.0000000006 -0.0000000000  0.0000000006
  0.2000000000  0.6666666667  0.3333333333  0.0000000000  1.0000000000  0.0000000000  0.1021617068  0.0236216697  0.0000000005  0.0000000000 -0.0000000000  0.0007390729  0.0856108243  0.0000000005  0.0000000000 -0.0000000000  0.0006131879  0.0000000021 -0.0000000000 -0.0000000000 -0.0000000000  0.0000000006 -0.0000000000 -0.0000000000  0.0000000006  0.0000000000  0.0336432982
  0.2000000000  0.6666666667  0.3333333333  0.0000000000  1.0000000000  0.3333333333  0.0000000021  0.0000000005  0.0000000005  0.0000000000 -0.0000000000 -0.0000000000  0.1036477990  0.0232536553 -0.0008348695  0.0000000000  0.0000000000  0.0847416205 -0.0008085780  0.0000000000  0.0000000000  0.0346156864 -0.0000000000 -0.0000000000  0.0000000006  0.0000000000  0.0000000006
  0.2000000000  0.6666666667  0.3333333333  0.0000000000  1.0000000000  0.6666666667  0.0000000021  0.0000000005  0.0000000004 -0.0000000000 -0.0000000000 -0.0000000000  0.1036312489  0.0233307790 -0.0008253778  0.0000000000  0.0000000000  0.0849504347 -0.0007467959  0.0000000000  0.0000000000  0.0345688424  0.0000000000  0.0000000000  0.0000000006 -0.0000000000  0.0000000006
  0.2000000000  0.6666666667  0.3333333333  0.0000000000  1.0000000000  1.0000000000  0.0000000021  0.0000000005  0.0000000005 -0.0000000000 -0.0000000000 -0.0000000000  0.1034065782  0.0234136358 -0.0005261603 -0.0000000000 -0.0000000000  0.0855488428 -0.0004161401 -0.0000000000 -0.0000000000  0.0344244720 -0.0000000000 -0.0000000000  0.0000000006 -0.0000000000  0.0000000006
  0.2000000000  0.6666666667  0.3333333333  0.3333333333  0.0000000000  0.0000000000  0.1161797825  0.0000000011  0.0000000008  0.0000000000  0.0000000000 -0.0000000000  0.0000000048  0.0000000006  0.0000000000 -0.0000000000  0.0000000000  0.0000000032  0.0000000000 -0.0000000000  0.0000000000  0.0000000008  0.0000000000 -0.0000000000  0.0000000010  0.0000000000  0.0000000016
  0.2000000000  0.6666666667  0.3333333333  0.3333333333  0.0000000000  0.3333333333  0.0882856274  0.0000000005  0.0227642795 -0.0000000000  0.0010068088  0.0000000000  0.0000000021  0.0000000005 -0.0000000000  0.0000000000 -0.0000000000  0.0987942566 -0.0000000000  0.0010659277  0.0000000000  0.0000000006  0.0000000000 -0.0000000000  0.0340157104 -0.0000000000  0.0000000006
  0.2000000000  0.6666666667  0.3333333333  0.3333333333  0.0000000000  0.6666666667  0.0879995089  0.0000000005  0.0230682739  0.0000000000  0.0006128053 -0.0000000000  0.0000000021  0.0000000005 -0.0000000000  0.0000000000 -0.0000000000  0.1000657386  0.0000000000  0.0005648615 -0.0000000000  0.0000000006 -0.0000000000 -0.0000000000  0.0343951529  0.0000000000  0.0000000006
  0.2000000000  0.6666666667  0.3333333333  0.3333333333  0.0000000000  1.0000000000  0.0871357603  0.0000000005  0.0232506911  0.0000000000  0.0004996629 -0.0000000000  0.0000000021  0.0000000005 -0.0000000000  0.0000000000 -0.0000000000  0.1012512811  0.0000000000  0.0004950160 -0.0000000000  0.0000000006 -0.0000000000 -0.0000000000  0.0343155206  0.0000000000  0.0000000006
  0.2000000000  0.6666666667  0.3333333333  0.3333333333  0.3333333333  0.0000000000  0.1041685861  0.0234372952  0.0000000005 -0.0000000000  0.0000000000  0.0000810236  0.0837209182  0.0000000005 -0.0000000000  0.0000000000  0.0000647415  0.0000000021 -0.0000000000 -0.0000000000  0.0000000000  0.0000000006 -0.0000000000  0.0000000000  0.0000000006 -0.0000000000  0.0337498564
  0.2000000000  0.6666666667  0.3333333333  0.3333333333  0.3333333333  0.3333333333  0.1041012296  0.0236828667  0.0000000005  0.0000000000 -0.0000000000 -0.0000364128  0.0834727552  0.0000000005  0.0000000000 -0.0000000000 -0.0000237869  0.0000000021 -0.0000000000 -0.0000000000  0.0000000000  0.0000000006 -0.0000000000 -0.0000000000  0.0000000006  0.0000000000  0.0336987079
  0.2000000000  0.6666666667  0.3333333333  0.3333333333  0.3333333333  0.6666666667  0.0879190762  0.0000000005  0.0229336061 -0.0000000000  0.0007559027  0.0000000000  0.0000000021  0.0000000005 -0.0000000000  0.0000000000 -0.0000000000  0.1000009451 -0.0000000000  0.0007572251  0.0000000000  0.0000000006  0.0000000000 -0.0000000000  0.0342002511 -0.0000000000  0.0000000006
  0.2000000000  0.6666666667  0.3333333333  0.3333333333  0.3333333333  1.0000000000  0.0874737666  0.0000000005  0.0232005703 -0.0000000000  0.0004791138  0.0000000000  0.0000000021  0.0000000005  0.0000000000  0.0000000000 -0.0000000000  0.1010710729 -0.0000000000  0.0003466515  0.0000000000  0.0000000006  0.0000000000 -0.0000000000  0.0347197970 -0.0000000000  0.0000000006
  0.2000000000  0.6666666667  0.3333333333  0.3333333333  0.6666666667  0.0000000000  0.1036479716  0.0231636145  0.0000000005 -0.0000000000  0.0000000000  0.0003251888  0.0861083893  0.0000000005 -0.0000000000  0.0000000000  0.0002700699  0.0000000021 -0.0000000000 -0.0000000000  0.0000000000  0.0000000006 -0.0000000000  0.0000000000  0.0000000006  0.0000000000  0.0342761320
  0.2000000000  0.6666666667  0.3333333333  0.3333333333  0.6666666667  0.3333333333  0.1023546857  0.0234780328  0.0000000005  0.0000000000 -0.0000000000  0.0006445727  0.0854852655  0.0000000005  0.0000000000 -0.0000000000  0.0005660451  0.0000000021 -0.0000000000 -0.0000000000 -0.0000000000  0.0000000006 -0.0000000000 -0.0000000000  0.0000000006  0.0000000000  0.0337150670
  0.2000000000  0.6666666667  0.3333333333  0.3333333333  0.6666666667  0.6666666667  0.0000000021  0.0000000005  0.0000000005 -0.0000000000 -0.0000000000 -0.0000000000  0.1032056958  0.0239439045 -0.0001681794 -0.0000000000 -0.0000000000  0.0843731920 -0.0001298431 -0.0000000000 -0.0000000000  0.0337906752 -0.0000000000 -0.0000000000  0.0000000006 -0.0000000000  0.0000000006
  0.2000000000  0.6666666667  0.3333333333  0.3333333333  0.6666666667  1.0000000000  0.0000000021  0.0000000005  0.0000000005 -0.0000000000 -0.0000000000 -0.0000000000  0.1029645021  0.0240504392 -0.0000127911 -0.0000000000  0.0000000000  0.0845734477  0.0000185981 -0.0000000000  0.0000000000  0.0337908857  0.0000000000 -0.0000000000  0.0000000006 -0.0000000000  0.0000000006
  0.2000000000  0.6666666667  0.3333333333  0.3333333333  1.0000000000  0.0000000000  0.1034961071  0.0230302625  0.0000000005 -0.0000000000 -0.0000000000  0.0000493875  0.0868304946  0.0000000005 -0.0000000000 -0.0000000000  0.0000498667  0.0000000021 -0.0000000000 -0.0000000000  0.0000000000  0.0000000006 -0.0000000000  0.0000000000  0.0000000006  0.0000000000  0.0339832464
  0.2000000000  0.6666666667  0.3333333333  0.3333333333  1.0000000000  0.3333333333  0.1035066699  0.0233033904  0.0000000005  0.0000000000 -0.0000000000 -0.0000106095  0.0865392671  0.0000000005  0.0000000000 -0.0000000000 -0.0000317301  0.0000000021 -0.0000000000 -0.0000000000  0.0000000000  0.0000000006 -0.0000000000 -0.0000000000  0.0000000006  0.0000000000  0.0345406499
  0.2000000000  0.6666666667  0.3333333333  0.3333333333  1.0000000000  0.6666666667  0.0000000021  0.0000000005  0.0000000005 -0.0000000000 -0.0000000000 -0.0000000000  0.1037515519  0.0236676380 -0.0004470161 -0.0000000000 -0.0000000000  0.0837047988 -0.0003339272 -0.0000000000 -0.0000000000  0.0337719176 -0.0000000000 -0.0000000000  0.0000000006 -0.0000000000  0.0000000006
  0.2000000000  0.6666666667  0.3333333333  0.3333333333  1.0000000000  1.0000000000  0.0000000021  0.0000000005  0.0000000005 -0.0000000000 -0.0000000000 -0.0000000000  0.1034028435  0.0238595488 -0.0003073680 -0.0000000000 -0.0000000000  0.0841266737 -0.0001994468 -0.0000000000 -0.0000000000  0.0337660874 -0.0000000000 -0.0000000000  0.0000000006 -0.0000000000  0.0000000006
  0.2000000000  0.6666666667  0.3333333333  0.6666666667  0.0000000000  0.0000000000  0.0873034844  0.0000000005  0.0226769966 -0.0000000000  0.0015600006  0.0000000000  0.0000000021  0.0000000005 -0.0000000000  0.0000000000 -0.0000000000  0.0982935871 -0.0000000000  0.0015717349  0.0000000000  0.0000000006  0.0000000000 -0.0000000000  0.0339081050 -0.0000000000  0.0000000006
  0.2000000000  0.6666666667  0.3333333333  0.6666666667  0.0000000000  0.3333333333  0.0868472883  0.0000000004  0.0228522901 -0.0000000000  0.0014489746  0.0000000000  0.0000000021  0.0000000005 -0.0000000000  0.0000000000 -0.0000000000  0.1001411965 -0.0000000000  0.0015259718  0.0000000000  0.0000000006  0.0000000000 -0.0000000000  0.0340396619 -0.0000000000  0.0000000006
  0.2000000000  0.6666666667  0.3333333333  0.6666666667  0.0000000000  0.6666666667  0.0871019668  0.0000000004  0.0230413447 -0.0000000000  0.0009190527  0.0000000000  0.0000000021  0.0000000005 -0.0000000000  0.0000000000 -0.0000000000  0.1011195559 -0.0000000000  0.0009714326  0.0000000000  0.0000000006  0.0000000000 -0.0000000000  0.0344393950 -0.0000000000  0.0000000006
  0.2000000000  0.6666666667  0.3333333333  0.6666666667  0.0000000000  1.0000000000  0.0863637524  0.0000000005  0.0233076977 -0.0000000000  0.0000409780  0.0000000000  0.0000000021  0.0000000005 -0.0000000000  0.0000000000 -0.0000000000  0.1035131928 -0.0000000000  0.0000641179  0.0000000000  0.0000000006  0.0000000000 -0.0000000000  0.0345278292 -0.0000000000  0.0000000006
  0.2000000000  0.6666666667  0.3333333333  0.6666666667  0.3333333333  0.0000000000  0.1035269533  0.0233131105  0.0000000005 -0.0000000000  0.0000000000 -0.0000703837  0.0863862142  0.0000000005 -0.0000000000  0.0000000000 -0.0000794991  0.0000000021 -0.0000000000 -0.0000000000  0.0000000000  0.0000000006 -0.0000000000  0.0000000000  0.0000000006  0.0000000000  0.0345441741
  0.2000000000  0.6666666667  0.3333333333  0.6666666667  0.3333333333  0.3333333333  0.1032552584  0.0239389822  0.0000000005 -0.0000000000 -0.0000000000 -0.0001409386  0.0843562581  0.0000000005 -0.0000000000 -0.0000000000 -0.0001078565  0.0000000021 -0.0000000000 -0.0000000000 -0.0000000000  0.0000000006 -0.0000000000  0.0000000000  0.0000000006 -0.0000000000  0.0337805368
  0.2000000000  0.6666666667  0.3333333333  0.6666666667  0.3333333333  0.6666666667  0.0863035507  0.0000000005  0.0232912663  0.0000000000  0.0008035909 -0.0000000000  0.0000000021  0.0000000005 -0.0000000000  0.0000000000 -0.0000000000  0.1020703133  0.0000000000  0.0007985479 -0.0000000000  0.0000000006 -0.0000000000 -0.0000000000  0.0345771708  0.0000000000  0.0000000006
  0.2000000000  0.6666666667  0.3333333333  0.6666666667  0.3333333333  1.0000000000  0.0854940033  0.0000000005  0.0234948655 -0.0000000000  0.0002859321  0.0000000000  0.0000000021  0.0000000005 -0.0000000000  0.0000000000 -0.0000000000  0.1032298036 -0.0000000000  0.0000955565  0.0000000000  0.0000000006  0.0000000000 -0.0000000000  0.0349538436  0.0000000000  0.0000000006
  0.2000000000  0.6666666667  0.3333333333  0.6666666667  0.6666666667  0.0000000000  0.1035488180  0.0232981713  0.0000000005 -0.0000000000  0.0000000000 -0.0000363507  0.0865283390  0.0000000005 -0.0000000000  0.0000000000 -0.0000570127  0.0000000021 -0.0000000000 -0.0000000000  0.0000000000  0.0000000006 -0.0000000000  0.0000000000  0.0000000006  0.0000000000  0.0345409735
  0.2000000000  0.6666666667  0.3333333333  0.6666666667  0.6666666667  0.3333333333  0.1034746558  0.0230051294  0.0000000005 -0.0000000000 -0.0000000000  0.0000371437  0.0868289008  0.0000000005 -0.0000000000 -0.0000000000  0.0000384382  0.0000000021  0.0000000000 -0.0000000000 -0.0000000000  0.0000000006 -0.0000000000 -0.0000000000  0.0000000006  0.0000000000  0.0339817088
  0.2000000000  0.6666666667  0.3333333333  0.6666666667  0.6666666667  0.6666666667  0.1023234021  0.0239963106  0.0000000005  0.0000000000 -0.0000000000  0.0002719035  0.0853238514  0.0000000005  0.0000000000 -0.0000000000  0.0002880066  0.0000000021 -0.0000000000 -0.0000000000 -0.0000000000  0.0000000006 -0.0000000000 -0.0000000000  0.0000000006  0.0000000000  0.0337503096
  0.2000000000  0.6666666667  0.3333333333  0.6666666667  0.6666666667  1.0000000000  0.0000000021  0.0000000005  0.0000000005  0.0000000000 -0.0000000000 -0.0000000000  0.1016495862  0.0233883053  0.0007316887  0.0000000000 -0.0000000000  0.0857362003  0.0007168647  0.0000000000 -0.0000000000  0.0339389840 -0.0000000000  0.0000000000  0.0000000006 -0.0000000000  0.0000000006
  0.2000000000  0.6666666667  0.3333333333  0.6666666667  1.0000000000  0.0000000000  0.1018557387  0.0232769587  0.0000000005 -0.0000000000  0.0000000000  0.0007286545  0.0865477632  0.0000000005 -0.0000000000  0.0000000000  0.0007573861  0.0000000021 -0.0000000000 -0.0000000000  0.0000000000  0.0000000006 -0.0000000000  0.0000000000  0.0000000006 -0.0000000000  0.0346183987
  0.2000000000  0.6666666667  0.3333333333  0.6666666667  1.0000000000  0.3333333333  0.1035356137  0.0232952165  0.0000000005 -0.0000000000 -0.0000000000  0.0001017065  0.0865193831  0.0000000005 -0.0000000000 -0.0000000000  0.0001210179  0.0000000021 -0.0000000000 -0.0000000000  0.0000000000  0.0000000006 -0.0000000000 -0.0000000000  0.0000000006  0.0000000000  0.0345159836
  0.2000000000  0.6666666667  0.3333333333  0.6666666667  1.0000000000  0.6666666667  0.1009952742  0.0230241939  0.0000000005  0.0000000000 -0.0000000000  0.0009429707  0.0872715111  0.0000000004  0.0000000000 -0.0000000000  0.0008907154  0.0000000021 -0.0000000000 -0.0000000000  0.0000000000  0.0000000006 -0.0000000000 -0.0000000000  0.0000000006  0.0000000000  0.0344557277
  0.2000000000  0.6666666667  0.3333333333  0.6666666667  1.0000000000  1.0000000000  0.0000000021  0.0000000005  0.0000000005  0.0000000000 -0.0000000000 -0.0000000000  0.1019110921  0.0224970794  0.0005356886 -0.0000000000 -0.0000000000  0.0870309519  0.0004599709 -0.0000000000 -0.0000000000  0.0339887653  0.0000000000 -0.0000000000  0.0000000006 -0.0000000000  0.0000000006
  0.2000000000  0.6666666667  0.3333333333  1.0000000000  0.0000000000  0.0000000000  0.0097102244  0.0097102196  0.0097100921 -0.0097100499  0.0097100499 -0.0097102195  0.0097102246  0.0097100920 -0.0097100496  0.0097100499 -0.0097102196  0.0097103822 -0.0097100530  0.0097100534 -0.0097100912  0.0097101499 -0.0097101475  0.0097100498  0.0097101500 -0.0097100498  0.0097102212
  0.2000000000  0.6666666667  0.3333333333  1.0000000000  0.0000000000  0.3333333333  0.0097025109  0.0097025057  0.0097023759 -0.0097023315  0.0097023315 -0.0097025056  0.0097025110  0.0097023759 -0.0097023314  0.0097023316 -0.0097025057  0.0097026740 -0.0097023357  0.0097023358 -0.0097023750  0.0097024336 -0.0097024309  0.0097023314  0.0097024337 -0.0097023314  0.0097025074
  0.2000000000  0.6666666667  0.3333333333  1.0000000000  0.0000000000  0.6666666667  0.0850751139  0.0000000004  0.0233422991 -0.0000000000  0.0006686987  0.0000000000  0.0000000021  0.0000000005 -0.0000000000  0.0000000000 -0.0000000000  0.1036810323 -0.0000000000  0.0006865704  0.0000000000  0.0000000006  0.0000000000 -0.0000000000  0.0346090970 -0.0000000000  0.0000000006
  0.2000000000  0.6666666667  0.3333333333  1.0000000000  0.0000000000  1.0000000000  0.0834326976  0.0000000005  0.0236496666  0.0000000000  0.0001819040 -0.0000000000  0.0000000021  0.0000000005 -0.0000000000  0.0000000000 -0.0000000000  0.1039541798  0.0000000000  0.0001932790 -0.0000000000  0.0000000006 -0.0000000000 -0.0000000000  0.0338164974  0.0000000000  0.0000000006
  0.2000000000  0.6666666667  0.3333333333  1.0000000000  0.3333333333  0.0000000000  0.1027957747  0.0241181917  0.0000000005 -0.0000000000  0.0000000000 -0.0000129460  0.0846248445  0.0000000005 -0.0000000000  0.0000000000 -0.0000054666  0.0000000021 -0.0000000000 -0.0000000000 -0.0000000000  0.0000000006 -0.0000000000  0.0000000000  0.0000000006 -0.0000000000  0.0338032665
  0.2000000000  0.6666666667  0.3333333333  1.0000000000  0.3333333333  0.3333333333  0.1035388700  0.0233165899  0.0000000005 -0.0000000000  0.0000000000 -0.0000476967  0.0863238088  0.0000000005 -0.0000000000  0.0000000000 -0.0000573591  0.0000000021 -0.0000000000 -0.0000000000  0.0000000000  0.0000000006 -0.0000000000  0.0000000000  0.0000000006 -0.0000000000  0.0345517400
  0.2000000000  0.6666666667  0.3333333333  1.0000000000  0.3333333333  0.6666666667  0.1025328505  0.0240811363  0.0000000005 -0.0000000000 -0.0000000000 -0.0001435531  0.0849260284  0.0000000005 -0.0000000000 -0.0000000000 -0.0001419894  0.0000000021 -0.0000000000 -0.0000000000 -0.0000000000  0.0000000006 -0.0000000000  0.0000000000  0.0000000006 -0.0000000000  0.0338114769
  0.2000000000  0.6666666667  0.3333333333  1.0000000000  0.3333333333  1.0000000000  0.0000000021  0.0000000005  0.0000000005 -0.0000000000 -0.0000000000 -0.0000000000  0.1001374929  0.0237441723  0.0005516186  0.0000000000 -0.0000000000  0.0867265742  0.0005389799  0.0000000000 -0.0000000000  0.0337762406  0.0000000000  0.0000000000  0.0000000006 -0.0000000000  0.0000000006
  0.2000000000  0.6666666667  0.3333333333  1.0000000000  0.6666666667  0.0000000000  0.1034858486  0.0234245605  0.0000000005 -0.0000000000  0.0000000000  0.0004131597  0.0850962508  0.0000000005 -0.0000000000  0.0000000000  0.0004688688  0.0000000021 -0.0000000000 -0.0000000000  0.0000000000  0.0000000006 -0.0000000000  0.0000000000  0.0000000006 -0.0000000000  0.0347358132
  0.2000000000  0.6666666667  0.3333333333  1.0000000000  0.6666666667  0.3333333333  0.1035354713  0.0230212928  0.0000000005 -0.0000000000  0.0000000000  0.0001003102  0.0867635932  0.0000000005 -0.0000000000  0.0000000000  0.0000909197  0.0000000021 -0.0000000000 -0.0000000000  0.0000000000  0.0000000006 -0.0000000000  0.0000000000  0.0000000006  0.0000000000  0.0339996498
  0.2000000000  0.6666666667  0.3333333333  1.0000000000  0.6666666667  0.6666666667  0.1035355522  0.0232953355  0.0000000005 -0.0000000000 -0.0000000000  0.0001116652  0.0864989103  0.0000000005 -0.0000000000 -0.0000000000  0.0001276474  0.0000000021 -0.0000000000 -0.0000000000  0.0000000000  0.0000000006 -0.0000000000 -0.0000000000  0.0000000006  0.0000000000  0.0345211535
  0.2000000000  0.6666666667  0.3333333333  1.0000000000  0.6666666667  1.0000000000  0.1016984371  0.0230303491  0.0000000005  0.0000000000 -0.0000000000  0.0010707761  0.0857915361  0.0000000005  0.0000000000 -0.0000000000  0.0009780730  0.0000000021 -0.0000000000 -0.0000000000  0.0000000000  0.0000000006 -0.0000000000 -0.0000000000  0.0000000006  0.0000000000  0.0341724767
  0.2000000000  0.6666666667  0.3333333333  1.0000000000  1.0000000000  0.0000000000  0.1029308594  0.0233011136  0.0000000005  0.0000000000 -0.0000000000  0.0007937804  0.0857889229  0.0000000004  0.0000000000 -0.0000000000  0.0007597186  0.0000000021 -0.0000000000 -0.0000000000  0.0000000000  0.0000000006 -0.0000000000 -0.0000000000  0.0000000006  0.0000000000  0.0346017002
  0.2000000000  0.6666666667  0.3333333333  1.0000000000  1.0000000000  0.3333333333  0.1028759266  0.0233039558  0.0000000005  0.0000000000 -0.0000000000  0.0007535723  0.0859129120  0.0000000004  0.0000000000 -0.0000000000  0.0007264076  0.0000000021 -0.0000000000 -0.0000000000  0.0000000000  0.0000000006 -0.0000000000 -0.0000000000  0.0000000006  0.0000000000  0.0346133626
  0.2000000000  0.6666666667  0.3333333333  1.0000000000  1.0000000000  0.6666666667  0.1028026497  0.0232980241  0.0000000005  0.0000000000 -0.0000000000  0.0007520779  0.0859795805  0.0000000004  0.0000000000 -0.0000000000  0.0007250827  0.0000000021 -0.0000000000 -0.0000000000  0.0000000000  0.0000000006 -0.0000000000 -0.0000000000  0.0000000006  0.0000000000  0.0346102846
  0.2000000000  0.6666666667  0.3333333333  1.0000000000  1.0000000000  1.0000000000  0.1027319965  0.0232934960  0.0000000005  0.0000000000 -0.0000000000  0.0007519250  0.0860511569  0.0000000004  0.0000000000 -0.0000000000  0.0007246954  0.0000000021 -0.0000000000 -0.0000000000  0.0000000000  0.0000000006 -0.0000000000 -0.0000000000  0.0000000006  0.0000000000  0.0346071167
  0.2000000000  0.6666666667  0.6666666667  0.0000000000  0.0000000000  0.0000000000  0.0877378402  0.0000000005  0.0225100737  0.0000000000  0.0015324415 -0.0000000000  0.0000000021  0.0000000005 -0.0000000000  0.0000000000 -0.0000000000  0.0976194598  0.0000000000  0.0015538320 -0.0000000000  0.0000000006 -0.0000000000 -0.0000000000  0.0338470129 -0.0000000000  0.0000000006
  0.2000000000  0.6666666667  0.6666666667  0.0000000000  0.0000000000  0.3333333333  0.0882950718  0.0000000005  0.0230272698 -0.0000000000  0.0007010220  0.0000000000  0.0000000021  0.0000000005 -0.0000000000  0.0000000000 -0.0000000000  0.0994274486 -0.0000000000  0.0006148249  0.0000000000  0.0000000006  0.0000000000 -0.0000000000  0.0344009861 -0.0000000000  0.0000000006
  0.2000000000  0.6666666667  0.6666666667  0.0000000000  0.0000000000  0.6666666667  0.0878938430  0.0000000005  0.0232160217  0.0000000000  0.0005096349 -0.0000000000  0.0000000021  0.0000000005 -0.0000000000  0.0000000000 -0.0000000000  0.0998448872  0.0000000000  0.0004317246 -0.0000000000  0.0000000006 -0.0000000000 -0.0000000000  0.0342583705  0.0000000000  0.0000000006
  0.2000000000  0.6666666667  0.6666666667  0.0000000000  0.0000000000  1.0000000000  0.0873064385  0.0000000005  0.0232868441  0.0000000000  0.0002790769 -0.0000000000  0.0000000021  0.0000000005 -0.0000000000  0.0000000000 -0.0000000000  0.1010910081  0.0000000000  0.0001006900 -0.0000000000  0.0000000006 -0.0000000000 -0.0000000000  0.0347451066  0.0000000000  0.0000000006
  0.2000000000  0.6666666667  0.6666666667  0.0000000000  0.3333333333  0.0000000000  0.1033807239  0.0229916032  0.0000000005  0.0000000000 -0.0000000000  0.0014407116  0.0840761586  0.0000000004  0.0000000000 -0.0000000000  0.0012581525  0.0000000021 -0.0000000000 -0.0000000000  0.0000000000  0.0000000006 -0.0000000000 -0.0000000000  0.0000000006  0.0000000000  0.0336692290
  0.2000000000  0.6666666667  0.6666666667  0.0000000000  0.3333333333  0.3333333333  0.0882865696  0.0000000005  0.0230511320 -0.0000000000  0.0006340111  0.0000000000  0.0000000021  0.0000000005 -0.0000000000  0.0000000000 -0.0000000000  0.0996159485 -0.0000000000  0.0005503987  0.0000000000  0.0000000006  0.0000000000 -0.0000000000  0.0344196506 -0.0000000000  0.0000000006
  0.2000000000  0.6666666667  0.6666666667  0.0000000000  0.3333333333  0.6666666667  0.0873439298  0.0000000005  0.0230907726  0.0000000000  0.0004286489 -0.0000000000  0.0000000021  0.0000000005 -0.0000000000  0.0000000000 -0.0000000000  0.1014554200  0.0000000000  0.0003936453 -0.0000000000  0.0000000006 -0.0000000000 -0.0000000000  0.0339633684  0.0000000000  0.0000000006
  0.2000000000  0.6666666667  0.6666666667  0.0000000000  0.3333333333  1.0000000000  0.0880442889  0.0000000005  0.0230987728  0.0000000000  0.0001842579 -0.0000000000  0.0000000021  0.0000000005 -0.0000000000  0.0000000000 -0.0000000000  0.1003798228  0.0000000000  0.0000140988 -0.0000000000  0.0000000006 -0.0000000000 -0.0000000000  0.0346012956  0.0000000000  0.0000000006
  0.2000000000  0.6666666667  0.6666666667  0.0000000000  0.6666666667  0.0000000000  0.1037560880  0.0230068307  0.0000000005  0.0000000000 -0.0000000000  0.0008498168  0.0856159034  0.0000000004  0.0000000000 -0.0000000000  0.0007555931  0.0000000021 -0.0000000000 -0.0000000000  0.0000000000  0.0000000006 -0.0000000000 -0.0000000000  0.0000000006  0.0000000000  0.0340363844
  0.2000000000  0.6666666667  0.6666666667  0.0000000000  0.6666666667  0.3333333333  0.0878085637  0.0000000005  0.0231376304  0.0000000000  0.0007405929 -0.0000000000  0.0000000021  0.0000000005 -0.0000000000  0.0000000000 -0.0000000000  0.1000585846  0.0000000000  0.0006654688 -0.0000000000  0.0000000006 -0.0000000000 -0.0000000000  0.0345447573  0.0000000000  0.0000000006
  0.2000000000  0.6666666667  0.6666666667  0.0000000000  0.6666666667  0.6666666667  0.0866780039  0.0000000005  0.0240470405  0.0000000000  0.0002743113 -0.0000000000  0.0000000021  0.0000000005 -0.0000000000 -0.0000000000 -0.0000000000  0.1004869962  0.0000000000  0.0002599017 -0.0000000000  0.0000000006 -0.0000000000 -0.0000000000  0.0337075548 -0.0000000000  0.0000000006
  0.2000000000  0.6666666667  0.6666666667  0.0000000000  0.6666666667  1.0000000000  0.0866088811  0.0000000005  0.0240303092 -0.0000000000 -0.0000927535 -0.0000000000  0.0000000021  0.0000000005 -0.0000000000  0.0000000000 -0.0000000000  0.1004995442 -0.0000000000 -0.0001078683 -0.0000000000  0.0000000006 -0.0000000000 -0.0000000000  0.0337545336  0.0000000000  0.0000000006
  0.2000000000  0.6666666667  0.6666666667  0.0000000000  1.0000000000  0.0000000000  0.1018048712  0.0229357411  0.0000000005  0.0000000000 -0.0000000000  0.0011399489  0.0867358784  0.0000000004  0.0000000000 -0.0000000000  0.0009989275  0.0000000021 -0.0000000000 -0.0000000000  0.0000000000  0.0000000006 -0.0000000000 -0.0000000000  0.0000000006  0.0000000000  0.0340605998
  0.2000000000  0.6666666667  0.6666666667  0.0000000000  1.0000000000  0.3333333333  0.0000000021  0.0000000005  0.0000000004 -0.0000000000 -0.0000000000 -0.0000000000  0.1036179876  0.0233010915 -0.0009412722 -0.0000000000 -0.0000000000  0.0845009083 -0.0008392935 -0.0000000000 -0.0000000000  0.0344827672 -0.0000000000 -0.0000000000  0.0000000006 -0.0000000000  0.0000000006
  0.2000000000  0.6666666667  0.6666666667  0.0000000000  1.0000000000  0.6666666667  0.0000000021  0.0000000005  0.0000000004 -0.0000000000 -0.0000000000 -0.0000000000  0.1036371088  0.0233302425 -0.0008231234  0.0000000000  0.0000000000  0.0849544177 -0.0007474293  0.0000000000  0.0000000000  0.0345768529  0.0000000000  0.0000000000  0.0000000006 -0.0000000000  0.0000000006
  0.2000000000  0.6666666667  0.6666666667  0.0000000000  1.0000000000  1.0000000000  0.0000000021  0.0000000005  0.0000000005 -0.0000000000 -0.0000000000 -0.0000000000  0.1034536835  0.0233772388 -0.0005155002  0.0000000000  0.0000000000  0.0856632703 -0.0004070997  0.0000000000  0.0000000000  0.0344580582  0.0000000000  0.0000000000  0.0000000006 -0.0000000000  0.0000000006
  0.2000000000  0.6666666667  0.6666666667  0.3333333333  0.0000000000  0.0000000000  0.0839080593  0.0000000005  0.0236105417  0.0000000000  0.0026294067  0.0000000000  0.0000000021  0.0000000005 -0.0000000000  0.0000000000 -0.0000000000  0.0944050109  0.0000000000  0.0028871139 -0.0000000000  0.0000000006 -0.0000000000 -0.0000000000  0.0322039108  0.0000000000  0.0000000006
  0.2000000000  0.6666666667  0.6666666667  0.3333333333  0.0000000000  0.3333333333  0.0872874446  0.0000000005  0.0229742938 -0.0000000000  0.0010636606  0.0000000000  0.0000000021  0.0000000005 -0.0000000000  0.0000000000 -0.0000000000  0.1004555702 -0.0000000000  0.0010694069  0.0000000000  0.0000000006  0.0000000000 -0.0000000000  0.0343563397 -0.0000000000  0.0000000006
  0.2000000000  0.6666666667  0.6666666667  0.3333333333  0.0000000000  0.6666666667  0.0862032596  0.0000000005  0.0235458364 -0.0000000000  0.0010113478  0.0000000000  0.0000000021  0.0000000005 -0.0000000000  0.0000000000 -0.0000000000  0.1006145580 -0.0000000000  0.0010711552  0.0000000000  0.0000000006  0.0000000000 -0.0000000000  0.0337904976 -0.0000000000  0.0000000006
  0.2000000000  0.6666666667  0.6666666667  0.3333333333  0.0000000000  1.0000000000  0.0859681240  0.0000000005  0.0241753344 -0.0000000000  0.0003203616  0.0000000000  0.0000000021  0.0000000005 -0.0000000000 -0.0000000000 -0.0000000000  0.1012830723 -0.0000000000  0.0002928062  0.0000000000  0.0000000006  0.0000000000 -0.0000000000  0.0336979335 -0.0000000000  0.0000000006
  0.2000000000  0.6666666667  0.6666666667  0.3333333333  0.3333333333  0.0000000000  0.0859879753  0.0000000004  0.0230282607  0.0000000000  0.0017268132 -0.0000000000  0.0000000021  0.0000000005 -0.0000000000  0.0000000000 -0.0000000000  0.0982301382  0.0000000000  0.0017727583 -0.0000000000  0.0000000006 -0.0000000000 -0.0000000000  0.0341646758  0.0000000000  0.0000000006
  0.2000000000  0.6666666667  0.6666666667  0.3333333333  0.3333333333  0.3333333333  0.0872350113  0.0000000004  0.0229877550 -0.0000000000  0.0010234420  0.0000000000  0.0000000021  0.0000000005 -0.0000000000  0.0000000000 -0.0000000000  0.1006803164 -0.0000000000  0.0010510422  0.0000000000  0.0000000006  0.0000000000 -0.0000000000  0.0343846019 -0.0000000000  0.0000000006
  0.2000000000  0.6666666667  0.6666666667  0.3333333333  0.3333333333  0.6666666667  0.0871655504  0.0000000004  0.0230517328 -0.0000000000  0.0008794688  0.0000000000  0.0000000021  0.0000000005 -0.0000000000  0.0000000000 -0.0000000000  0.1010706820 -0.0000000000  0.0009226334  0.0000000000  0.0000000006  0.0000000000 -0.0000000000  0.0344630798 -0.0000000000  0.0000000006
  0.2000000000  0.6666666667  0.6666666667  0.3333333333  0.3333333333  1.0000000000  0.0863021158  0.0000000005  0.0233081698  0.0000000000  0.0006861818 -0.0000000000  0.0000000021  0.0000000005 -0.0000000000  0.0000000000 -0.0000000000  0.1023883370  0.0000000000  0.0006916516 -0.0000000000  0.0000000006 -0.0000000000 -0.0000000000  0.0346041598  0.0000000000  0.0000000006
  0.2000000000  0.6666666667  0.6666666667  0.3333333333  0.6666666667  0.0000000000  0.1017992832  0.0229379767  0.0000000005  0.0000000000 -0.0000000000  0.0011332573  0.0867804867  0.0000000004  0.0000000000 -0.0000000000  0.0009932543  0.0000000021 -0.0000000000 -0.0000000000  0.0000000000  0.0000000006 -0.0000000000 -0.0000000000  0.0000000006  0.0000000000  0.0340755141
  0.2000000000  0.6666666667  0.6666666667  0.3333333333  0.6666666667  0.3333333333  0.0872237726  0.0000000004  0.0230102187 -0.0000000000  0.0009783604  0.0000000000  0.0000000021  0.0000000005 -0.0000000000  0.0000000000 -0.0000000000  0.1008180001 -0.0000000000  0.0010127114  0.0000000000  0.0000000006  0.0000000000 -0.0000000000  0.0344153991 -0.0000000000  0.0000000006
  0.2000000000  0.6666666667  0.6666666667  0.3333333333  0.6666666667  0.6666666667  0.0861273024  0.0000000005  0.0231491504  0.0000000000  0.0008166171 -0.0000000000  0.0000000021  0.0000000005 -0.0000000000  0.0000000000 -0.0000000000  0.1026438339  0.0000000000  0.0009028932 -0.0000000000  0.0000000006 -0.0000000000 -0.0000000000  0.0339047934  0.0000000000  0.0000000006
  0.2000000000  0.6666666667  0.6666666667  0.3333333333  0.6666666667  1.0000000000  0.0861734814  0.0000000005  0.0233741303  0.0000000000  0.0005975907 -0.0000000000  0.0000000021  0.0000000005 -0.0000000000  0.0000000000 -0.0000000000  0.1024177394  0.0000000000  0.0005711450 -0.0000000000  0.0000000006 -0.0000000000 -0.0000000000  0.0346383084  0.0000000000  0.0000000006
  0.2000000000  0.6666666667  0.6666666667  0.3333333333  1.0000000000  0.0000000000  0.1012488146  0.0229457615  0.0000000005  0.0000000000 -0.0000000000  0.0010976939  0.0871025510  0.0000000004  0.0000000000 -0.0000000000  0.0009803671  0.0000000021 -0.0000000000 -0.0000000000  0.0000000000  0.0000000006 -0.0000000000 -0.0000000000  0.0000000006  0.0000000000  0.0340183272
  0.2000000000  0.6666666667  0.6666666667  0.3333333333  1.0000000000  0.3333333333  0.0868830201  0.0000000005  0.0231658758  0.0000000000  0.0009840485 -0.0000000000  0.0000000021  0.0000000005 -0.0000000000  0.0000000000 -0.0000000000  0.1008663222  0.0000000000  0.0009789405 -0.0000000000  0.0000000006 -0.0000000000 -0.0000000000  0.0344178240  0.0000000000  0.0000000006
  0.2000000000  0.6666666667  0.6666666667  0.3333333333  1.0000000000  0.6666666667  0.0863668358  0.0000000005  0.0235698856 -0.0000000000  0.0007793864  0.0000000000  0.0000000021  0.0000000005 -0.0000000000  0.0000000000 -0.0000000000  0.1005562031 -0.0000000000  0.0007988610  0.0000000000  0.0000000006  0.0000000000 -0.0000000000  0.0338685904 -0.0000000000  0.0000000006
  0.2000000000  0.6666666667  0.6666666667  0.3333333333  1.0000000000  1.0000000000  0.0860378774  0.0000000005  0.0238774469 -0.0000000000  0.0003499570  0.0000000000  0.0000000021  0.0000000005 -0.0000000000 -0.0000000000 -0.0000000000  0.1010825702 -0.0000000000  0.0003122308  0.0000000000  0.0000000006  0.0000000000 -0.0000000000  0.0338792331 -0.0000000000  0.0000000006
  0.2000000000  0.6666666667  0.6666666667  0.6666666667  0.0000000000  0.0000000000  0.0246074278  0.0000000006  0.0246029935 -0.0000000000  0.0246017613  0.0000000000  0.0000000032  0.0000000005 -0.0000000000  0.0000000002  0.0000000000  0.0246079982 -0.0000000000  0.0246020503  0.0000000000  0.0000000010 -0.0000000000 -0.0000000000  0.0246041764  0.0000000000  0.0000000010
  0.2000000000  0.6666666667  0.6666666667  0.6666666667  0.0000000000  0.3333333333  0.0860186032  0.0000000005  0.0232168666  0.0000000000  0.0010257119 -0.0000000000  0.0000000021  0.0000000005 -0.0000000000  0.0000000000 -0.0000000000  0.1019438938  0.0000000000  0.0010820737 -0.0000000000  0.0000000006 -0.0000000000 -0.0000000000  0.0344189916  0.0000000000  0.0000000006
  0.2000000000  0.6666666667  0.6666666667  0.6666666667  0.0000000000  0.6666666667  0.0857473330  0.0000000005  0.0232842571 -0.0000000000  0.0007540564 -0.0000000000  0.0000000021  0.0000000005 -0.0000000000  0.0000000000 -0.0000000000  0.1030365338 -0.0000000000  0.0007481542 -0.0000000000  0.0000000006  0.0000000000 -0.0000000000  0.0341252507  0.0000000000  0.0000000006
  0.2000000000  0.6666666667  0.6666666667  0.6666666667  0.0000000000  1.0000000000  0.0846318993  0.0000000005  0.0240434056 -0.0000000000  0.0002155332  0.0000000000  0.0000000021  0.0000000005 -0.0000000000  0.0000000000 -0.0000000000  0.1028085153 -0.0000000000  0.0001914955  0.0000000000  0.0000000006  0.0000000000 -0.0000000000  0.0338227260 -0.0000000000  0.0000000006
  0.2000000000  0.6666666667  0.6666666667  0.6666666667  0.3333333333  0.0000000000  0.0246080667  0.0000000006  0.0246036281  0.0000000000  0.0246023951 -0.0000000000  0.0000000032  0.0000000005  0.0000000000  0.0000000002 -0.0000000000  0.0246086366  0.0000000000  0.0246026839 -0.0000000000  0.0000000010  0.0000000000 -0.0000000000  0.0246048121 -0.0000000000  0.0000000010
  0.2000000000  0.6666666667  0.6666666667  0.6666666667  0.3333333333  0.3333333333  0.0861528730  0.0000000005  0.0232086226 -0.0000000000  0.0009524127  0.0000000000  0.0000000021  0.0000000005 -0.0000000000  0.0000000000 -0.0000000000  0.1021570731 -0.0000000000  0.0010040398  0.0000000000  0.0000000006  0.0000000000 -0.0000000000  0.0344586566 -0.0000000000  0.0000000006
  0.2000000000  0.6666666667  0.6666666667  0.6666666667  0.3333333333  0.6666666667  0.0858187829  0.0000000004  0.0233049051 -0.0000000000  0.0007307894  0.0000000000  0.0000000021  0.0000000005 -0.0000000000  0.0000000000 -0.0000000000  0.1029464179 -0.0000000000  0.0007578028  0.0000000000  0.0000000006  0.0000000000 -0.0000000000  0.0346122856 -0.0000000000  0.0000000006
  0.2000000000  0.6666666667  0.6666666667  0.6666666667  0.3333333333  1.0000000000  0.0866416021  0.0000000005  0.0230140614 -0.0000000000  0.0001302091 -0.0000000000  0.0000000021  0.0000000005 -0.0000000000  0.0000000000 -0.0000000000  0.1035397293  0.0000000000  0.0001386120 -0.0000000000  0.0000000006  0.0000000000 -0.0000000000  0.0339884536  0.0000000000  0.0000000006
  0.2000000000  0.6666666667  0.6666666667  0.6666666667  0.6666666667  0.0000000000  0.1010151885  0.0230249503  0.0000000005  0.0000000000 -0.0000000000  0.0009534956  0.0872313455  0.0000000004  0.0000000000 -0.0000000000  0.0009004479  0.0000000021 -0.0000000000 -0.0000000000  0.0000000000  0.0000000006 -0.0000000000 -0.0000000000  0.0000000006  0.0000000000  0.0344500122
  0.2000000000  0.6666666667  0.6666666667  0.6666666667  0.6666666667  0.3333333333  0.0861677456  0.0000000005  0.0232215199 -0.0000000000  0.0009210151  0.0000000000  0.0000000021  0.0000000005 -0.0000000000  0.0000000000 -0.0000000000  0.1022205248 -0.0000000000  0.0009710235  0.0000000000  0.0000000006  0.0000000000 -0.0000000000  0.0344756076 -0.0000000000  0.0000000006
  0.2000000000  0.6666666667  0.6666666667  0.6666666667  0.6666666667  0.6666666667  0.0853115161  0.0000000004  0.0234857240 -0.0000000000  0.0005453524 -0.0000000000  0.0000000021  0.0000000005 -0.0000000000  0.0000000000 -0.0000000000  0.1029354640 -0.0000000000  0.0007170752 -0.0000000000  0.0000000006  0.0000000000 -0.0000000000  0.0346831069  0.0000000000  0.0000000006
  0.2000000000  0.6666666667  0.6666666667  0.6666666667  0.6666666667  1.0000000000  0.0863994881  0.0000000005  0.0233130976 -0.0000000000  0.0000752373 -0.0000000000  0.0000000021  0.0000000005 -0.0000000000 -0.0000000000 -0.0000000000  0.1035340560 -0.0000000000  0.0000648717 -0.0000000000  0.0000000006 -0.0000000000 -0.0000000000  0.0345486503 -0.0000000000  0.0000000006
  0.2000000000  0.6666666667  0.6666666667  0.6666666667  1.0000000000  0.0000000000  0.1008885122  0.0230178750  0.0000000005 -0.0000000000  0.0000000000  0.0010324393  0.0871210565  0.0000000004 -0.0000000000  0.0000000000  0.0010006492  0.0000000021 -0.0000000000 -0.0000000000  0.0000000000  0.0000000006 -0.0000000000  0.0000000000  0.0000000006 -0.0000000000  0.0343992324
  0.2000000000  0.6666666667  0.6666666667  0.6666666667  1.0000000000  0.3333333333  0.1010054466  0.0231388194  0.0000000005  0.0000000000 -0.0000000000  0.0006978547  0.0872963106  0.0000000005  0.0000000000 -0.0000000000  0.0007244393  0.0000000021 -0.0000000000  0.0000000000  0.0000000000  0.0000000006  0.0000000000 -0.0000000000  0.0000000006  0.0000000000  0.0345852355
  0.2000000000  0.6666666667  0.6666666667  0.6666666667  1.0000000000  0.6666666667  0.0852307345  0.0000000005  0.0237226057 -0.0000000000  0.0005856848  0.0000000000  0.0000000021  0.0000000005 -0.0000000000  0.0000000000 -0.0000000000  0.1021213132 -0.0000000000  0.0006270333  0.0000000000  0.0000000006  0.0000000000 -0.0000000000  0.0338945290 -0.0000000000  0.0000000006
  0.2000000000  0.6666666667  0.6666666667  0.6666666667  1.0000000000  1.0000000000  0.0850673881  0.0000000005  0.0239697976 -0.0000000000  0.0001845420  0.0000000000  0.0000000021  0.0000000005 -0.0000000000 -0.0000000000 -0.0000000000  0.1023370083 -0.0000000000  0.0001598941  0.0000000000  0.0000000006  0.0000000000 -0.0000000000  0.0338681884 -0.0000000000  0.0000000006
  0.2000000000  0.6666666667  0.6666666667  1.0000000000  0.0000000000  0.0000000000  0.0097014362  0.0097013037  0.0097014311 -0.0097012607  0.0097014310 -0.0097012605  0.0097015952  0.0097013038 -0.0097012646  0.0097013029 -0.0097012644  0.0097014361 -0.0097012607  0.0097014309 -0.0097012607  0.0097013607 -0.0097012606  0.0097013580  0.0097014327 -0.0097012606  0.0097013606
  0.2000000000  0.6666666667  0.6666666667  1.0000000000  0.0000000000  0.3333333333  0.0849053777  0.0000000004  0.0233202048  0.0000000000  0.0007640038 -0.0000000000  0.0000000021  0.0000000005 -0.0000000000  0.0000000000 -0.0000000000  0.1036632049  0.0000000000  0.0007926715 -0.0000000000  0.0000000006 -0.0000000000 -0.0000000000  0.0346543879  0.0000000000  0.0000000006
  0.2000000000  0.6666666667  0.6666666667  1.0000000000  0.0000000000  0.6666666667  0.0850789753  0.0000000005  0.0234336769 -0.0000000000  0.0002892427 -0.0000000000  0.0000000021  0.0000000005 -0.0000000000  0.0000000000 -0.0000000000  0.1034087052 -0.0000000000  0.0003989824 -0.0000000000  0.0000000006 -0.0000000000 -0.0000000000  0.0346048832 -0.0000000000  0.0000000006
  0.2000000000  0.6666666667  0.6666666667  1.0000000000  0.0000000000  1.0000000000  0.0841117455  0.0000000005  0.0239628954  0.0000000000  0.0000133052 -0.0000000000  0.0000000021  0.0000000005 -0.0000000000  0.0000000000 -0.0000000000  0.1032981122  0.0000000000  0.0000115590 -0.0000000000  0.0000000006 -0.0000000000 -0.0000000000  0.0338222550  0.0000000000  0.0000000006
  0.2000000000  0.6666666667  0.6666666667  1.0000000000  0.3333333333  0.0000000000  0.0097007100  0.0097005744  0.0097007039 -0.0097005294  0.0097007038 -0.0097005288  0.0097008727  0.0097005748 -0.0097005343  0.0097005734 -0.0097005332  0.0097007095 -0.0097005297  0.0097007036 -0.0097005293  0.0097006311 -0.0097005291  0.0097006278  0.0097007057 -0.0097005293  0.0097006309
  0.2000000000  0.6666666667  0.6666666667  1.0000000000  0.3333333333  0.3333333333  0.0849765015  0.0000000004  0.0233375292  0.0000000000  0.0007125409 -0.0000000000  0.0000000021  0.0000000005 -0.0000000000  0.0000000000 -0.0000000000  0.1036418702  0.0000000000  0.0007274697 -0.0000000000  0.0000000006 -0.0000000000 -0.0000000000  0.0346679407  0.0000000000  0.0000000006
  0.2000000000  0.6666666667  0.6666666667  1.0000000000  0.3333333333  0.6666666667  0.0864035178  0.0000000005  0.0233056038 -0.0000000000  0.0000847754 -0.0000000000  0.0000000021  0.0000000005 -0.0000000000 -0.0000000000 -0.0000000000  0.1035367242 -0.0000000000  0.0000717030 -0.0000000000  0.0000000006 -0.0000000000 -0.0000000000  0.0345373944 -0.0000000000  0.0000000006
  0.2000000000  0.6666666667  0.6666666667  1.0000000000  0.3333333333  1.0000000000  0.0852857050  0.0000000004  0.0231021689 -0.0000000000 -0.0000877193 -0.0000000000  0.0000000021  0.0000000005 -0.0000000000 -0.0000000000 -0.0000000000  0.1037875041 -0.0000000000 -0.0001492394 -0.0000000000  0.0000000006 -0.0000000000 -0.0000000000  0.0340652620 -0.0000000000  0.0000000006
  0.2000000000  0.6666666667  0.6666666667  1.0000000000  0.6666666667  0.0000000000  0.1020160171  0.0232235154  0.0000000005  0.0000000000 -0.0000000000  0.0008475028  0.0864245498  0.0000000005  0.0000000000 -0.0000000000  0.0008206326  0.0000000021 -0.0000000000 -0.0000000000  0.0000000000  0.0000000006 -0.0000000000 -0.0000000000  0.0000000006  0.0000000000  0.0345251845
  0.2000000000  0.6666666667  0.6666666667  1.0000000000  0.6666666667  0.3333333333  0.1012595960  0.0232260051  0.0000000005  0.0000000000 -0.0000000000  0.0005315993  0.0872198547  0.0000000005  0.0000000000 -0.0000000000  0.0006144960  0.0000000021 -0.0000000000 -0.0000000000  0.0000000000  0.0000000006 -0.0000000000 -0.0000000000  0.0000000006  0.0000000000  0.0346875584
  0.2000000000  0.6666666667  0.6666666667  1.0000000000  0.6666666667  0.6666666667  0.0844438243  0.0000000005  0.0238338820  0.0000000000  0.0003128928 -0.0000000000  0.0000000021  0.0000000005 -0.0000000000  0.0000000000 -0.0000000000  0.1029959841  0.0000000000  0.0003392212 -0.0000000000  0.0000000006 -0.0000000000 -0.0000000000  0.0338753650  0.0000000000  0.0000000006
  0.2000000000  0.6666666667  0.6666666667  1.0000000000  0.6666666667  1.0000000000  0.0846012215  0.0000000005  0.0239740621 -0.0000000000  0.0000833764  0.0000000000  0.0000000021  0.0000000005 -0.0000000000  0.0000000000 -0.0000000000  0.1029730311 -0.0000000000  0.0000614286  0.0000000000  0.0000000006  0.0000000000 -0.0000000000  0.0338193826 -0.0000000000  0.0000000006
  0.2000000000  0.6666666667  0.6666666667  1.0000000000  1.0000000000  0.0000000000  0.1016208960  0.0232505421  0.0000000005 -0.0000000000  0.0000000000  0.0010198795  0.0861291363  0.0000000005 -0.0000000000  0.0000000000  0.0009947616  0.0000000021 -0.0000000000 -0.0000000000  0.0000000000  0.0000000006 -0.0000000000  0.0000000000  0.0000000006 -0.0000000000  0.0344964439
  0.2000000000  0.6666666667  0.6666666667  1.0000000000  1.0000000000  0.3333333333  0.1014796340  0.0231273349  0.0000000005  0.0000000000 -0.0000000000  0.0009012312  0.0868354068  0.0000000004  0.0000000000 -0.0000000000  0.0008659876  0.0000000021 -0.0000000000 -0.0000000000  0.0000000000  0.0000000006 -0.0000000000 -0.0000000000  0.0000000006  0.0000000000  0.0344802578
  0.2000000000  0.6666666667  0.6666666667  1.0000000000  1.0000000000  0.6666666667  0.1013904480  0.0231050269  0.0000000005  0.0000000000 -0.0000000000  0.0008949784  0.0869114638  0.0000000004  0.0000000000 -0.0000000000  0.0008552205  0.0000000021 -0.0000000000 -0.0000000000  0.0000000000  0.0000000006 -0.0000000000 -0.0000000000  0.0000000006  0.0000000000  0.0344784574
  0.2000000000  0.6666666667  0.6666666667  1.0000000000  1.0000000000  1.0000000000  0.1007027021  0.0235008169  0.0000000005  0.0000000000 -0.0000000000  0.0012289380  0.0860472982  0.0000000005  0.0000000000 -0.0000000000  0.0011234458  0.0000000021 -0.0000000000 -0.0000000000 -0.0000000000  0.0000000006 -0.0000000000 -0.0000000000  0.0000000006  0.0000000000  0.0337703007
  0.2000000000  0.6666666667  1.0000000000  0.0000000000  0.0000000000  0.0000000000  0.0097009941  0.0097008620  0.0097009889  0.0097008175  0.0097009889  0.0097008174  0.0097011546  0.0097008619  0.0097008218  0.0097008611  0.0097008219  0.0097009941  0.0097008173  0.0097009889  0.0097008174  0.0097009169  0.0097008174  0.0097009142  0.0097009906  0.0097008173  0.0097009168
  0.2000000000  0.6666666667  1.0000000000  0.0000000000  0.0000000000  0.3333333333  0.0863358945  0.0000000004  0.0234153763  0.0000000000  0.0006679644  0.0000000000  0.0000000021  0.0000000005 -0.0000000000  0.0000000000 -0.0000000000  0.1005937364  0.0000000000  0.0010259958  0.0000000000  0.0000000006  0.0000000000 -0.0000000000  0.0347287362 -0.0000000000  0.0000000006
  0.2000000000  0.6666666667  1.0000000000  0.0000000000  0.0000000000  0.6666666667  0.0881057470  0.0000000005  0.0230379467  0.0000000000  0.0002730342  0.0000000000  0.0000000021  0.0000000005 -0.0000000000  0.0000000000 -0.0000000000  0.1000324994  0.0000000000  0.0005339681  0.0000000000  0.0000000006  0.0000000000 -0.0000000000  0.0344851882 -0.0000000000  0.0000000006
  0.2000000000  0.6666666667  1.0000000000  0.0000000000  0.0000000000  1.0000000000  0.0868574218  0.0000000005  0.0241771505 -0.0000000000 -0.0000000000 -0.0000000000  0.0000000021  0.0000000005 -0.0000000000  0.0000000000 -0.0000000000  0.1000357859 -0.0000000000 -0.0000000000 -0.0000000000  0.0000000006 -0.0000000000 -0.0000000000  0.0337000192  0.0000000000  0.0000000006
  0.2000000000  0.6666666667  1.0000000000  0.0000000000  0.3333333333  0.0000000000  0.0097002420  0.0097001095  0.0097002367  0.0097000650  0.0097002365  0.0097000650  0.0097004023  0.0097001093  0.0097000690  0.0097001084  0.0097000693  0.0097002421  0.0097000647  0.0097002366  0.0097000649  0.0097001645  0.0097000648  0.0097001616  0.0097002384  0.0097000647  0.0097001645
  0.2000000000  0.6666666667  1.0000000000  0.0000000000  0.3333333333  0.3333333333  0.0871839551  0.0000000005  0.0231069606 -0.0000000000  0.0008287619  0.0000000000  0.0000000021  0.0000000005 -0.0000000000  0.0000000000 -0.0000000000  0.1010390884 -0.0000000000  0.0008358136  0.0000000000  0.0000000006  0.0000000000 -0.0000000000  0.0345093798 -0.0000000000  0.0000000006
  0.2000000000  0.6666666667  1.0000000000  0.0000000000  0.3333333333  0.6666666667  0.0855724925  0.0000000005  0.0235116646  0.0000000000 -0.0001606278  0.0000000000  0.0000000021  0.0000000005 -0.0000000000  0.0000000000 -0.0000000000  0.1031452290  0.0000000000  0.0000778827  0.0000000000  0.0000000006  0.0000000000 -0.0000000000  0.0350000993 -0.0000000000  0.0000000006
  0.2000000000  0.6666666667  1.0000000000  0.0000000000  0.3333333333  1.0000000000  0.0869976446  0.0000000005  0.0240850094  0.0000000000 -0.0000000000 -0.0000000000  0.0000000021  0.0000000005 -0.0000000000 -0.0000000000 -0.0000000000  0.0999676396  0.0000000000 -0.0000000000 -0.0000000000  0.0000000006 -0.0000000000 -0.0000000000  0.0337148118 -0.0000000000  0.0000000006
  0.2000000000  0.6666666667  1.0000000000  0.0000000000  0.6666666667  0.0000000000  0.0847515722  0.0000000004  0.0231590565  0.0000000000  0.0017171711 -0.0000000000  0.0000000021  0.0000000005 -0.0000000000  0.0000000000 -0.0000000000  0.1001452023  0.0000000000  0.0019005907 -0.0000000000  0.0000000006 -0.0000000000 -0.0000000000  0.0341679476  0.0000000000  0.0000000006
  0.2000000000  0.6666666667  1.0000000000  0.0000000000  0.6666666667  0.3333333333  0.0860923738  0.0000000004  0.0234929007  0.0000000000  0.0005445775  0.0000000000  0.0000000021  0.0000000005 -0.0000000000  0.0000000000 -0.0000000000  0.1014833648  0.0000000000  0.0008417840  0.0000000000  0.0000000006  0.0000000000 -0.0000000000  0.0347970835 -0.0000000000  0.0000000006
  0.2000000000  0.6666666667  1.0000000000  0.0000000000  0.6666666667  0.6666666667  0.0855593905  0.0000000005  0.0235041149  0.0000000000 -0.0001606561  0.0000000000  0.0000000021  0.0000000005 -0.0000000000  0.0000000000 -0.0000000000  0.1031342104  0.0000000000  0.0000817636  0.0000000000  0.0000000006  0.0000000000 -0.0000000000  0.0349944310 -0.0000000000  0.0000000006
  0.2000000000  0.6666666667  1.0000000000  0.0000000000  0.6666666667  1.0000000000  0.0869345142  0.0000000005  0.0241154371  0.0000000000 -0.0000000000 -0.0000000000  0.0000000021  0.0000000005 -0.0000000000  0.0000000000 -0.0000000000  0.1000136804  0.0000000000 -0.0000000000 -0.0000000000  0.0000000006 -0.0000000000 -0.0000000000  0.0337099354 -0.0000000000  0.0000000006
  0.2000000000  0.6666666667  1.0000000000  0.0000000000  1.0000000000  0.0000000000  0.0000000021  0.0000000005  0.0000000004 -0.0000000000 -0.0000000000 -0.0000000000  0.1036814092  0.0233009390 -0.0008023901 -0.0000000000 -0.0000000000  0.0849446259 -0.0007634677 -0.0000000000 -0.0000000000  0.0346362078 -0.0000000000 -0.0000000000  0.0000000006  0.0000000000  0.0000000006
  0.2000000000  0.6666666667  1.0000000000  0.0000000000  1.0000000000  0.3333333333  0.0857527518  0.0000000005  0.0234808265  0.0000000000  0.0000458540  0.0000000000  0.0000000021  0.0000000005 -0.0000000000  0.0000000000 -0.0000000000  0.1026275688  0.0000000000  0.0003260819  0.0000000000  0.0000000006  0.0000000000 -0.0000000000  0.0349130170 -0.0000000000  0.0000000006
  0.2000000000  0.6666666667  1.0000000000  0.0000000000  1.0000000000  0.6666666667  0.0882664518  0.0000000005  0.0227194727  0.0000000000  0.0006775506  0.0000000000  0.0000000021  0.0000000005 -0.0000000000  0.0000000000 -0.0000000000  0.0992042876  0.0000000000  0.0009582266  0.0000000000  0.0000000006  0.0000000000 -0.0000000000  0.0340497318 -0.0000000000  0.0000000006
  0.2000000000  0.6666666667  1.0000000000  0.0000000000  1.0000000000  1.0000000000  0.0887794307  0.0000000005  0.0226189936  0.0000000000 -0.0000000000 -0.0000000000  0.0000000021  0.0000000005 -0.0000000000  0.0000000000 -0.0000000000  0.1000941976  0.0000000000 -0.0000000000 -0.0000000000  0.0000000006 -0.0000000000 -0.0000000000  0.0340687820 -0.0000000000  0.0000000006
  0.2000000000  0.6666666667  1.0000000000  0.3333333333  0.0000000000  0.0000000000  0.0246085445  0.0000000006  0.0246040965  0.0000000000  0.0246028614 -0.0000000000  0.0000000032  0.0000000005  0.0000000000  0.0000000002 -0.0000000000  0.0246091093  0.0000000000  0.0246031479 -0.0000000000  0.0000000010  0.0000000000 -0.0000000000  0.0246052789 -0.0000000000  0.0000000010
  0.2000000000  0.6666666667  1.0000000000  0.3333333333  0.0000000000  0.3333333333  0.0853284197  0.0000000004  0.0235112521  0.0000000000  0.0006539213  0.0000000000  0.0000000021  0.0000000005 -0.0000000000  0.0000000000 -0.0000000000  0.1021631201  0.0000000000  0.0009519019  0.0000000000  0.0000000006 -0.0000000000 -0.0000000000  0.0347589225 -0.0000000000  0.0000000006
  0.2000000000  0.6666666667  1.0000000000  0.3333333333  0.0000000000  0.6666666667  0.0854531469  0.0000000005  0.0238826388 -0.0000000000  0.0006123117  0.0000000000  0.0000000021  0.0000000005 -0.0000000000  0.0000000000 -0.0000000000  0.1017024366 -0.0000000000  0.0006599853  0.0000000000  0.0000000006  0.0000000000 -0.0000000000  0.0338107205 -0.0000000000  0.0000000006
  0.2000000000  0.6666666667  1.0000000000  0.3333333333  0.0000000000  1.0000000000  0.0853806997  0.0000000005  0.0241030054 -0.0000000000  0.0002355880  0.0000000000  0.0000000021  0.0000000005 -0.0000000000  0.0000000000 -0.0000000000  0.1019972142 -0.0000000000  0.0002305974  0.0000000000  0.0000000006  0.0000000000 -0.0000000000  0.0338001166 -0.0000000000  0.0000000006
  0.2000000000  0.6666666667  1.0000000000  0.3333333333  0.3333333333  0.0000000000  0.0245957993  0.0000000006  0.0245914157 -0.0000000000  0.0245901964  0.0000000000  0.0000000033  0.0000000005 -0.0000000000  0.0000000002  0.0000000000  0.0245963706 -0.0000000000  0.0245904856  0.0000000000  0.0000000010  0.0000000000 -0.0000000000  0.0245925881 -0.0000000000  0.0000000010
  0.2000000000  0.6666666667  1.0000000000  0.3333333333  0.3333333333  0.3333333333  0.0852840739  0.0000000004  0.0235106692  0.0000000000  0.0006663870  0.0000000000  0.0000000021  0.0000000005 -0.0000000000  0.0000000000 -0.0000000000  0.1021633094  0.0000000000  0.0009613648  0.0000000000  0.0000000006 -0.0000000000 -0.0000000000  0.0347485476 -0.0000000000  0.0000000006
  0.2000000000  0.6666666667  1.0000000000  0.3333333333  0.3333333333  0.6666666667  0.0855691512  0.0000000005  0.0237146446 -0.0000000000  0.0007475219  0.0000000000  0.0000000021  0.0000000005 -0.0000000000  0.0000000000 -0.0000000000  0.1015587854 -0.0000000000  0.0008211005  0.0000000000  0.0000000006  0.0000000000 -0.0000000000  0.0338446730 -0.0000000000  0.0000000006
  0.2000000000  0.6666666667  1.0000000000  0.3333333333  0.3333333333  1.0000000000  0.0857464385  0.0000000005  0.0240345344 -0.0000000000  0.0002984661  0.0000000000  0.0000000021  0.0000000005 -0.0000000000  0.0000000000 -0.0000000000  0.1015921169 -0.0000000000  0.0002941880  0.0000000000  0.0000000006  0.0000000000 -0.0000000000  0.0338255504 -0.0000000000  0.0000000006
  0.2000000000  0.6666666667  1.0000000000  0.3333333333  0.6666666667  0.0000000000  0.0245970862  0.0000000006  0.0245927264  0.0000000000  0.0245915128 -0.0000000000  0.0000000033  0.0000000005  0.0000000000  0.0000000002 -0.0000000000  0.0245976507  0.0000000000  0.0245917986 -0.0000000000  0.0000000010 -0.0000000000 -0.0000000000  0.0245938873  0.0000000000  0.0000000010
  0.2000000000  0.6666666667  1.0000000000  0.3333333333  0.6666666667  0.3333333333  0.0853205479  0.0000000004  0.0235191166  0.0000000000  0.0006276738  0.0000000000  0.0000000021  0.0000000005 -0.0000000000  0.0000000000 -0.0000000000  0.1023427384  0.0000000000  0.0009066481  0.0000000000  0.0000000006 -0.0000000000 -0.0000000000  0.0347679670 -0.0000000000  0.0000000006
  0.2000000000  0.6666666667  1.0000000000  0.3333333333  0.6666666667  0.6666666667  0.0855148433  0.0000000005  0.0235173326  0.0000000000  0.0003343078  0.0000000000  0.0000000021  0.0000000005 -0.0000000000  0.0000000000 -0.0000000000  0.1023686691  0.0000000000  0.0005949011  0.0000000000  0.0000000006  0.0000000000 -0.0000000000  0.0347870235 -0.0000000000  0.0000000006
  0.2000000000  0.6666666667  1.0000000000  0.3333333333  0.6666666667  1.0000000000  0.0857232597  0.0000000005  0.0240343749 -0.0000000000  0.0003025861  0.0000000000  0.0000000021  0.0000000005 -0.0000000000  0.0000000000 -0.0000000000  0.1016307081 -0.0000000000  0.0002946685  0.0000000000  0.0000000006  0.0000000000 -0.0000000000  0.0338241886 -0.0000000000  0.0000000006
  0.2000000000  0.6666666667  1.0000000000  0.3333333333  1.0000000000  0.0000000000  0.0246067894  0.0000000006  0.0246023521  0.0000000000  0.0246011202  0.0000000000  0.0000000033  0.0000000005 -0.0000000000  0.0000000002  0.0000000000  0.0246073548 -0.0000000000  0.0246014069 -0.0000000000  0.0000000010  0.0000000000 -0.0000000000  0.0246035335 -0.0000000000  0.0000000010
  0.2000000000  0.6666666667  1.0000000000  0.3333333333  1.0000000000  0.3333333333  0.0856309625  0.0000000004  0.0233013239 -0.0000000000  0.0007940820  0.0000000000  0.0000000021  0.0000000005 -0.0000000000  0.0000000000 -0.0000000000  0.1030498461 -0.0000000000  0.0008397324  0.0000000000  0.0000000006  0.0000000000 -0.0000000000  0.0345968601 -0.0000000000  0.0000000006
  0.2000000000  0.6666666667  1.0000000000  0.3333333333  1.0000000000  0.6666666667  0.0856305244  0.0000000005  0.0235169507  0.0000000000  0.0001316039  0.0000000000  0.0000000021  0.0000000005 -0.0000000000  0.0000000000 -0.0000000000  0.1027216244  0.0000000000  0.0003901437  0.0000000000  0.0000000006  0.0000000000 -0.0000000000  0.0348938695 -0.0000000000  0.0000000006
  0.2000000000  0.6666666667  1.0000000000  0.3333333333  1.0000000000  1.0000000000  0.0857071961  0.0000000005  0.0240411905 -0.0000000000  0.0003011866  0.0000000000  0.0000000021  0.0000000005 -0.0000000000  0.0000000000 -0.0000000000  0.1016599463 -0.0000000000  0.0002965027  0.0000000000  0.0000000006  0.0000000000 -0.0000000000  0.0338172986 -0.0000000000  0.0000000006
  0.2000000000  0.6666666667  1.0000000000  0.6666666667  0.0000000000  0.0000000000  0.0835209438  0.0000000004  0.0234111347 -0.0000000000  0.0016665820  0.0000000000  0.0000000021  0.0000000005 -0.0000000000  0.0000000000 -0.0000000000  0.1010399165 -0.0000000000  0.0019203681  0.0000000000  0.0000000006  0.0000000000 -0.0000000000  0.0340276408 -0.0000000000  0.0000000006
  0.2000000000  0.6666666667  1.0000000000  0.6666666667  0.0000000000  0.3333333333  0.0848499295  0.0000000004  0.0234768200 -0.0000000000  0.0006879123 -0.0000000000  0.0000000021  0.0000000005 -0.0000000000  0.0000000000 -0.0000000000  0.1031558153 -0.0000000000  0.0009035150 -0.0000000000  0.0000000006  0.0000000000 -0.0000000000  0.0346808200  0.0000000000  0.0000000006
  0.2000000000  0.6666666667  1.0000000000  0.6666666667  0.0000000000  0.6666666667  0.0845095506  0.0000000005  0.0238813946 -0.0000000000  0.0004184740  0.0000000000  0.0000000021  0.0000000005 -0.0000000000  0.0000000000 -0.0000000000  0.1028029665 -0.0000000000  0.0004518870  0.0000000000  0.0000000006  0.0000000000 -0.0000000000  0.0338613288 -0.0000000000  0.0000000006
  0.2000000000  0.6666666667  1.0000000000  0.6666666667  0.0000000000  1.0000000000  0.0846776220  0.0000000005  0.0240657372 -0.0000000000  0.0001882334  0.0000000000  0.0000000021  0.0000000005 -0.0000000000  0.0000000000 -0.0000000000  0.1027579534 -0.0000000000  0.0002350316  0.0000000000  0.0000000006  0.0000000000 -0.0000000000  0.0338134789 -0.0000000000  0.0000000006
  0.2000000000  0.6666666667  1.0000000000  0.6666666667  0.3333333333  0.0000000000  0.0831116858  0.0000000004  0.0234316104 -0.0000000000  0.0015147937  0.0000000000  0.0000000021  0.0000000005 -0.0000000000  0.0000000000 -0.0000000000  0.1015725695 -0.0000000000  0.0017537564  0.0000000000  0.0000000006  0.0000000000 -0.0000000000  0.0341293876 -0.0000000000  0.0000000006
  0.2000000000  0.6666666667  1.0000000000  0.6666666667  0.3333333333  0.3333333333  0.0849503648  0.0000000004  0.0233082814 -0.0000000000  0.0008167345  0.0000000000  0.0000000021  0.0000000005 -0.0000000000  0.0000000000 -0.0000000000  0.1034589429 -0.0000000000  0.0008851100  0.0000000000  0.0000000006  0.0000000000 -0.0000000000  0.0345652591 -0.0000000000  0.0000000006
  0.2000000000  0.6666666667  1.0000000000  0.6666666667  0.3333333333  0.6666666667  0.0845813653  0.0000000005  0.0238505792 -0.0000000000  0.0004081257  0.0000000000  0.0000000021  0.0000000005 -0.0000000000  0.0000000000 -0.0000000000  0.1027673858 -0.0000000000  0.0004601908  0.0000000000  0.0000000006  0.0000000000 -0.0000000000  0.0338701498 -0.0000000000  0.0000000006
  0.2000000000  0.6666666667  1.0000000000  0.6666666667  0.3333333333  1.0000000000  0.0847062734  0.0000000005  0.0240843772 -0.0000000000  0.0001636329  0.0000000000  0.0000000021  0.0000000005 -0.0000000000  0.0000000000 -0.0000000000  0.1027403777 -0.0000000000  0.0002067695  0.0000000000  0.0000000006  0.0000000000 -0.0000000000  0.0338059748  0.0000000000  0.0000000006
  0.2000000000  0.6666666667  1.0000000000  0.6666666667  0.6666666667  0.0000000000  0.0830741343  0.0000000004  0.0234147645 -0.0000000000  0.0015141376  0.0000000000  0.0000000021  0.0000000005 -0.0000000000  0.0000000000 -0.0000000000  0.1016415338 -0.0000000000  0.0017224142  0.0000000000  0.0000000006  0.0000000000 -0.0000000000  0.0341868614 -0.0000000000  0.0000000006
  0.2000000000  0.6666666667  1.0000000000  0.6666666667  0.6666666667  0.3333333333  0.0848940634  0.0000000004  0.0235012159 -0.0000000000  0.0006536616 -0.0000000000  0.0000000021  0.0000000005 -0.0000000000  0.0000000000 -0.0000000000  0.1029755777 -0.0000000000  0.0008965765 -0.0000000000  0.0000000006  0.0000000000 -0.0000000000  0.0347330813  0.0000000000  0.0000000006
  0.2000000000  0.6666666667  1.0000000000  0.6666666667  0.6666666667  0.6666666667  0.0845787896  0.0000000005  0.0238575346 -0.0000000000  0.0004081131  0.0000000000  0.0000000021  0.0000000005 -0.0000000000  0.0000000000 -0.0000000000  0.1028112627 -0.0000000000  0.0004456624  0.0000000000  0.0000000006  0.0000000000 -0.0000000000  0.0338679296 -0.0000000000  0.0000000006
  0.2000000000  0.6666666667  1.0000000000  0.6666666667  0.6666666667  1.0000000000  0.0847340622  0.0000000005  0.0240962619 -0.0000000000  0.0001566545  0.0000000000  0.0000000021  0.0000000005 -0.0000000000  0.0000000000 -0.0000000000  0.1027159286 -0.0000000000  0.0001973384  0.0000000000  0.0000000006  0.0000000000 -0.0000000000  0.0338023742  0.0000000000  0.0000000006
  0.2000000000  0.6666666667  1.0000000000  0.6666666667  1.0000000000  0.0000000000  0.0846521956  0.0000000005  0.0230282765  0.0000000000  0.0015209381 -0.0000000000  0.0000000021  0.0000000005 -0.0000000000  0.0000000000  0.0000000000  0.1011001700  0.0000000000  0.0016837550 -0.0000000000  0.0000000006 -0.0000000000 -0.0000000000  0.0342338994  0.0000000000  0.0000000006
  0.2000000000  0.6666666667  1.0000000000  0.6666666667  1.0000000000  0.3333333333  0.0848949012  0.0000000004  0.0234898039 -0.0000000000  0.0006816582 -0.0000000000  0.0000000021  0.0000000005 -0.0000000000  0.0000000000 -0.0000000000  0.1030111635 -0.0000000000  0.0009111936 -0.0000000000  0.0000000006  0.0000000000 -0.0000000000  0.0347027597  0.0000000000  0.0000000006
  0.2000000000  0.6666666667  1.0000000000  0.6666666667  1.0000000000  0.6666666667  0.0845936658  0.0000000005  0.0238719015 -0.0000000000  0.0004033679  0.0000000000  0.0000000021  0.0000000005 -0.0000000000  0.0000000000 -0.0000000000  0.1028284331 -0.0000000000  0.0004330120  0.0000000000  0.0000000006  0.0000000000 -0.0000000000  0.0338643400 -0.0000000000  0.0000000006
  0.2000000000  0.6666666667  1.0000000000  0.6666666667  1.0000000000  1.0000000000  0.0847460530  0.0000000005  0.0241005414 -0.0000000000  0.0001540989  0.0000000000  0.0000000021  0.0000000005 -0.0000000000  0.0000000000 -0.0000000000  0.1027049950 -0.0000000000  0.0001944330  0.0000000000  0.0000000006  0.0000000000 -0.0000000000  0.0338011795  0.0000000000  0.0000000006
  0.2000000000  0.6666666667  1.0000000000  1.0000000000  0.0000000000  0.0000000000  0.0832705151  0.0000000004  0.0232422160  0.0000000000  0.0012573772 -0.0000000000  0.0000000021  0.0000000005 -0.0000000000  0.0000000000 -0.0000000000  0.1030594344  0.0000000000  0.0015345849 -0.0000000000  0.0000000006 -0.0000000000 -0.0000000000  0.0340099598  0.0000000000  0.0000000006
  0.2000000000  0.6666666667  1.0000000000  1.0000000000  0.0000000000  0.3333333333  0.0848851282  0.0000000004  0.0233045296 -0.0000000000  0.0007744986  0.0000000000  0.0000000021  0.0000000005 -0.0000000000  0.0000000000 -0.0000000000  0.1036884603 -0.0000000000  0.0008166500  0.0000000000  0.0000000006  0.0000000000 -0.0000000000  0.0346284250 -0.0000000000  0.0000000006
  0.2000000000  0.6666666667  1.0000000000  1.0000000000  0.0000000000  0.6666666667  0.0842710674  0.0000000005  0.0239287393 -0.0000000000  0.0001634136  0.0000000000  0.0000000021  0.0000000005 -0.0000000000  0.0000000000 -0.0000000000  0.1032548255 -0.0000000000  0.0002236051  0.0000000000  0.0000000006  0.0000000000 -0.0000000000  0.0338044834 -0.0000000000  0.0000000006
  0.2000000000  0.6666666667  1.0000000000  1.0000000000  0.0000000000  1.0000000000  0.0844464027  0.0000000005  0.0240186705 -0.0000000000  0.0000129546 -0.0000000000  0.0000000021  0.0000000005 -0.0000000000  0.0000000000 -0.0000000000  0.1031140266 -0.0000000000  0.0000395267 -0.0000000000  0.0000000006 -0.0000000000 -0.0000000000  0.0338016833 -0.0000000000  0.0000000006
  0.2000000000  0.6666666667  1.0000000000  1.0000000000  0.3333333333  0.0000000000  0.0832706232  0.0000000004  0.0232519046  0.0000000000  0.0012732459 -0.0000000000  0.0000000021  0.0000000005 -0.0000000000  0.0000000000 -0.0000000000  0.1029523563  0.0000000000  0.0015474153 -0.0000000000  0.0000000006 -0.0000000000 -0.0000000000  0.0340452615  0.0000000000  0.0000000006
  0.2000000000  0.6666666667  1.0000000000  1.0000000000  0.3333333333  0.3333333333  0.0848197873  0.0000000004  0.0234786324 -0.0000000000  0.0006442277 -0.0000000000  0.0000000021  0.0000000005 -0.0000000000  0.0000000000 -0.0000000000  0.1033220568 -0.0000000000  0.0008530547 -0.0000000000  0.0000000006  0.0000000000 -0.0000000000  0.0346846518  0.0000000000  0.0000000006
  0.2000000000  0.6666666667  1.0000000000  1.0000000000  0.3333333333  0.6666666667  0.0850623623  0.0000000005  0.0234562843 -0.0000000000  0.0001494332 -0.0000000000  0.0000000021  0.0000000005 -0.0000000000  0.0000000000 -0.0000000000  0.1034230405 -0.0000000000  0.0002557231 -0.0000000000  0.0000000006 -0.0000000000 -0.0000000000  0.0346097373 -0.0000000000  0.0000000006
  0.2000000000  0.6666666667  1.0000000000  1.0000000000  0.3333333333  1.0000000000  0.0863414005  0.0000000005  0.0233075857  0.0000000000 -0.0000809065 -0.0000000000  0.0000000021  0.0000000005 -0.0000000000  0.0000000000 -0.0000000000  0.1035292899  0.0000000000 -0.0000693365 -0.0000000000  0.0000000006 -0.0000000000 -0.0000000000  0.0345285349  0.0000000000  0.0000000006
  0.2000000000  0.6666666667  1.0000000000  1.0000000000  0.6666666667  0.0000000000  0.0000000021  0.0000000005  0.0000000005  0.0000000000  0.0000000000  0.0000000000  0.1008110200  0.0229599134 -0.0009176536  0.0000000000 -0.0000000000  0.0872580454 -0.0008768986  0.0000000000  0.0000000000  0.0344346890  0.0000000000  0.0000000000  0.0000000006  0.0000000000  0.0000000006
  0.2000000000  0.6666666667  1.0000000000  1.0000000000  0.6666666667  0.3333333333  0.0848243320  0.0000000004  0.0234820108 -0.0000000000  0.0006305977 -0.0000000000  0.0000000021  0.0000000005 -0.0000000000  0.0000000000 -0.0000000000  0.1033211331 -0.0000000000  0.0008407045 -0.0000000000  0.0000000006  0.0000000000 -0.0000000000  0.0346933140  0.0000000000  0.0000000006
  0.2000000000  0.6666666667  1.0000000000  1.0000000000  0.6666666667  0.6666666667  0.0867034832  0.0000000005  0.0230287091 -0.0000000000  0.0000977438 -0.0000000000  0.0000000021  0.0000000005 -0.0000000000  0.0000000000 -0.0000000000  0.1034827543 -0.0000000000  0.0001039640 -0.0000000000  0.0000000006  0.0000000000  0.0000000000  0.0339798568 -0.0000000000  0.0000000006
  0.2000000000  0.6666666667  1.0000000000  1.0000000000  0.6666666667  1.0000000000  0.0865190735  0.0000000005  0.0232948889  0.0000000000 -0.0001068392 -0.0000000000  0.0000000021  0.0000000005 -0.0000000000  0.0000000000 -0.0000000000  0.1035384173  0.0000000000 -0.0000859003 -0.0000000000  0.0000000006  0.0000000000 -0.0000000000  0.0345200865  0.0000000000  0.0000000006
  0.2000000000  0.6666666667  1.0000000000  1.0000000000  1.0000000000  0.0000000000  0.0000000021  0.0000000005  0.0000000005 -0.0000000000 -0.0000000000 -0.0000000000  0.1010438086  0.0230322005 -0.0008785213 -0.0000000000 -0.0000000000  0.0872716355 -0.0008338653 -0.0000000000 -0.0000000000  0.0344805804 -0.0000000000 -0.0000000000  0.0000000006  0.0000000000  0.0000000006
  0.2000000000  0.6666666667  1.0000000000  1.0000000000  1.0000000000  0.3333333333  0.0849238286  0.0000000004  0.0233532130  0.0000000000  0.0007045385 -0.0000000000  0.0000000021  0.0000000005 -0.0000000000  0.0000000000 -0.0000000000  0.1036006706  0.0000000000  0.0007633701 -0.0000000000  0.0000000006 -0.0000000000 -0.0000000000  0.0345870472  0.0000000000  0.0000000006
  0.2000000000  0.6666666667  1.0000000000  1.0000000000  1.0000000000  0.6666666667  0.0855517355  0.0000000004  0.0231969674  0.0000000000  0.0004394739 -0.0000000000  0.0000000021  0.0000000005 -0.0000000000  0.0000000000 -0.0000000000  0.1035279382  0.0000000000  0.0005333686 -0.0000000000  0.0000000006 -0.0000000000 -0.0000000000  0.0339763044  0.0000000000  0.0000000006
  0.2000000000  0.6666666667  1.0000000000  1.0000000000  1.0000000000  1.0000000000  0.0853123885  0.0000000005  0.0234750582  0.0000000000 -0.0000234968 -0.0000000000  0.0000000021  0.0000000005 -0.0000000000  0.0000000000 -0.0000000000  0.1034085768  0.0000000000 -0.0000469306 -0.0000000000  0.0000000006 -0.0000000000 -0.0000000000  0.0345060711  0.0000000000  0.0000000006
