 -0.4163249462  -0.4163249358  -0.4163249358  -0.0076982521  -0.4164035471  -0.4157380037  -0.0019569457  -0.4159774741  -0.3351359960  -0.0002473526  -0.4162867329  -0.4153939623  -0.0152672859  -0.4164314219  -0.4166430837  -0.0086187600  -0.4157908931  -0.4154274458  -0.0024096658  -0.4160114108  -0.3867683150  -0.0164931323  -0.4164311751  -0.4166529917 
 -0.8229200544  -0.8229209602  -0.8229209618  -0.0099343921  -0.8229217138  -0.8229088679  -0.0017511797  -0.8229146628  -0.8229135593  -0.0001989650  -0.8229206463  -0.8229127831  -0.0181054355  -0.8229123968  -0.8229034547  -0.0108733666  -0.8229163894  -0.8228827255  -0.0021311003  -0.8229134025  -0.8229041095  -0.0193072392  -0.8228964905  -0.8228972377 
 -0.8246285373  -0.8246235291  -0.8246235291  -0.0117861250  -0.8246255049  -0.8246184503  -0.0015807862  -0.8246368674  -0.8246404930  -0.0001588955  -0.8246303983  -0.8246220896  -0.0204556887  -0.8246380949  -0.8246407264  -0.0127403916  -0.8246312089  -0.8246138170  -0.0019004220  -0.8246386461  -0.8246375571  -0.0216375826  -0.8246381699  -0.8246382383 
 -0.7864646238  -0.7864646117  -0.7864646245  -0.0078992455  -0.7864722079  -0.7864580036  -0.0019384506  -0.7861407302  -0.7863255485  -0.0002430034  -0.7864624882  -0.7864636707  -0.0155223905  -0.7864919812  -0.8537391317  -0.0088214133  -0.7864879238  -0.7864509862  -0.0023846272  -0.7862331866  -0.7863312827  -0.0167460758  -0.7865123667  -0.8537551720 
 -0.2851312174  -0.2814403381  -0.2814403381  -0.0101140484  -0.2799303501  -0.2799303501  -0.0017346480  -0.2606087698  -0.2606087698  -0.0001950774  -0.2249698670  -0.2249698670  -0.0183334585  -0.2798983786  -0.2798983786  -0.0110545065  -0.2799127211  -0.2799127211  -0.0021087198  -0.2606104763  -0.2606104763  -0.0195333305  -0.2800978602  -0.2800978602 
 -0.3799928910  -0.3799928938  -0.3802269687  -0.0106859349  -0.3800432044  -0.3800537591  -0.0016820239  -0.3801128972  -0.3204565528  -0.0001827024  -0.3801177536  -0.2739601574  -0.0190593074  -0.3801883132  -0.3802113281  -0.0116311159  -0.3801502235  -0.3802213306  -0.0020374774  -0.3802305336  -0.3026746286  -0.0202530305  -0.3802309436  -0.3802487590 
 -0.1803847224  -0.1803785990  -0.1803878801  -0.0130508821  -0.1804981648  -0.1804630141  -0.0014644053  -0.1803773065  -0.1803678958  -0.0001315276  -0.1804332692  -0.1803725448  -0.0220609414  -0.1804029894  -0.1804995643  -0.0140155934  -0.1804979851  -0.1804576119  -0.0017428659  -0.1804710456  -0.1803866522  -0.0232292368  -0.1805093616  -0.1805008994 
 -0.0398948331  -0.0398973347  -0.0398973347  -0.0130508821  -0.0398899561  -0.0398789554  -0.0014622095  -0.0047388153  -0.0399100374  -0.0001315276  -0.0386899589  -0.0386037611  -0.0178757311  -0.0178757311  -0.0398860349  -0.0139209462  -0.0398036810  -0.0398766448  -0.0016360718  -0.0016362548  -0.0399093342  -0.0178692309  -0.0178692309  -0.0398827675 
 -0.5008237734  -0.5008345823  -0.5008483996  -0.0074451904  -0.5003555010  -0.5001636284  -0.0019802320  -0.5009812793  -0.5009883427  -0.0002528286  -0.5009233193  -0.5009797903  -0.0149460955  -0.5009745007  -0.5380951099  -0.0083636085  -0.5006353245  -0.5382928583  -0.0024411907  -0.5008381898  -0.5008452596  -0.0161746628  -0.5380756942  -0.5380069912 
 -0.4163249462  -0.4163249358  -0.4163249358  -0.0076982521  -0.4164035471  -0.4157380037  -0.0019569457  -0.4159774741  -0.3351359960  -0.0002473526  -0.4162867329  -0.4153939623  -0.0152672859  -0.4164314219  -0.4166430837  -0.0086187600  -0.4157908931  -0.4154274458  -0.0024096658  -0.4160114108  -0.3867683150  -0.0164931323  -0.4164311751  -0.4166529917 
 -0.0230545575  -0.0230545575  -0.0552828203  -0.0076982521  -0.0461685834  -0.0583548226  -0.0019569457  -0.0271402505  -0.0273491306  -0.0002473526  -0.0264950008  -0.0155066085  -0.0152672859  -0.0230418242  -0.0231631719  -0.0086187600  -0.0196957342  -0.0414577109  -0.0024096658  -0.0269467646  -0.0273194105  -0.0156554887  -0.0584102702  -0.0584462628 
 -0.3266157311  -0.3266157337  -0.3266171456  -0.0108602586  -0.3255558044  -0.3918503261  -0.0016659830  -0.3266173369  -0.3221357459  -0.0001789303  -0.3266180118  -0.3266115998  -0.0192805621  -0.3266179952  -0.3266152740  -0.0118068791  -0.3266164764  -0.3266142534  -0.0020157612  -0.3266172953  -0.3266157741  -0.0204724109  -0.3266144542  -0.3266158490 
 -0.3356057497  -0.3359066264  -0.2736017316  -0.0085327210  -0.4031876860  -0.4104478463  -0.0018801592  -0.3353268949  -0.2593499767  -0.0002292956  -0.3788960824  -0.3108169562  -0.0163264091  -0.3354514867  -0.3351211318  -0.0094601202  -0.4100373914  -0.4110922492  -0.0023057124  -0.3344971512  -0.2629415556  -0.0175432834  -0.2738236222  -0.2738259564 
 -0.3391168637  -0.3391168652  -0.3390233774  -0.0077996191  -0.3587672036  -0.3582925509  -0.0019476180  -0.3385801652  -0.2826218259  -0.0002451592  -0.3073461105  -0.2867931763  -0.0153959428  -0.3587678405  -0.3588387769  -0.0087209641  -0.3587704081  -0.3588334203  -0.0023970381  -0.3385673116  -0.2809790850  -0.0166206993  -0.3587738610  -0.3587854312 
 -0.0134008088  -0.0133988069  -0.0133988069  -0.0130508821  -0.0133643862  -0.0133748135  -0.0014366416  -0.0028120308  -0.0027463583  -0.0001315276  -0.0016200161  -0.0161824240  -0.0134262771  -0.0134262771  -0.0134163042  -0.0131875135  -0.0131875151  -0.0133680952  -0.0014413923  -0.0014414045  -0.0027466489  -0.0134267919  -0.0134267919  -0.0134197394 
 -0.1377306689  -0.1370187097  -0.1370187083  -0.0086696350  -0.1723859764  -0.1742436636  -0.0018675606  -0.1377307875  -0.1377453916  -0.0002263330  -0.1378028112  -0.1377983453  -0.0165001828  -0.1735342965  -0.1483080325  -0.0095981648  -0.1731716378  -0.1484290915  -0.0022886565  -0.1370210527  -0.1377658475  -0.0177155850  -0.1732028889  -0.1377074304 
 -0.4813160031  -0.4813160023  -0.4813160023  -0.0080312884  -0.5063234955  -0.5062794383  -0.0019263002  -0.5050364441  -0.3494553366  -0.0002401461  -0.4275784918  -0.4161473396  -0.0156899817  -0.5062140286  -0.5074227422  -0.0089545466  -0.5063011886  -0.5063301588  -0.0023681780  -0.5068025029  -0.3557173329  -0.0169122474  -0.5061081216  -0.5074112163 
 -0.5554785567  -0.5554785574  -0.5554795268  -0.0104386729  -0.5569047916  -0.5560892394  -0.0017047766  -0.5548855749  -0.5547976179  -0.0001880529  -0.5569344540  -0.5566080552  -0.0187454778  -0.5545871152  -0.6221656200  -0.0113818118  -0.5569185234  -0.5569070213  -0.0020682799  -0.6224701837  -0.6225488840  -0.0199418595  -0.5566072733  -0.6221019158 
 -0.2808555051  -0.2808555051  -0.2813784536  -0.0076218530  -0.3366500502  -0.3366623942  -0.0019639758  -0.2813603968  -0.3365384616  -0.0002490058  -0.2810831963  -0.2915957416  -0.0151703188  -0.3363042403  -0.3341450348  -0.0085417299  -0.3366852299  -0.3366329886  -0.0024191831  -0.2816566235  -0.2883185265  -0.0163969866  -0.3362994719  -0.3359708583 
 -0.1377306689  -0.1370187097  -0.1370187083  -0.0086696350  -0.1723859764  -0.1742436636  -0.0018675606  -0.1377307875  -0.1377453916  -0.0002263330  -0.1378028112  -0.1377983453  -0.0165001828  -0.1735342965  -0.1483080325  -0.0095981648  -0.1731716378  -0.1484290915  -0.0022886565  -0.1370210527  -0.1377658475  -0.0177155850  -0.1732028889  -0.1377074304 
 -0.0092211044  -0.0092271965  -0.0092271965  -0.0085327210  -0.0100811632  -0.0095888987  -0.0018688000  -0.0069610225  -0.0069651400  -0.0002292956  -0.0078317793  -0.0078298474  -0.0074961921  -0.0098231290  -0.0093181177  -0.0087368726  -0.0087370449  -0.0095882553  -0.0020789238  -0.0063487471  -0.0071152357  -0.0074943855  -0.0089647480  -0.0107638288 
 -0.1659119402  -0.1659119402  -0.1660643633  -0.0075883793  -0.1671563158  -0.1671432750  -0.0019670560  -0.1292178580  -0.1557532465  -0.0002497302  -0.1093497779  -0.1220063408  -0.0151278334  -0.1671492196  -0.1671507631  -0.0085079799  -0.1671465243  -0.1671455221  -0.0024233531  -0.0976609911  -0.0960371130  -0.0163548612  -0.1670633585  -0.1670581883 
 -0.0796705646  -0.0763501130  -0.0763501130  -0.0085327210  -0.1081510630  -0.1081873953  -0.0018801592  -0.0641559928  -0.0744705441  -0.0002292956  -0.0689126664  -0.0696271873  -0.0163264091  -0.1020462098  -0.1019247072  -0.0094601202  -0.0400577047  -0.0934030514  -0.0023057124  -0.0728376088  -0.0744424376  -0.0175432834  -0.1018951331  -0.1019082902 
 -0.1418593083  -0.1034426849  -0.1034426849  -0.0108602586  -0.1417644400  -0.1417814469  -0.0016659830  -0.0908214452  -0.0906698949  -0.0001789303  -0.0962437914  -0.0959554165  -0.0192805621  -0.1418296539  -0.1418125288  -0.0118068791  -0.1419697566  -0.1417500264  -0.0020157612  -0.0908160183  -0.0907524805  -0.0204724109  -0.1417988805  -0.1418619516 
 -0.0551622319  -0.0551622319  -0.0668703707  -0.0112622455  -0.0689782063  -0.0686533201  -0.0016289928  -0.0516199562  -0.0522383707  -0.0001702317  -0.0546880812  -0.0668285931  -0.0197907712  -0.0469633869  -0.0876132429  -0.0122121857  -0.0675641070  -0.0680906774  -0.0019656840  -0.0445066030  -0.0521046998  -0.0203213521  -0.0876132444  -0.0876132405 
 -0.5424936334  -0.5424936338  -0.5424048149  -0.0104386729  -0.6294488918  -0.6294712554  -0.0017047766  -0.6288707617  -0.6065089249  -0.0001880529  -0.5484957641  -0.5409207267  -0.0187454778  -0.6558626129  -0.6562511377  -0.0113818118  -0.6295449373  -0.6288551456  -0.0020682799  -0.6046814162  -0.6054118163  -0.0199418595  -0.6554273989  -0.6559826477 
 -0.0336612949  -0.0336612949  -0.0336302879  -0.0078992455  -0.0334943510  -0.0337977067  -0.0019384506  -0.0286349047  -0.0285495393  -0.0002430034  -0.0225601116  -0.0252057013  -0.0155223905  -0.0536514698  -0.0536526208  -0.0088214133  -0.0340882019  -0.0340121352  -0.0023846272  -0.0282778649  -0.0286395803  -0.0159160217  -0.0536516578  -0.0536523410 
 -0.8175777190  -0.8095473587  -0.8095061863  -0.0074374092  -0.8177095769  -0.8174729715  -0.0019809480  -0.8170103712  -0.8170925018  -0.0002529970  -0.8176769985  -0.8171440097  -0.0149362194  -0.8177820084  -0.8177501874  -0.0083557630  -0.8176150626  -0.8170205869  -0.0024421601  -0.8180745481  -0.8175049063  -0.0161648704  -0.8178170393  -0.8175274666 
 -0.2809833033  -0.2809833033  -0.2810269944  -0.0130508821  -0.2810220235  -0.2810141323  -0.0014644053  -0.2810283952  -0.2809987827  -0.0001315276  -0.2809135953  -0.2810159535  -0.0220609414  -0.2810272799  -0.2810041082  -0.0140155934  -0.2810130336  -0.2810019956  -0.0017428659  -0.2810284557  -0.2810200094  -0.0232292368  -0.2810079743  -0.2810337748 
 -0.3513909279  -0.3514119141  -0.3513909289  -0.0069394352  -0.3443454553  -0.3451724008  -0.0020267708  -0.3517362918  -0.3542881205  -0.0002637726  -0.3539401871  -0.3453129196  -0.0143041818  -0.3358964974  -0.4209268024  -0.0078536766  -0.3518724575  -0.3518016072  -0.0025041948  -0.3484949086  -0.3535011659  -0.0155381870  -0.3448585524  -0.3406519289 
 -0.6851821320  -0.6851821345  -0.6851823788  -0.0106859349  -0.6850557385  -0.6850504291  -0.0016820239  -0.6850735874  -0.6850892742  -0.0001827024  -0.6852005994  -0.6852650017  -0.0190593074  -0.6851137337  -0.6851398374  -0.0116311159  -0.6850781755  -0.6851693701  -0.0020374774  -0.6851969900  -0.6853406689  -0.0202530305  -0.6851389926  -0.6852042058 
 -0.0092087502  -0.0072575947  -0.0072576127  -0.0078992455  -0.0082145912  -0.0082144066  -0.0019034248  -0.0046849806  -0.0047813246  -0.0002430034  -0.0062682110  -0.0062677861  -0.0082144714  -0.0082144714  -0.0082150381  -0.0080419453  -0.0080420050  -0.0082145101  -0.0019111129  -0.0019122520  -0.0047414555  -0.0082146575  -0.0082146575  -0.0082147968 
 -0.8219325030  -0.8219351757  -0.8219351757  -0.0108602586  -0.8985710497  -0.8986010084  -0.0016659830  -0.8957645109  -0.8957832617  -0.0001789303  -0.8957745544  -0.8957733815  -0.0192805621  -0.8986290892  -0.8986493548  -0.0118068791  -0.8986331602  -0.8986656715  -0.0020157612  -0.8957667417  -0.8957872246  -0.0204724109  -0.8986840748  -0.8991477522 
 -0.1203510758  -0.1203576541  -0.1203576513  -0.0099714664  -0.1202840658  -0.1202890535  -0.0017477682  -0.1100622108  -0.1202616578  -0.0001981627  -0.1174166065  -0.1203295367  -0.0181524909  -0.1204002571  -0.1202493827  -0.0109107471  -0.1202978908  -0.1202814046  -0.0021264818  -0.0931462609  -0.1188865895  -0.0193538959  -0.1202728575  -0.1203039284 
 -0.0336475725  -0.0336475725  -0.0334445609  -0.0075972010  -0.0333359810  -0.0330483145  -0.0019662442  -0.0292495496  -0.0291599949  -0.0002495393  -0.0186404375  -0.0185126621  -0.0151390301  -0.0225532228  -0.0225461257  -0.0085168744  -0.0333202952  -0.0330913977  -0.0024222541  -0.0289407284  -0.0292465133  -0.0155268355  -0.0225379382  -0.0225559185 
 -0.1389685330  -0.1047011444  -0.1047011447  -0.0083958070  -0.1614645608  -0.1387456165  -0.0018927578  -0.1045475157  -0.1384206796  -0.0002322583  -0.1046401356  -0.1050793738  -0.0161526354  -0.1618387663  -0.1387397757  -0.0093220755  -0.1613356465  -0.1050176294  -0.0023227684  -0.0967278564  -0.1050592403  -0.0173709817  -0.1391220455  -0.1387359853 
 -0.0533576180  -0.0529083534  -0.0475067041  -0.0076982521  -0.0461685834  -0.0583018750  -0.0019569457  -0.0271402505  -0.0290082140  -0.0002473526  -0.0264950008  -0.0192983932  -0.0152672859  -0.0230418242  -0.0231631719  -0.0086187600  -0.0196957342  -0.0359333891  -0.0024096658  -0.0269467646  -0.0273207108  -0.0156554887  -0.0584102702  -0.0584971166 
 -0.8094708125  -0.8094710259  -0.8094710252  -0.0095128064  -0.8094814134  -0.8094956695  -0.0017899733  -0.8093868893  -0.8102121032  -0.0002080877  -0.8094413657  -0.8093985835  -0.0175703513  -0.8094458593  -0.8096653097  -0.0104482993  -0.8094436386  -0.8094187103  -0.0021836190  -0.8093661903  -0.8098584477  -0.0187766878  -0.8094142793  -0.8099225499 
 -0.8394013420  -0.8394161389  -0.8394161385  -0.0086696350  -0.8387727582  -0.8393478277  -0.0018675606  -0.8394848132  -0.8394307070  -0.0002263330  -0.8394183467  -0.8394497589  -0.0165001828  -0.8394179052  -0.8390917761  -0.0095981648  -0.8393352989  -0.8393361882  -0.0022886565  -0.8394864627  -0.8394354520  -0.0177155850  -0.8394203267  -0.8394438655 
 -0.1034255027  -0.1034255027  -0.1030772392  -0.0062558388  -0.1207106314  -0.1295886417  -0.0020896742  -0.0903890856  -0.0934825331  -0.0002785649  -0.0989699242  -0.1006229112  -0.0134365487  -0.1319841613  -0.1320733411  -0.0071644349  -0.1255953553  -0.1245480236  -0.0025893533  -0.1130178117  -0.1138250113  -0.0146779039  -0.1147743134  -0.1134764565 
 -0.0059614022  -0.0057379233  -0.0057379233  -0.0078992455  -0.0082145912  -0.0082144066  -0.0019034248  -0.0052264862  -0.0052385908  -0.0002430034  -0.0062682112  -0.0062677861  -0.0082144714  -0.0082144714  -0.0082146808  -0.0080419773  -0.0080420356  -0.0082145101  -0.0019111129  -0.0019122520  -0.0052385184  -0.0082147956  -0.0082147956  -0.0082148418 
 -0.0212951862  -0.0212956035  -0.0212956035  -0.0110081732  -0.0145973857  -0.0222439720  -0.0016207619  -0.0060750188  -0.0080898875  -0.0001757295  -0.0021689049  -0.0216398892  -0.0112141216  -0.0112141218  -0.0212866187  -0.0111303644  -0.0111303663  -0.0145973895  -0.0016245820  -0.0016246025  -0.0080766617  -0.0112052101  -0.0112052101  -0.0146489446 
 -0.2227892823  -0.2227892823  -0.2227732972  -0.0108602586  -0.2227819834  -0.2227898269  -0.0016659830  -0.1888981878  -0.1941707787  -0.0001789303  -0.1437497654  -0.1680222682  -0.0192805621  -0.2227510310  -0.2227737131  -0.0118068791  -0.2227938618  -0.2227838767  -0.0020157612  -0.1557075569  -0.1925105476  -0.0204724109  -0.2227927707  -0.2227676259 
 -0.2583275185  -0.2583275184  -0.3161253005  -0.0071307042  -0.3069580404  -0.3058310261  -0.0020091705  -0.2617376760  -0.2947129814  -0.0002596337  -0.3076252166  -0.3003195164  -0.0145469439  -0.3343309880  -0.3043827864  -0.0080465252  -0.3049446432  -0.3044440732  -0.0024803676  -0.2608967697  -0.2954732859  -0.0157788925  -0.3463750867  -0.3065563371 
 -0.8038508161  -0.8038508006  -0.8038508006  -0.0098620594  -0.8030835681  -0.8035922528  -0.0017578356  -0.8052192910  -0.8052207382  -0.0002005302  -0.8038345169  -0.8041696664  -0.0180136296  -0.8052065275  -0.8052595724  -0.0108004366  -0.8041517582  -0.8037164367  -0.0021401111  -0.8052659497  -0.8052380176  -0.0192162109  -0.8052045188  -0.8052198754 
 -0.4935520742  -0.4935520786  -0.4936375188  -0.0130508821  -0.4935289116  -0.4935369781  -0.0014644053  -0.4935937035  -0.4936374719  -0.0001315276  -0.4936259694  -0.4936343888  -0.0220609414  -0.4935978193  -0.4936147602  -0.0140155934  -0.4936104929  -0.4936153842  -0.0017428659  -0.4936339059  -0.4936384644  -0.0232292368  -0.4936082225  -0.4936101957 
 -0.2166531108  -0.2166531108  -0.2166489293  -0.0096909895  -0.2166506180  -0.2166438088  -0.0017735772  -0.2166469105  -0.2166519986  -0.0002042320  -0.2166478951  -0.2166426714  -0.0177965045  -0.2166507980  -0.2166403062  -0.0106279539  -0.2166528064  -0.2166536150  -0.0021614220  -0.2166491105  -0.2166518239  -0.0190009252  -0.2166516106  -0.2166502958 
 -0.2114991031  -0.2114991031  -0.2115017263  -0.0064776711  -0.2114938777  -0.2115002548  -0.0020692616  -0.2088479106  -0.2114899200  -0.0002737647  -0.1732309795  -0.1829781391  -0.0137181023  -0.2114870336  -0.2114956444  -0.0073880991  -0.2115043074  -0.2115016074  -0.0025617187  -0.1607668938  -0.1809915597  -0.0149570723  -0.2114994670  -0.2115003729 
 -0.0071484151  -0.0071452459  -0.0071452459  -0.0106859349  -0.0110071851  -0.0089403945  -0.0016524302  -0.0040926607  -0.0042524210  -0.0001827024  -0.0046662725  -0.0056159864  -0.0108596034  -0.0108596034  -0.0089365036  -0.0108068669  -0.0108068704  -0.0089296549  -0.0016592912  -0.0016593420  -0.0042482411  -0.0108579435  -0.0108579435  -0.0089260775 
 -0.5671515352  -0.5672553958  -0.5671505710  -0.0077568752  -0.5597838519  -0.5597354678  -0.0019515513  -0.5598045988  -0.5598738584  -0.0002460841  -0.5694384206  -0.5696124808  -0.0153416914  -0.4945778132  -0.4935401968  -0.0086778672  -0.5598254224  -0.5597502271  -0.0024023628  -0.5599056523  -0.5618076261  -0.0165669075  -0.5595713622  -0.4936722149 
 -0.5151797546  -0.5151797618  -0.5151797618  -0.0102640463  -0.5150478997  -0.5150369970  -0.0017208454  -0.5151839523  -0.5152051923  -0.0001918316  -0.5150780111  -0.5151307341  -0.0185238387  -0.5150505694  -0.5151894868  -0.0112057432  -0.5150627791  -0.5151501352  -0.0020900339  -0.5151783438  -0.5152123646  -0.0197220979  -0.5150710966  -0.5151754753 
 -0.6793925863  -0.6793925928  -0.6793926241  -0.0101300507  -0.6785487128  -0.6792394456  -0.0017331755  -0.6796063244  -0.6796051466  -0.0001947312  -0.6794067121  -0.6793847973  -0.0183537690  -0.6796418187  -0.6793844404  -0.0110706410  -0.6802622381  -0.6802503408  -0.0021067263  -0.6796187016  -0.6796188610  -0.0195534689  -0.6793590286  -0.6796388811 
 -0.5554785570  -0.5554785563  -0.5554795267  -0.0104386729  -0.5569047878  -0.5560892387  -0.0017047766  -0.5548855750  -0.5547976182  -0.0001880529  -0.5569344540  -0.5566080588  -0.0187454778  -0.5545871114  -0.6221656202  -0.0113818118  -0.5569185238  -0.5569070213  -0.0020682799  -0.6224701846  -0.6225488838  -0.0199418595  -0.5566072738  -0.6221019254 
 -0.0757791898  -0.0757811621  -0.0288581951  -0.0096909895  -0.0288949504  -0.0760759225  -0.0017735772  -0.0429122428  -0.0527655833  -0.0002042320  -0.0168937306  -0.0603147752  -0.0177965045  -0.0760759218  -0.0287534786  -0.0106279539  -0.0455703054  -0.0285900836  -0.0021614220  -0.0429180541  -0.0557125589  -0.0182366906  -0.0286732750  -0.0758537778 
 -0.4111379133  -0.4111379172  -0.4111379172  -0.0080312884  -0.4100191098  -0.4100910904  -0.0019263002  -0.4110969588  -0.4266293988  -0.0002401461  -0.4112121725  -0.4113115653  -0.0156899817  -0.4710276929  -0.4710424435  -0.0089545466  -0.4110821436  -0.4100633911  -0.0023681780  -0.4111067139  -0.3900390481  -0.0169122474  -0.4710384691  -0.4710461074 
 -0.0084132876  -0.0084152339  -0.0084152339  -0.0104386729  -0.0107192652  -0.0151525005  -0.0016769086  -0.0048167510  -0.0064627039  -0.0001880529  -0.0053311561  -0.0056870843  -0.0105938189  -0.0105938189  -0.0151662393  -0.0105700558  -0.0105701635  -0.0086790365  -0.0016882126  -0.0016884864  -0.0064434339  -0.0105930528  -0.0105930528  -0.0151531832 
 -0.5750804584  -0.5750804584  -0.5750634462  -0.0080615589  -0.5051258930  -0.5048195637  -0.0019235148  -0.5752780300  -0.5494171578  -0.0002394911  -0.5751203178  -0.5749896350  -0.0157284015  -0.5750196471  -0.5745555126  -0.0089850670  -0.5052180514  -0.5054913087  -0.0023644071  -0.5752218583  -0.5031251259  -0.0169503417  -0.5750018655  -0.5745431013 
 -0.7180610498  -0.7179284399  -0.7179284399  -0.0078488613  -0.7175273100  -0.6935893511  -0.0019430869  -0.7175651275  -0.6935650743  -0.0002440936  -0.7175618543  -0.6936111732  -0.0154584419  -0.7176096049  -0.6933103127  -0.0087706129  -0.6935524074  -0.6933259789  -0.0023909037  -0.7176619716  -0.6933207573  -0.0166826690  -0.6933205842  -0.6933088333 
 -0.1093515582  -0.1093870268  -0.1093870268  -0.0102640463  -0.1112474044  -0.1112233748  -0.0017208454  -0.0897025377  -0.1093948839  -0.0001918316  -0.0735588413  -0.1011474268  -0.0185238387  -0.1118878641  -0.1112233863  -0.0112057432  -0.1108798717  -0.1099510639  -0.0020900339  -0.0841639079  -0.0928070555  -0.0197220979  -0.1118875624  -0.1112351848 
 -0.0212951862  -0.0212956035  -0.0212956035  -0.0110081732  -0.0145973855  -0.0222439709  -0.0016207619  -0.0060750189  -0.0080898928  -0.0001757295  -0.0021689049  -0.0216398892  -0.0112141216  -0.0112141218  -0.0212866187  -0.0111303644  -0.0111303663  -0.0145973891  -0.0016245820  -0.0016246025  -0.0080766390  -0.0112052101  -0.0112052101  -0.0146489443 
 -0.0421130042  -0.0421130042  -0.0421244065  -0.0079489644  -0.0473091840  -0.0610298024  -0.0019338755  -0.0347531415  -0.0401665125  -0.0002419275  -0.0174649473  -0.0335696648  -0.0155854946  -0.0621396632  -0.0621396714  -0.0088715428  -0.0408335241  -0.0413255826  -0.0023784335  -0.0308622086  -0.0347608968  -0.0159843567  -0.0218452745  -0.0621396880 
 -0.6796931150  -0.6796931156  -0.6797333307  -0.0099714664  -0.6786879642  -0.6794197755  -0.0017477682  -0.6798733418  -0.6786178000  -0.0001981627  -0.6798196546  -0.6786531028  -0.0181524909  -0.6789228178  -0.6787825515  -0.0109107471  -0.6787727700  -0.6788516256  -0.0021264818  -0.6786645099  -0.6785678383  -0.0193538959  -0.6788792925  -0.6788251822 
 -0.2258142188  -0.2258142188  -0.2258118084  -0.0095128064  -0.2258095697  -0.2258137273  -0.0017899733  -0.2258055906  -0.2258016887  -0.0002080877  -0.2258061185  -0.2258157238  -0.0175703513  -0.2258094096  -0.2258162241  -0.0104482993  -0.2258039512  -0.2258151877  -0.0021836190  -0.2258001042  -0.2258155153  -0.0187766878  -0.2258152302  -0.2257458900 
 -0.3752907177  -0.3752907176  -0.3752931453  -0.0104472193  -0.3752930511  -0.3752933599  -0.0017039902  -0.3752911497  -0.3725519317  -0.0001878680  -0.3752914492  -0.3752980617  -0.0187563251  -0.3752957067  -0.3752652042  -0.0113904289  -0.3752946138  -0.3752947191  -0.0020672152  -0.3752907869  -0.3033214292  -0.0199526149  -0.3752982551  -0.3752985296 
 -0.0212951862  -0.0212956035  -0.0212956035  -0.0110081732  -0.0145973876  -0.0222439724  -0.0016207619  -0.0060750200  -0.0080899280  -0.0001757295  -0.0021689065  -0.0216398782  -0.0112141275  -0.0112141276  -0.0212866187  -0.0111303644  -0.0111303663  -0.0145973861  -0.0016245820  -0.0016246025  -0.0080766553  -0.0112052090  -0.0112052090  -0.0146489478 
 -0.0136310014  -0.0140203212  -0.0140203212  -0.0083958070  -0.0234416296  -0.0154376860  -0.0018870541  -0.0123846389  -0.0124188391  -0.0002322583  -0.0161444900  -0.0161430208  -0.0117996350  -0.0117993743  -0.0229411926  -0.0088475523  -0.0153833500  -0.0161411590  -0.0021787803  -0.0144232429  -0.0144388598  -0.0117959218  -0.0117959218  -0.0229272755 
 -0.2001060902  -0.2618141758  -0.2618141758  -0.0108602586  -0.2620316073  -0.2620316073  -0.0016659830  -0.2606843610  -0.2606843610  -0.0001789303  -0.2344987506  -0.2344987506  -0.0192805621  -0.2619810825  -0.2619810825  -0.0118068791  -0.2579846794  -0.2579846794  -0.0020157612  -0.2469235747  -0.2469235747  -0.0204724109  -0.2606675673  -0.2606675673 
 -0.0406225747  -0.0406225747  -0.0406242759  -0.0078372949  -0.0463126849  -0.0510618001  -0.0019441512  -0.0310357988  -0.0313625481  -0.0002443439  -0.0287872491  -0.0335617980  -0.0154437616  -0.0605031721  -0.0217902614  -0.0087589511  -0.0420801286  -0.0386964204  -0.0023923446  -0.0312611578  -0.0313762149  -0.0158407257  -0.0217541810  -0.0605862659 
 -0.1649513975  -0.1649513975  -0.1410229274  -0.0104386729  -0.1866978166  -0.1867108488  -0.0017047766  -0.1411836246  -0.1427136349  -0.0001880529  -0.1149753349  -0.1389875782  -0.0187454778  -0.1868417338  -0.1868242494  -0.0113818118  -0.1868984581  -0.1869169395  -0.0020682799  -0.1297180447  -0.1570825995  -0.0199418595  -0.1872029087  -0.1871382377 
 -0.4197771822  -0.4197771823  -0.4197771823  -0.0075639863  -0.4197715967  -0.4197687869  -0.0019693006  -0.4197639589  -0.3509186944  -0.0002502580  -0.4198085528  -0.4171423117  -0.0150968734  -0.4167966538  -0.4183517095  -0.0084833854  -0.4197708443  -0.4197712459  -0.0024263918  -0.4275353206  -0.3514621957  -0.0163241634  -0.4164423538  -0.4277063015 
 -0.8564607354  -0.8564608712  -0.8564607848  -0.0106859349  -0.8550850624  -0.8550784938  -0.0016820239  -0.8565152739  -0.8565436728  -0.0001827024  -0.8564714580  -0.8564900915  -0.0190593074  -0.8570182049  -0.8569672155  -0.0116311159  -0.8551287625  -0.8551495720  -0.0020374774  -0.8565240013  -0.8565511580  -0.0202530305  -0.8569334436  -0.8568927803 
 -0.0532190746  -0.0532190746  -0.0537640319  -0.0108602586  -0.0637934518  -0.0624705244  -0.0016659830  -0.0504787431  -0.0491233413  -0.0001789303  -0.0185737033  -0.0548864109  -0.0192805621  -0.0816910198  -0.0413625258  -0.0118068791  -0.0623928113  -0.0628003609  -0.0020157612  -0.0417271369  -0.0538256303  -0.0197904644  -0.0818164739  -0.0816954426 
 -0.3072555703  -0.3072555713  -0.3072211825  -0.0077996191  -0.3587672046  -0.3582925523  -0.0019476180  -0.3385784393  -0.2725368467  -0.0002451592  -0.3072138822  -0.2853890849  -0.0153959428  -0.3587678397  -0.3588387829  -0.0087209641  -0.3587704130  -0.3588334160  -0.0023970381  -0.3385697874  -0.2686581407  -0.0166206993  -0.3587738590  -0.3587854252 
 -0.4207257113  -0.4207257113  -0.4207830110  -0.0130508821  -0.4206875368  -0.4206878479  -0.0014644053  -0.4208654718  -0.4206476796  -0.0001315276  -0.4207318884  -0.4207526359  -0.0220609414  -0.4208145570  -0.4205413679  -0.0140155934  -0.4206958408  -0.4206988331  -0.0017428659  -0.4208535983  -0.3810561159  -0.0232292368  -0.4207867202  -0.4208706175 
 -0.1309933330  -0.1309933330  -0.1311602513  -0.0085578452  -0.1754230671  -0.1754188057  -0.0018778473  -0.1071457871  -0.1129278561  -0.0002287520  -0.1271741465  -0.1271106892  -0.0163582971  -0.1573861316  -0.1572987785  -0.0094854518  -0.1610456141  -0.1607720167  -0.0023025826  -0.1067635124  -0.1074629290  -0.0175749013  -0.1575122128  -0.1574943877 
 -0.0095614834  -0.0097177366  -0.0097177366  -0.0073004952  -0.0104868782  -0.0104846897  -0.0019831520  -0.0052610201  -0.0101789331  -0.0002559597  -0.0106073520  -0.0105984302  -0.0072787449  -0.0072787449  -0.0099298917  -0.0075896964  -0.0104927960  -0.0104905105  -0.0020693644  -0.0100453322  -0.0101803669  -0.0072802883  -0.0072802883  -0.0100923055 
 -0.0790374731  -0.0790374729  -0.0790374740  -0.0073004952  -0.0791182192  -0.0793238806  -0.0019935466  -0.0687699102  -0.0790374740  -0.0002559597  -0.0236340226  -0.0236452082  -0.0147624457  -0.0790649071  -0.0792231222  -0.0082177184  -0.0302227367  -0.0683348559  -0.0024592160  -0.0370345452  -0.0397248128  -0.0144085576  -0.0366873859  -0.0790374741 
 -0.3131848701  -0.3131672678  -0.3131672678  -0.0130508821  -0.3162750939  -0.3162750939  -0.0014644053  -0.3131957141  -0.3131957141  -0.0001315276  -0.3132214519  -0.3132214519  -0.0220609414  -0.3135450335  -0.3135450335  -0.0140155934  -0.3162853806  -0.3162853806  -0.0017428659  -0.3132028639  -0.3132028639  -0.0232292368  -0.3135484240  -0.3135484240 
 -0.1818511235  -0.1818511235  -0.1847670356  -0.0104582716  -0.2071805308  -0.2071843346  -0.0017029731  -0.1446908387  -0.1440327784  -0.0001876288  -0.1525566298  -0.1528074856  -0.0187703530  -0.2071645579  -0.2071553340  -0.0114015725  -0.1861938422  -0.1876904063  -0.0020658384  -0.1434814290  -0.1447158336  -0.0199665239  -0.1854855577  -0.2071837409 
 -0.6851821411  -0.6851821343  -0.6851823798  -0.0106859349  -0.6850557391  -0.6850504264  -0.0016820239  -0.6850735876  -0.6850892653  -0.0001827024  -0.6852005974  -0.6852650020  -0.0190593074  -0.6851137335  -0.6851398378  -0.0116311159  -0.6850781753  -0.6851693659  -0.0020374774  -0.6851969859  -0.6853406730  -0.0202530305  -0.6851389928  -0.6852042050 
 -0.2368416643  -0.2372636252  -0.2372636252  -0.0085905877  -0.2975789941  -0.2975789941  -0.0018748344  -0.2221311354  -0.2221311354  -0.0002280435  -0.2312952401  -0.2312952401  -0.0163998545  -0.2370762246  -0.2370762246  -0.0095184647  -0.2999446428  -0.2999446428  -0.0022985037  -0.2294099994  -0.2294099994  -0.0176161066  -0.2459208025  -0.2459208025 
 -0.1120093399  -0.1122673403  -0.1122673403  -0.0101300507  -0.1138370948  -0.1138111675  -0.0017331755  -0.0868965353  -0.1100055727  -0.0001947312  -0.0780107630  -0.1100475130  -0.0183537690  -0.1138365795  -0.1138669144  -0.0110706410  -0.1139067338  -0.1109840540  -0.0021067263  -0.0868844071  -0.1100269605  -0.0195534689  -0.1138333949  -0.1138811977 
 -0.2891308037  -0.2891308009  -0.2734978449  -0.0085327210  -0.3948251187  -0.4071308764  -0.0018801592  -0.2637141907  -0.3013038028  -0.0002292956  -0.3068811909  -0.3097879067  -0.0163264091  -0.2735525828  -0.2740741047  -0.0094601202  -0.3952786519  -0.4077054100  -0.0023057124  -0.2634801476  -0.2598529268  -0.0175432834  -0.2736619289  -0.2741485115 
 -0.2342758799  -0.2342758799  -0.1923816392  -0.0117861250  -0.2374697082  -0.2374581214  -0.0015807862  -0.1493831993  -0.1521364294  -0.0001588955  -0.1538393320  -0.1510256607  -0.0204556887  -0.2374856988  -0.2374749789  -0.0127403916  -0.2374674750  -0.2374479826  -0.0019004220  -0.1493636598  -0.1521020005  -0.0216375826  -0.2374831332  -0.2374586585 
 -0.6854574930  -0.6854574517  -0.6854574519  -0.0075883793  -0.6852969449  -0.6852669849  -0.0019670560  -0.6852167907  -0.6851736453  -0.0002497302  -0.6854269187  -0.6854306533  -0.0151278334  -0.6851788291  -0.6831523024  -0.0085079799  -0.6853211175  -0.6853137115  -0.0024233531  -0.6852618052  -0.6851848301  -0.0163548612  -0.6851833958  -0.6829773984 
 -0.3485767689  -0.3485809380  -0.3485809380  -0.0117861250  -0.3485762138  -0.3485762138  -0.0015807862  -0.2870610855  -0.2870610855  -0.0001588955  -0.3485922293  -0.3485922293  -0.0204556887  -0.3480564482  -0.3480564482  -0.0127403916  -0.2904300160  -0.2904300160  -0.0019004220  -0.2882590608  -0.2882590608  -0.0216375826  -0.3473161909  -0.3473161909 
 -0.0808509221  -0.0808509221  -0.0808546981  -0.0130508821  -0.0808998613  -0.0403147953  -0.0014644053  -0.0697563066  -0.0697246878  -0.0001315276  -0.0733071351  -0.0777280744  -0.0220609414  -0.1006126720  -0.1004392373  -0.0140155934  -0.0729778603  -0.0776409943  -0.0017428659  -0.0697643969  -0.0693484927  -0.0225158162  -0.1003202713  -0.0401933662 
 -0.0130758586  -0.0130755427  -0.0130755427  -0.0086696350  -0.0119114601  -0.0119080925  -0.0018499388  -0.0130762853  -0.0130753935  -0.0002263330  -0.0061823756  -0.0130768103  -0.0089310479  -0.0089310479  -0.0173394312  -0.0091983491  -0.0119111431  -0.0119092121  -0.0018856334  -0.0018887808  -0.0130753775  -0.0089309370  -0.0089309370  -0.0173699375 
 -0.1083824056  -0.1084123010  -0.1084123010  -0.0102640463  -0.1091872705  -0.1111220168  -0.0017208454  -0.0785319515  -0.1009072762  -0.0001918316  -0.0722610852  -0.0958593092  -0.0185238387  -0.1107812923  -0.1111316857  -0.0112057432  -0.1111437478  -0.1036638111  -0.0020900339  -0.0886599321  -0.0958532164  -0.0197220979  -0.1107977844  -0.1111313418 
 -0.6212053146  -0.6212053172  -0.6211956595  -0.0102640463  -0.6075430739  -0.6075157284  -0.0017208454  -0.6210647523  -0.6177994045  -0.0001918316  -0.6212016000  -0.6212118197  -0.0185238387  -0.6074634705  -0.6073931802  -0.0112057432  -0.6072118321  -0.6072349682  -0.0020900339  -0.6212074736  -0.6212060820  -0.0197220979  -0.6070981801  -0.6075205800 
 -0.1290171767  -0.1290171767  -0.1292595125  -0.0085327210  -0.1632106985  -0.1619731213  -0.0018801592  -0.1038493123  -0.1271390650  -0.0002292956  -0.1320280241  -0.1014913874  -0.0163264091  -0.1529044014  -0.1531001984  -0.0094601202  -0.1625360714  -0.1625254322  -0.0023057124  -0.1040248434  -0.1274902353  -0.0175432834  -0.1716160188  -0.1716219750 
 -0.4300225907  -0.4300225917  -0.4300225917  -0.0104386729  -0.5161079467  -0.5158622372  -0.0017047766  -0.4245101712  -0.4258678079  -0.0001880529  -0.4449526929  -0.4447574690  -0.0187454778  -0.5160647845  -0.5158609506  -0.0113818118  -0.5154737379  -0.4836419825  -0.0020682799  -0.4449391767  -0.4445704076  -0.0199418595  -0.4814217283  -0.4839020015 
 -0.8443740670  -0.8432644063  -0.8432644042  -0.0086696350  -0.8443892116  -0.8432525580  -0.0018675606  -0.8432609421  -0.8432598793  -0.0002263330  -0.8432610488  -0.8432684769  -0.0165001828  -0.8432810794  -0.8432660547  -0.0095981648  -0.8432664732  -0.8432612592  -0.0022886565  -0.8432720420  -0.8432722767  -0.0177155850  -0.8432678512  -0.8432739635 
 -0.3441791213  -0.3441791222  -0.3070353638  -0.0077259380  -0.3074387019  -0.3074196579  -0.0019543981  -0.3055452729  -0.3065547556  -0.0002467535  -0.3074488192  -0.3070329836  -0.0153024254  -0.3056438645  -0.3032791592  -0.0086466746  -0.3074266835  -0.3074076929  -0.0024062168  -0.3066960211  -0.3065321382  -0.0165279742  -0.3053157045  -0.3047636095 
 -0.3754936932  -0.3755080729  -0.3755080729  -0.0084748544  -0.5394725225  -0.5397081293  -0.0018854840  -0.4447915893  -0.3695234452  -0.0002305478  -0.3746367158  -0.3740303736  -0.0162529637  -0.4456579421  -0.4447595451  -0.0094017756  -0.5410692862  -0.5414110477  -0.0023129211  -0.4471331355  -0.3744486864  -0.0174704601  -0.4472948427  -0.3692009502 
 -0.1146103927  -0.0912914607  -0.0912914607  -0.0085905877  -0.1134125835  -0.1024424881  -0.0018748344  -0.1141161426  -0.1143744472  -0.0002280435  -0.0901108088  -0.0913070075  -0.0163998545  -0.1333829040  -0.1052243500  -0.0095184647  -0.0993881659  -0.1028372562  -0.0022985037  -0.0976250342  -0.1144229881  -0.0176161066  -0.1022947127  -0.1052080875 
 -0.3869826976  -0.3869826973  -0.3869826973  -0.0076218530  -0.4145964724  -0.4114437428  -0.0019639758  -0.3890538721  -0.3481274861  -0.0002490058  -0.3890002509  -0.4253824107  -0.0151703188  -0.4671406620  -0.4671418125  -0.0085417299  -0.3853400723  -0.3879043577  -0.0024191831  -0.3892601968  -0.3961850068  -0.0163969866  -0.3846856209  -0.4321669855 
 -0.2081212461  -0.2093644574  -0.2093644574  -0.0077661483  -0.2538156328  -0.2538156328  -0.0019506980  -0.2034234902  -0.2034234902  -0.0002458834  -0.2165518050  -0.2165518050  -0.0153534611  -0.2092561424  -0.2092561424  -0.0086872169  -0.2443726392  -0.2443726392  -0.0024012076  -0.2080123559  -0.2080123559  -0.0165785775  -0.2306955967  -0.2306955967 
 -0.5713489443  -0.5713489443  -0.5714320101  -0.0117861250  -0.7394150941  -0.7394146753  -0.0015807862  -0.5753994880  -0.5508777975  -0.0001588955  -0.5802143219  -0.4988084265  -0.0204556887  -0.7395833015  -0.7395859945  -0.0127403916  -0.5668664740  -0.5638555073  -0.0019004220  -0.5672658103  -0.5830329198  -0.0216375826  -0.7007512653  -0.7004617318 
 -0.0532190746  -0.0532190746  -0.0537640314  -0.0108602586  -0.0637934518  -0.0624705244  -0.0016659830  -0.0516896049  -0.0491209474  -0.0001789303  -0.0184894646  -0.0548864109  -0.0192805621  -0.0816910198  -0.0413625258  -0.0118068791  -0.0623928113  -0.0628003609  -0.0020157612  -0.0396200720  -0.0531974573  -0.0197904644  -0.0818164739  -0.0816954426 
 -0.5473408060  -0.5473408323  -0.5473408323  -0.0086696350  -0.5473618371  -0.5473995827  -0.0018675606  -0.5473324539  -0.5472945942  -0.0002263330  -0.5473736579  -0.5473293410  -0.0165001828  -0.5473482276  -0.5473614756  -0.0095981648  -0.5472095700  -0.5472293537  -0.0022886565  -0.5473502901  -0.5473020683  -0.0177155850  -0.5473796326  -0.5471785805 
 -0.6998431056  -0.6998431379  -0.6998431375  -0.0080258160  -0.6998273421  -0.6998191421  -0.0019268038  -0.6998166432  -0.6998290591  -0.0002402645  -0.6998414020  -0.6998145236  -0.0156830360  -0.6998466756  -0.6998613411  -0.0089490290  -0.6998209742  -0.6998227037  -0.0023688597  -0.6998224186  -0.6998271109  -0.0169053605  -0.6998424621  -0.6998606299 
 -0.2319421849  -0.2079701830  -0.2079701830  -0.0066758252  -0.2275963604  -0.2275963604  -0.0020510277  -0.1870092281  -0.1870092281  -0.0002694768  -0.1923586400  -0.1923586400  -0.0139696032  -0.1749039487  -0.1749039487  -0.0075878897  -0.2267423096  -0.2267423096  -0.0025370338  -0.1805446102  -0.1805446102  -0.0152064427  -0.1845781836  -0.1845781836 
 -0.8178262850  -0.8178301932  -0.8178301932  -0.0099343921  -0.8178092068  -0.8177610026  -0.0017511797  -0.8178469706  -0.8178478050  -0.0001989650  -0.8178425506  -0.8178525065  -0.0181054355  -0.8178159132  -0.8177256617  -0.0108733666  -0.8178264806  -0.8177861807  -0.0021311003  -0.8178556316  -0.8178679281  -0.0193072392  -0.8178158072  -0.8172100179 
 -0.1780928071  -0.1780732857  -0.1780690423  -0.0130508821  -0.1780288000  -0.1780474613  -0.0014644053  -0.1780900295  -0.1780853825  -0.0001315276  -0.1780920421  -0.1780736051  -0.0220609414  -0.1779894588  -0.1780519417  -0.0140155934  -0.1780438016  -0.1779802271  -0.0017428659  -0.1780766690  -0.1779980593  -0.0232292368  -0.1780401264  -0.1780071697 
 -0.8129347653  -0.8129765924  -0.8129765923  -0.0130508821  -0.8655911079  -0.8658333118  -0.0014644053  -0.8132476348  -0.8132829806  -0.0001315276  -0.8128814730  -0.8129693479  -0.0220609414  -0.8659497810  -0.8657673404  -0.0140155934  -0.8655803149  -0.8656757562  -0.0017428659  -0.8130750475  -0.8131881298  -0.0232292368  -0.8659469425  -0.8656171564 
 -0.2071675900  -0.2071675900  -0.1990674441  -0.0086696350  -0.2869690608  -0.2869802288  -0.0018675606  -0.1990581025  -0.1988499685  -0.0002263330  -0.1990758763  -0.1990799821  -0.0165001828  -0.2869721849  -0.2869674809  -0.0095981648  -0.2869803901  -0.2869824619  -0.0022886565  -0.1991034727  -0.1988298809  -0.0177155850  -0.2869752221  -0.2869754999 
 -0.2185750864  -0.2187561595  -0.2187561595  -0.0074288521  -0.1814649026  -0.1814649026  -0.0019817354  -0.2109864813  -0.2109864813  -0.0002531822  -0.1814832402  -0.1814832402  -0.0149253586  -0.2284892951  -0.2284892951  -0.0083471352  -0.1817397426  -0.1817397426  -0.0024432261  -0.2110115019  -0.2110115019  -0.0161541016  -0.2053790443  -0.2053790443 
 -0.6985234034  -0.6985234048  -0.6985233064  -0.0130508821  -0.6985370665  -0.6985395368  -0.0014644053  -0.6985023357  -0.6985034129  -0.0001315276  -0.6985685001  -0.6985596672  -0.0220609414  -0.6985149124  -0.6985149646  -0.0140155934  -0.6985737231  -0.6985690317  -0.0017428659  -0.6985493274  -0.6985499421  -0.0232292368  -0.6985575234  -0.6985650514 
 -0.5520895053  -0.5520990482  -0.5520990482  -0.0130508821  -0.6065884713  -0.6497211804  -0.0014644053  -0.5524198650  -0.6063696763  -0.0001315276  -0.5533308240  -0.5528872466  -0.0220609414  -0.6497212864  -0.6497243795  -0.0140155934  -0.5529042503  -0.6064376567  -0.0017428659  -0.5533163177  -0.6150793330  -0.0232292368  -0.6063904151  -0.6497131867 
 -0.1547690460  -0.1547690460  -0.1710689249  -0.0102640463  -0.1661381617  -0.1661481273  -0.0017208454  -0.1349151883  -0.1544504661  -0.0001918316  -0.1405999087  -0.1410274143  -0.0185238387  -0.1798341916  -0.1727164456  -0.0112057432  -0.1663844498  -0.1662316845  -0.0020900339  -0.1411031342  -0.1399823379  -0.0197220979  -0.1761869652  -0.1761948877 
 -0.0084132875  -0.0084152338  -0.0084152338  -0.0104386729  -0.0107192652  -0.0151525018  -0.0016769086  -0.0048167510  -0.0064627039  -0.0001880529  -0.0053311442  -0.0056870877  -0.0105938359  -0.0105938360  -0.0151662343  -0.0105700558  -0.0105701635  -0.0086790378  -0.0016882126  -0.0016884864  -0.0064434338  -0.0105930413  -0.0105930413  -0.0151531828 
 -0.3082340687  -0.3082340724  -0.3065853710  -0.0078992455  -0.3079853726  -0.3080320547  -0.0019384506  -0.3080224280  -0.2896267598  -0.0002430034  -0.3082237605  -0.2204066422  -0.0155223905  -0.3076299939  -0.3078863619  -0.0088214133  -0.3079809352  -0.3082521839  -0.0023846272  -0.3080106515  -0.2584737459  -0.0167460758  -0.3077012475  -0.3371035183 
 -0.0111940946  -0.0111959350  -0.0111959350  -0.0104582716  -0.0117584228  -0.0117389235  -0.0016979828  -0.0081528669  -0.0092797976  -0.0001876288  -0.0073012492  -0.0072865171  -0.0094670769  -0.0120848375  -0.0125992349  -0.0103446495  -0.0103446689  -0.0117396663  -0.0018104544  -0.0080610904  -0.0099548404  -0.0094670738  -0.0120829355  -0.0126010435 
 -0.2163096603  -0.2010138626  -0.2010138626  -0.0073218088  -0.2000429172  -0.2000429172  -0.0019915854  -0.1739828474  -0.1739828474  -0.0002554985  -0.1710384899  -0.1710384899  -0.0147894973  -0.1893314210  -0.1893314210  -0.0082392080  -0.2018938940  -0.2018938940  -0.0024565609  -0.1978697826  -0.1978697826  -0.0160193912  -0.1925757144  -0.1925757144 
 -0.0133238440  -0.0133245149  -0.0133245149  -0.0072043047  -0.0091460534  -0.0086213777  -0.0019936937  -0.0072648417  -0.0078490549  -0.0002580411  -0.0133189034  -0.0133171636  -0.0062411348  -0.0089032148  -0.0097444394  -0.0073759372  -0.0073769103  -0.0133033246  -0.0021353968  -0.0066962331  -0.0132964732  -0.0062406961  -0.0089530387  -0.0097823095 
 -0.3866789222  -0.3867365588  -0.3867365588  -0.0130508821  -0.3865773257  -0.3865773257  -0.0014644053  -0.3867585357  -0.3867585357  -0.0001315276  -0.3867470647  -0.3867470647  -0.0220609414  -0.3866709837  -0.3866709837  -0.0140155934  -0.3865759075  -0.3865759075  -0.0017428659  -0.3867451828  -0.3867451828  -0.0232292368  -0.3866726110  -0.3866726110 
 -0.5437574574  -0.5437601630  -0.5437601630  -0.0086696350  -0.5434199202  -0.5916090087  -0.0018675606  -0.5437018919  -0.5438881196  -0.0002263330  -0.5437166333  -0.5436465905  -0.0165001828  -0.5437287630  -0.5433650448  -0.0095981648  -0.5437791738  -0.5916147071  -0.0022886565  -0.5436958135  -0.5438852634  -0.0177155850  -0.5436821104  -0.5437569743 
 -0.7270828474  -0.7270828474  -0.7270845764  -0.0130508821  -0.7292087565  -0.7292521471  -0.0014644053  -0.7260205750  -0.7278959033  -0.0001315276  -0.7232919709  -0.7256049427  -0.0220609414  -0.7292575349  -0.7917525363  -0.0140155934  -0.7279305151  -0.7291959287  -0.0017428659  -0.7232566781  -0.7221337603  -0.0232292368  -0.7292148828  -0.7917610178 
 -0.3651453592  -0.3651455522  -0.3651455522  -0.0078677670  -0.4372702714  -0.5316358899  -0.0019413472  -0.3646654517  -0.4713449859  -0.0002436845  -0.3647771065  -0.4738539130  -0.0154824373  -0.4473313459  -0.4472233194  -0.0087896748  -0.5301773534  -0.5330901565  -0.0023885486  -0.3805905323  -0.4578782635  -0.0167064612  -0.4733208033  -0.4681559166 
 -0.6896502641  -0.6896502659  -0.6896502656  -0.0076982521  -0.6896543892  -0.6896526710  -0.0019569457  -0.6896476509  -0.6896470718  -0.0002473526  -0.6896505960  -0.6896484297  -0.0152672859  -0.6896520048  -0.6896729644  -0.0086187600  -0.6896571550  -0.6896552193  -0.0024096658  -0.6896498694  -0.6896525030  -0.0164931323  -0.6896542450  -0.6896532167 
 -0.8443740670  -0.8432644063  -0.8432644042  -0.0086696350  -0.8443892116  -0.8432525580  -0.0018675606  -0.8432609421  -0.8432598793  -0.0002263330  -0.8432610488  -0.8432684769  -0.0165001828  -0.8432810794  -0.8432660547  -0.0095981648  -0.8432664732  -0.8432612592  -0.0022886565  -0.8432720420  -0.8432722767  -0.0177155850  -0.8432678512  -0.8432739635 
 -0.2130171687  -0.2481436596  -0.2481436596  -0.0075883793  -0.2010260338  -0.2010260338  -0.0019670560  -0.1849587708  -0.1849587708  -0.0002497302  -0.1864362453  -0.1864362453  -0.0151278334  -0.2482055766  -0.2482055766  -0.0085079799  -0.2010559193  -0.2010559193  -0.0024233531  -0.1775120685  -0.1775120685  -0.0163548612  -0.2482387131  -0.2482387131 
 -0.2543162366  -0.2525344699  -0.2525344699  -0.0075639863  -0.2576988133  -0.2576988133  -0.0019693006  -0.2529124837  -0.2529124837  -0.0002502580  -0.2062783415  -0.2062783415  -0.0150968734  -0.2603689633  -0.2603689633  -0.0084833854  -0.2538002020  -0.2538002020  -0.0024263918  -0.2063352314  -0.2063352314  -0.0163241634  -0.2537439211  -0.2537439211 
 -0.2616248447  -0.2610501306  -0.2610501306  -0.0073004952  -0.2615928056  -0.2615928056  -0.0019935466  -0.2605208377  -0.2605208377  -0.0002559597  -0.2612269738  -0.2612269738  -0.0147624457  -0.2600547957  -0.2600547957  -0.0082177184  -0.2607309262  -0.2607309262  -0.0024592160  -0.2484371114  -0.2484371114  -0.0159925688  -0.2605767804  -0.2605767804 
 -0.8056449034  -0.8056449077  -0.8056449042  -0.0102640463  -0.8536861746  -0.8536810372  -0.0017208454  -0.8060462582  -0.8058179032  -0.0001918316  -0.8055779122  -0.8051878853  -0.0185238387  -0.8537269235  -0.8537792659  -0.0112057432  -0.8537411451  -0.8537580955  -0.0020900339  -0.8059775641  -0.8059239071  -0.0197220979  -0.8537550609  -0.8538585005 
 -0.0431752978  -0.0431752978  -0.0431761281  -0.0106859349  -0.0515139608  -0.0538946770  -0.0016820239  -0.0321039074  -0.0417598097  -0.0001827024  -0.0432110209  -0.0520075513  -0.0190593074  -0.0533111642  -0.0520532524  -0.0116311159  -0.0539014037  -0.0539000191  -0.0020374774  -0.0295191028  -0.0417847386  -0.0195173559  -0.0520453141  -0.0516085681 
 -0.0134309882  -0.0122005975  -0.0122005975  -0.0130508821  -0.0133660391  -0.0133700478  -0.0014364994  -0.0015993916  -0.0060990796  -0.0001315276  -0.0018837697  -0.0121999939  -0.0134297387  -0.0134297387  -0.0134166920  -0.0131875095  -0.0131875110  -0.0133622649  -0.0014412763  -0.0014412881  -0.0060989698  -0.0134297188  -0.0134297188  -0.0134210895 
 -0.1022901439  -0.1000401643  -0.1005140424  -0.0130508821  -0.1213782708  -0.1213664821  -0.0014644053  -0.0960135511  -0.1204699016  -0.0001315276  -0.1022170057  -0.1022353254  -0.0220609414  -0.1197915485  -0.1214278318  -0.0140155934  -0.1214317956  -0.1263126967  -0.0017428659  -0.0951384885  -0.1170067393  -0.0232292368  -0.1214693271  -0.1214379946 
 -0.2678518124  -0.2678625050  -0.2678625050  -0.0108602586  -0.2678564920  -0.2678564920  -0.0016659830  -0.2678558302  -0.2678558302  -0.0001789303  -0.2504787940  -0.2504787940  -0.0192805621  -0.2678567538  -0.2678567538  -0.0118068791  -0.2609215923  -0.2609215923  -0.0020157612  -0.2503117985  -0.2503117985  -0.0204724109  -0.2678567807  -0.2678567807 
 -0.0100105192  -0.0100109941  -0.0100109941  -0.0086936279  -0.0117697543  -0.0180774010  -0.0018477961  -0.0077503592  -0.0077467356  -0.0002258138  -0.0115054562  -0.0115041161  -0.0091633375  -0.0175087919  -0.0134658804  -0.0091048381  -0.0139831794  -0.0117701667  -0.0019432513  -0.0081342639  -0.0103194395  -0.0091638451  -0.0175087623  -0.0175082968 
 -0.1150375325  -0.1150522614  -0.1150522614  -0.0077996191  -0.1151377085  -0.1146848341  -0.0019476180  -0.0947298561  -0.1147189180  -0.0002451592  -0.0647819783  -0.0964296461  -0.0153959428  -0.1150768153  -0.1148945368  -0.0087209641  -0.1151345977  -0.1151437190  -0.0023970381  -0.0756657568  -0.1059728849  -0.0166206993  -0.1151110168  -0.1148924448 
 -0.1928518558  -0.1928518558  -0.1928541331  -0.0080312884  -0.1928523099  -0.1928492918  -0.0019263002  -0.1915182372  -0.1928558971  -0.0002401461  -0.1267062673  -0.1915636988  -0.0156899817  -0.1928450475  -0.1928534320  -0.0089545466  -0.1928472942  -0.1928494053  -0.0023681780  -0.1915090906  -0.1928559268  -0.0169122474  -0.1928471228  -0.1928471789 
 -0.5554785570  -0.5554785587  -0.5554795264  -0.0104386729  -0.5569047921  -0.5560892394  -0.0017047766  -0.5548855711  -0.5547976174  -0.0001880529  -0.5569344542  -0.5566080590  -0.0187454778  -0.5545871163  -0.6221656190  -0.0113818118  -0.5569185236  -0.5569070200  -0.0020682799  -0.6224701861  -0.6225488865  -0.0199418595  -0.5566072737  -0.6221019207 
 -0.1052878961  -0.1052309210  -0.1052309210  -0.0078372949  -0.1060342089  -0.1061105919  -0.0019441512  -0.0626238653  -0.0677670836  -0.0002443439  -0.0618345999  -0.0598272822  -0.0154437616  -0.1060542939  -0.1060207936  -0.0087589511  -0.1061785259  -0.1061905834  -0.0023923446  -0.0547512143  -0.0672875581  -0.0166681131  -0.1060035479  -0.1060362570 
 -0.0394341938  -0.0394341938  -0.0394354162  -0.0102640463  -0.0431675541  -0.0284075093  -0.0017208454  -0.0428846482  -0.0437057775  -0.0001918316  -0.0212596952  -0.0394278566  -0.0185238387  -0.0285383199  -0.0648099633  -0.0112057432  -0.0428761736  -0.0415491274  -0.0020900339  -0.0372636360  -0.0447548819  -0.0189714907  -0.0491231144  -0.0648099461 
 -0.1832231326  -0.1832231326  -0.1832195717  -0.0096569038  -0.1778524016  -0.1780277415  -0.0017767137  -0.1684160854  -0.1833718428  -0.0002049695  -0.1973987920  -0.1832208823  -0.0177532423  -0.1833821691  -0.1833814049  -0.0105935867  -0.1970001935  -0.1780269583  -0.0021656682  -0.1832142034  -0.1831625119  -0.0189580295  -0.1833798972  -0.1833780870 
 -0.0451142316  -0.0451142316  -0.0454217094  -0.0080312884  -0.0654476928  -0.0665840198  -0.0019263002  -0.0402008497  -0.0401938904  -0.0002401461  -0.0198341675  -0.0408047632  -0.0156899817  -0.0665440376  -0.0239571686  -0.0089545466  -0.0486099164  -0.0666353015  -0.0023681780  -0.0402018625  -0.0402022221  -0.0160912975  -0.0238846399  -0.0665421074 
 -0.0803524058  -0.0803524058  -0.0803552669  -0.0117861250  -0.0801297856  -0.0773053415  -0.0015807862  -0.0766871562  -0.0649124844  -0.0001588955  -0.0622361186  -0.0803004746  -0.0204556887  -0.0947572642  -0.0544088917  -0.0127403916  -0.0790082572  -0.0790058092  -0.0019004220  -0.0633020458  -0.0766637945  -0.0210044975  -0.0544088956  -0.0544469785 
 -0.0318591504  -0.0318591504  -0.0318591504  -0.0077996191  -0.0676762710  -0.0318591504  -0.0019476180  -0.0382778977  -0.0382555917  -0.0002451592  -0.0215665373  -0.0252348185  -0.0153959428  -0.0316471222  -0.0679142155  -0.0087209641  -0.0554231156  -0.0678417265  -0.0023970381  -0.0382746658  -0.0382794978  -0.0157907440  -0.0317624683  -0.0676714640 
 -0.3255385627  -0.3255385629  -0.3258928054  -0.0097072945  -0.3905525002  -0.3905331266  -0.0017720768  -0.3258806538  -0.3258938020  -0.0002038791  -0.3255511839  -0.3254448250  -0.0178171992  -0.3258682721  -0.3258748265  -0.0106443936  -0.3258883905  -0.3258864864  -0.0021593908  -0.3258893590  -0.3258843919  -0.0190214445  -0.3258899569  -0.3258906746 
 -0.1204223519  -0.1204751605  -0.1204751605  -0.0080312884  -0.1203031050  -0.1193115024  -0.0019263002  -0.1087646203  -0.1202290436  -0.0002401461  -0.0882595771  -0.1184828263  -0.0156899817  -0.1203886682  -0.1204030872  -0.0089545466  -0.1204641307  -0.1204723533  -0.0023681780  -0.0992602390  -0.1204723190  -0.0169122474  -0.1204667375  -0.1204618733 
 -0.3830986278  -0.3830986282  -0.3238439869  -0.0104582716  -0.3241506539  -0.3238134976  -0.0017029731  -0.3831066819  -0.3238612730  -0.0001876288  -0.3241480820  -0.3239498476  -0.0187703530  -0.3241486916  -0.3238175180  -0.0114015725  -0.3238198192  -0.3190067698  -0.0020658384  -0.3241510627  -0.3240163431  -0.0199665239  -0.3241509067  -0.3241482524 
 -0.5993884762  -0.5993884762  -0.5993884629  -0.0086936279  -0.5993875782  -0.5993876425  -0.0018653528  -0.5993877773  -0.5993869934  -0.0002258138  -0.5993881689  -0.5993878071  -0.0165306350  -0.5993876644  -0.5993977496  -0.0096223558  -0.5993887931  -0.5993874571  -0.0022856676  -0.5993867927  -0.5993879743  -0.0177457792  -0.5993884982  -0.5993903769 
 -0.2918822726  -0.2919226448  -0.2919226448  -0.0094306154  -0.2974287333  -0.2974287333  -0.0017975364  -0.2895536701  -0.2895536701  -0.0002098662  -0.2548009507  -0.2548009507  -0.0174660329  -0.2919248204  -0.2919248204  -0.0103654295  -0.2974265009  -0.2974265009  -0.0021938579  -0.2919460558  -0.2919460558  -0.0186732531  -0.2974119415  -0.2974119415 
 -0.7177134183  -0.7177134181  -0.7177134183  -0.0078559903  -0.8560064224  -0.8560608914  -0.0019424309  -0.7175584883  -0.7901155956  -0.0002439393  -0.7177259760  -0.7177220604  -0.0154674902  -0.7898617300  -0.7897577066  -0.0087778009  -0.8560162899  -0.8561116258  -0.0023900156  -0.7175645887  -0.7900240959  -0.0166916406  -0.7177404252  -0.7897745300 
 -0.3971891879  -0.3971891879  -0.3972742664  -0.0130508821  -0.3973317016  -0.3972758635  -0.0014644053  -0.3973282056  -0.3973703720  -0.0001315276  -0.3972129271  -0.3969718921  -0.0220609414  -0.3973143350  -0.3973245640  -0.0140155934  -0.3973780835  -0.3973683436  -0.0017428659  -0.3973036114  -0.3973514986  -0.0232292368  -0.3972960414  -0.3972985263 
 -0.3919159291  -0.3919159272  -0.3189360675  -0.0112622455  -0.3919217835  -0.3918698766  -0.0016289928  -0.3195172769  -0.3908300403  -0.0001702317  -0.3088433351  -0.3204453027  -0.0197907712  -0.3906872516  -0.3909061279  -0.0122121857  -0.3197072099  -0.3195601600  -0.0019656840  -0.3197118873  -0.3094944111  -0.0209782979  -0.3195115967  -0.3195169303 
 -0.0104780781  -0.0105354074  -0.0105354074  -0.0108602586  -0.0186918035  -0.0185337843  -0.0016608541  -0.0069808173  -0.0079740997  -0.0001789303  -0.0064843724  -0.0068262557  -0.0095159691  -0.0105306151  -0.0100717064  -0.0108502292  -0.0108503023  -0.0185477198  -0.0017983466  -0.0069750616  -0.0084916082  -0.0129031978  -0.0185264940  -0.0185537907 
 -0.2342758799  -0.2342758799  -0.1923816392  -0.0117861250  -0.2374697082  -0.2374581214  -0.0015807862  -0.1493831993  -0.1521364294  -0.0001588955  -0.1538393320  -0.1510256607  -0.0204556887  -0.2374856988  -0.2374749789  -0.0127403916  -0.2374674750  -0.2374479826  -0.0019004220  -0.1493636598  -0.1521020005  -0.0216375826  -0.2374831332  -0.2374586585 
 -0.2692090657  -0.2251966273  -0.2251966273  -0.0077996191  -0.2248370180  -0.2248370180  -0.0019476180  -0.2257748245  -0.2257748245  -0.0002451592  -0.1751823845  -0.1751823845  -0.0153959428  -0.2261109548  -0.2261109548  -0.0087209641  -0.2248502869  -0.2248502869  -0.0023970381  -0.2259447614  -0.2259447614  -0.0166206993  -0.2262748405  -0.2262748405 
 -0.1262340666  -0.1262340666  -0.1259509398  -0.0062051835  -0.1420332571  -0.1422146451  -0.0020943354  -0.1262427762  -0.1263235482  -0.0002796610  -0.1262762072  -0.1263128585  -0.0133722560  -0.1911788047  -0.1910297804  -0.0071133612  -0.1956543936  -0.1422046555  -0.0025956637  -0.1263247120  -0.1246482674  -0.0146141558  -0.1912286611  -0.1912281751 
 -0.3754936932  -0.3755080729  -0.3755080729  -0.0084748544  -0.5394725225  -0.5397081293  -0.0018854840  -0.4447915893  -0.3695234452  -0.0002305478  -0.3746367158  -0.3740303736  -0.0162529637  -0.4456579421  -0.4447595451  -0.0094017756  -0.5410692862  -0.5414110477  -0.0023129211  -0.4471331355  -0.3744486864  -0.0174704601  -0.4472948427  -0.3692009502 
 -0.0095303620  -0.0094858859  -0.0094858859  -0.0085075968  -0.0084392320  -0.0138681214  -0.0018721021  -0.0071624201  -0.0071629786  -0.0002298393  -0.0095782403  -0.0095763657  -0.0098246073  -0.0086578835  -0.0089786706  -0.0087134483  -0.0087140489  -0.0083238472  -0.0020859999  -0.0070236670  -0.0070422016  -0.0071500242  -0.0086579723  -0.0089780605 
 -0.3223867930  -0.3223867900  -0.3212540775  -0.0080909430  -0.3202589724  -0.3865493207  -0.0019208109  -0.3149369883  -0.3210840535  -0.0002388552  -0.3224420406  -0.3197679972  -0.0157656963  -0.3037911838  -0.3036166927  -0.0090146938  -0.3210644076  -0.3207804169  -0.0023607466  -0.3212591450  -0.3217402768  -0.0169873206  -0.3196982744  -0.3202909968 
 -0.5437574574  -0.5437601630  -0.5437601630  -0.0086696350  -0.5434199202  -0.5916090087  -0.0018675606  -0.5437018919  -0.5438881196  -0.0002263330  -0.5437166333  -0.5436465905  -0.0165001828  -0.5437287630  -0.5433650448  -0.0095981648  -0.5437791738  -0.5916147071  -0.0022886565  -0.5436958135  -0.5438852634  -0.0177155850  -0.5436821104  -0.5437569743 
 -0.1871429322  -0.1871429322  -0.1871142499  -0.0080312884  -0.1871520861  -0.1871537472  -0.0019263002  -0.1871120853  -0.1871334277  -0.0002401461  -0.1664624659  -0.1871311364  -0.0156899817  -0.1871514637  -0.1871502757  -0.0089545466  -0.1871533505  -0.1871537583  -0.0023681780  -0.1853783741  -0.1871271286  -0.0169122474  -0.1871500341  -0.1871493516 
 -0.2166531108  -0.2166531108  -0.2166489293  -0.0096909895  -0.2166506180  -0.2166438088  -0.0017735772  -0.2166469105  -0.2166519986  -0.0002042320  -0.2166478951  -0.2166426714  -0.0177965045  -0.2166507980  -0.2166403062  -0.0106279539  -0.2166528064  -0.2166536150  -0.0021614220  -0.2166491105  -0.2166518239  -0.0190009252  -0.2166516106  -0.2166502958 
 -0.0336599437  -0.0336599442  -0.0336769952  -0.0094306154  -0.0337055917  -0.0336215089  -0.0017975364  -0.0626979166  -0.0769576352  -0.0002098662  -0.0309072764  -0.0337273549  -0.0174660329  -0.0770543612  -0.0770550368  -0.0103654295  -0.0713297767  -0.0770548335  -0.0021938579  -0.0496203806  -0.0337837106  -0.0178940765  -0.0336180464  -0.0768712650 
 -0.2624818523  -0.2629482531  -0.2629482531  -0.0104472193  -0.2663371408  -0.2663371408  -0.0017039902  -0.1914554780  -0.1914554780  -0.0001878680  -0.2269358633  -0.2269358633  -0.0187563251  -0.2663537012  -0.2663537012  -0.0113904289  -0.2663108950  -0.2663108950  -0.0020672152  -0.1915552810  -0.1915552810  -0.0199526149  -0.2662943363  -0.2662943363 
 -0.7032662015  -0.7032662015  -0.7032631656  -0.0130508821  -0.7411931742  -0.7411928145  -0.0014644053  -0.7032401944  -0.7032522646  -0.0001315276  -0.7032203954  -0.7032483581  -0.0220609414  -0.7411971465  -0.7411920981  -0.0140155934  -0.7411914903  -0.7411932802  -0.0017428659  -0.7032577149  -0.7032640290  -0.0232292368  -0.7411896649  -0.7411941564 
 -0.0585109792  -0.0585109791  -0.0569025370  -0.0076982521  -0.0465076463  -0.0585108856  -0.0019569457  -0.0271402505  -0.0273224676  -0.0002473526  -0.0264950004  -0.0287647567  -0.0152672859  -0.0585108865  -0.0585108866  -0.0086187600  -0.0355220512  -0.0359333891  -0.0024096658  -0.0269467646  -0.0273207108  -0.0156554887  -0.0230418241  -0.0230449427 
 -0.8160171298  -0.8160113802  -0.8160113777  -0.0108602586  -0.8159969417  -0.8159777634  -0.0016659830  -0.8159551658  -0.8159361111  -0.0001789303  -0.8159973195  -0.8159841090  -0.0192805621  -0.8159629650  -0.8160936538  -0.0118068791  -0.8159927300  -0.8160722903  -0.0020157612  -0.8160134701  -0.8159340744  -0.0204724109  -0.8160814120  -0.8161548906 
 -0.3981319398  -0.3977320064  -0.3977320064  -0.0062051835  -0.3975406328  -0.3925036627  -0.0020943354  -0.2995325412  -0.4249077189  -0.0002796610  -0.2993836390  -0.3546387430  -0.0133722560  -0.3975862999  -0.3980227970  -0.0071133612  -0.3974473358  -0.3924211328  -0.0025956637  -0.2995773529  -0.3850619665  -0.0146141558  -0.3980637117  -0.3978378576 
 -0.6994532286  -0.6994537638  -0.6994537541  -0.0077311337  -0.6991885757  -0.6991796258  -0.0019539200  -0.6991066738  -0.6990993580  -0.0002466411  -0.6991556786  -0.6992013143  -0.0153090199  -0.6991170122  -0.6991191837  -0.0086519131  -0.6991849676  -0.6991807956  -0.0024055696  -0.6991657618  -0.6991663795  -0.0165345128  -0.6991420568  -0.6991076813 
 -0.4184665260  -0.4184665171  -0.4184665171  -0.0078559903  -0.4186280304  -0.4186240292  -0.0019424309  -0.4192142287  -0.3399694306  -0.0002439393  -0.4185017668  -0.4203094880  -0.0154674902  -0.4192102441  -0.4192085572  -0.0087778009  -0.4186284543  -0.4186364780  -0.0023900156  -0.4192219231  -0.3867732482  -0.0166916406  -0.4192120246  -0.4192095742 
 -0.2440107866  -0.2791283118  -0.2791283118  -0.0101300507  -0.2744083698  -0.2744083698  -0.0017331755  -0.2178798047  -0.2178798047  -0.0001947312  -0.2782651298  -0.2782651298  -0.0183537690  -0.2743840761  -0.2743840761  -0.0110706410  -0.2744179366  -0.2744179366  -0.0021067263  -0.2784930822  -0.2784930822  -0.0195534689  -0.2743831645  -0.2743831645 
 -0.2440107866  -0.2791283118  -0.2791283118  -0.0101300507  -0.2744083698  -0.2744083698  -0.0017331755  -0.2178798047  -0.2178798047  -0.0001947312  -0.2782651298  -0.2782651298  -0.0183537690  -0.2743840761  -0.2743840761  -0.0110706410  -0.2744179367  -0.2744179367  -0.0021067263  -0.2784930823  -0.2784930823  -0.0195534689  -0.2743831645  -0.2743831645 
 -0.0194534407  -0.0297702065  -0.0195221502  -0.0117861250  -0.0289733639  -0.0194534411  -0.0015754247  -0.0043052727  -0.0051160179  -0.0001588955  -0.0061899618  -0.0289944806  -0.0145588344  -0.0145588350  -0.0195221498  -0.0121563493  -0.0121601338  -0.0296610520  -0.0017026256  -0.0017044751  -0.0045791344  -0.0145575537  -0.0145575743  -0.0296610521 
 -0.2748936899  -0.2748936897  -0.2865660139  -0.0085327210  -0.4068750794  -0.4076872485  -0.0018801592  -0.2787768907  -0.2538643235  -0.0002292956  -0.2927331469  -0.2876601983  -0.0163264091  -0.2735525826  -0.2740741049  -0.0094601202  -0.4079832460  -0.4078195881  -0.0023057124  -0.2781872844  -0.2550907775  -0.0175432834  -0.2736619291  -0.2741485118 
 -0.3131848701  -0.3131672678  -0.3131672678  -0.0130508821  -0.3162750939  -0.3162750939  -0.0014644053  -0.3131957141  -0.3131957141  -0.0001315276  -0.3132214519  -0.3132214519  -0.0220609414  -0.3135450335  -0.3135450335  -0.0140155934  -0.3162853806  -0.3162853806  -0.0017428659  -0.3132028639  -0.3132028639  -0.0232292368  -0.3135484240  -0.3135484240 
 -0.0312849437  -0.0312849437  -0.0736167105  -0.0098620594  -0.0734711378  -0.0736167106  -0.0017578356  -0.0550600038  -0.0734130161  -0.0002005302  -0.0354998112  -0.0735579533  -0.0180136296  -0.0736167106  -0.0736167104  -0.0108004366  -0.0513027353  -0.0310726024  -0.0021401111  -0.0486683786  -0.0674541612  -0.0184482978  -0.0311157091  -0.0735006794 
 -0.7016656458  -0.7016656458  -0.7016515380  -0.0086696350  -0.7016279883  -0.7035649472  -0.0018675606  -0.7017018354  -0.7017249894  -0.0002263330  -0.7017165035  -0.7008185778  -0.0165001828  -0.7016266853  -0.7035608434  -0.0095981648  -0.7017189874  -0.7006794804  -0.0022886565  -0.7005364288  -0.7007032566  -0.0177155850  -0.7017199639  -0.7016468701 
 -0.0580333135  -0.0580618504  -0.0256992491  -0.0076218530  -0.0641303330  -0.0639855636  -0.0019639758  -0.0318906501  -0.0441066600  -0.0002490058  -0.0196347698  -0.0223627584  -0.0151703188  -0.0253807471  -0.0641923214  -0.0085417299  -0.0492958897  -0.0639647783  -0.0024191831  -0.0313952484  -0.0318906530  -0.0155578172  -0.0641923160  -0.0639647783 
 -0.3878488784  -0.3878590644  -0.3878590644  -0.0130508821  -0.3879025915  -0.3879025915  -0.0014644053  -0.3878668929  -0.3878668929  -0.0001315276  -0.3879203323  -0.3879203323  -0.0220609414  -0.3879292951  -0.3879292951  -0.0140155934  -0.3878491373  -0.3878491373  -0.0017428659  -0.3879268820  -0.3879268820  -0.0232292368  -0.3878667717  -0.3878667717 
 -0.3607634458  -0.3608316089  -0.3608316089  -0.0130508821  -0.4049766248  -0.4049766248  -0.0014644053  -0.3930888359  -0.3930888359  -0.0001315276  -0.3606444127  -0.3606444127  -0.0220609414  -0.3853498972  -0.3853498972  -0.0140155934  -0.4050273371  -0.4050273371  -0.0017428659  -0.3606818369  -0.3606818369  -0.0232292368  -0.4050456399  -0.4050456399 
 -0.1101105589  -0.1090256612  -0.1090256615  -0.0099343921  -0.1215625968  -0.1167092281  -0.0017511797  -0.1090648852  -0.1105631810  -0.0001989650  -0.1079738564  -0.1096950919  -0.0181054355  -0.1160915021  -0.1166366513  -0.0108733666  -0.0382463119  -0.1214947559  -0.0021311003  -0.0951388030  -0.1105723917  -0.0193072392  -0.1160065357  -0.1099104348 
 -0.3774522386  -0.3774522386  -0.4000866860  -0.0095901688  -0.4070298098  -0.4068452905  -0.0017828546  -0.4068953071  -0.3770576716  -0.0002064136  -0.4069107734  -0.4026038025  -0.0176685411  -0.4069282344  -0.4069802677  -0.0105263006  -0.4067643730  -0.4069831294  -0.0021739817  -0.4068833145  -0.3890757964  -0.0188740458  -0.4070314147  -0.4067442242 
 -0.2558162204  -0.2469082692  -0.2469082692  -0.0099343921  -0.3167331997  -0.3167331997  -0.0017511797  -0.2482868072  -0.2482868072  -0.0001989650  -0.2492784689  -0.2492784689  -0.0181054355  -0.2826468189  -0.2826468189  -0.0108733666  -0.2475363301  -0.2475363301  -0.0021311003  -0.2502818327  -0.2502818327  -0.0193072392  -0.2511466315  -0.2511466315 
 -0.0120245002  -0.0120246180  -0.0120246180  -0.0069313027  -0.0072281586  -0.0072190861  -0.0019902040  -0.0058812085  -0.0058811295  -0.0002639486  -0.0120175760  -0.0120161681  -0.0072327477  -0.0072327477  -0.0054471567  -0.0070622466  -0.0070623747  -0.0072088290  -0.0019464478  -0.0056072565  -0.0120107717  -0.0072326880  -0.0072326880  -0.0070825795 
 -0.1061209780  -0.0919494561  -0.0919494561  -0.0108602586  -0.1382162423  -0.1379630108  -0.0016659830  -0.0909489202  -0.0918862502  -0.0001789303  -0.0962608099  -0.0959559863  -0.0192805621  -0.1382611978  -0.1381786333  -0.0118068791  -0.1381831612  -0.1381894586  -0.0020157612  -0.0914966737  -0.0918369356  -0.0204724109  -0.1382213982  -0.1382177775 
 -0.8246285371  -0.8246235290  -0.8246235290  -0.0117861250  -0.8246255051  -0.8246184501  -0.0015807862  -0.8246368672  -0.8246404928  -0.0001588955  -0.8246303983  -0.8246220897  -0.0204556887  -0.8246380949  -0.8246407266  -0.0127403916  -0.8246312086  -0.8246138169  -0.0019004220  -0.8246386459  -0.8246375570  -0.0216375826  -0.8246381699  -0.8246382383 
 -0.3726102174  -0.3726102246  -0.3726912023  -0.0102640463  -0.3726507800  -0.3726657939  -0.0017208454  -0.3722672919  -0.3534321298  -0.0001918316  -0.3726279955  -0.3729211495  -0.0185238387  -0.3726172019  -0.3726245838  -0.0112057432  -0.3726379275  -0.3726424184  -0.0020900339  -0.3724218242  -0.3203770903  -0.0197220979  -0.3726091884  -0.3725853406 
 -0.7040744256  -0.7040744256  -0.7040764032  -0.0130508821  -0.7040656525  -0.7041138524  -0.0014644053  -0.7040900720  -0.7040912123  -0.0001315276  -0.7041003668  -0.7040917286  -0.0220609414  -0.7040965491  -0.7362086203  -0.0140155934  -0.7040796744  -0.7040920292  -0.0017428659  -0.7040719041  -0.7040610823  -0.0232292368  -0.7040728031  -0.7040788466 
 -0.0357727868  -0.0357727868  -0.0362076312  -0.0072903726  -0.0383164367  -0.0478642046  -0.0019944781  -0.0281702339  -0.0281074703  -0.0002561787  -0.0365592777  -0.0197545458  -0.0147495979  -0.0253081659  -0.0579988877  -0.0082075121  -0.0235454559  -0.0419167439  -0.0024604771  -0.0371724583  -0.0348520482  -0.0151322758  -0.0253081658  -0.0252236743 
 -0.2254969155  -0.2254969155  -0.2255322613  -0.0112622455  -0.2255031679  -0.2254948182  -0.0016289928  -0.1454288237  -0.1530352887  -0.0001702317  -0.1355916925  -0.1355898871  -0.0197907712  -0.2255128938  -0.2255100953  -0.0122121857  -0.2255263271  -0.2255216977  -0.0019656840  -0.1469034552  -0.1456356010  -0.0209782979  -0.2255108383  -0.2255222321 
 -0.8160171301  -0.8160113800  -0.8160113774  -0.0108602586  -0.8159969415  -0.8159777632  -0.0016659830  -0.8159551604  -0.8159361115  -0.0001789303  -0.8159973194  -0.8159841090  -0.0192805621  -0.8159629647  -0.8160936532  -0.0118068791  -0.8159927301  -0.8160722901  -0.0020157612  -0.8160134761  -0.8159340744  -0.0204724109  -0.8160814181  -0.8161548905 
 -0.7938509777  -0.7938508557  -0.7938508702  -0.0076218530  -0.7938446801  -0.7938630047  -0.0019639758  -0.7938847533  -0.7939276893  -0.0002490058  -0.7938435696  -0.7938539597  -0.0151703188  -0.7939079234  -0.7941916235  -0.0085417299  -0.7938464593  -0.7938586203  -0.0024191831  -0.7938827482  -0.7939098744  -0.0163969866  -0.7939048395  -0.7941551900 
 -0.6784839219  -0.6784848121  -0.6784848112  -0.0074451904  -0.6785751021  -0.6784798643  -0.0019802320  -0.6784931907  -0.6783749822  -0.0002528286  -0.6784855675  -0.6784926686  -0.0149460955  -0.6784947938  -0.6783531680  -0.0083636085  -0.6784854917  -0.6784928734  -0.0024411907  -0.6784803237  -0.6784553740  -0.0161746628  -0.6784865945  -0.6783867220 
 -0.0076334429  -0.0075969102  -0.0075969102  -0.0075014887  -0.0139831140  -0.0107717964  -0.0019645025  -0.0064046527  -0.0058675029  -0.0002516104  -0.0096175429  -0.0096145177  -0.0077193096  -0.0077193096  -0.0148348572  -0.0075926247  -0.0139784532  -0.0139172228  -0.0020493186  -0.0063875780  -0.0086411890  -0.0077266019  -0.0077266042  -0.0079732931 
 -0.3799928940  -0.3799928938  -0.3802269693  -0.0106859349  -0.3800432061  -0.3800537590  -0.0016820239  -0.3801128970  -0.3204565528  -0.0001827024  -0.3801177546  -0.2739601573  -0.0190593074  -0.3801883132  -0.3802113281  -0.0116311159  -0.3801502242  -0.3802213313  -0.0020374774  -0.3802305337  -0.3026746286  -0.0202530305  -0.3802309435  -0.3802487591 
 -0.6405352268  -0.6405622747  -0.6409738699  -0.0102640463  -0.6508273395  -0.6506839090  -0.0017208454  -0.6379275797  -0.6380266720  -0.0001918316  -0.6298140092  -0.5505310622  -0.0185238387  -0.6817435495  -0.6807967172  -0.0112057432  -0.6508380405  -0.6506464455  -0.0020900339  -0.6353292434  -0.6347741512  -0.0197220979  -0.6787790681  -0.6789895792 
 -0.4057949745  -0.4058036489  -0.4057949809  -0.0073218088  -0.4052138279  -0.4052064784  -0.0019915854  -0.4094114499  -0.3796020807  -0.0002554985  -0.4070663321  -0.3346323537  -0.0147894973  -0.4090274522  -0.4089930925  -0.0082392080  -0.3336551286  -0.4056191222  -0.0024565609  -0.4093194634  -0.3787481421  -0.0160193912  -0.4091949841  -0.4103441312 
 -0.1167615529  -0.1167615529  -0.1154389150  -0.0077568752  -0.1652517015  -0.1653443766  -0.0019515513  -0.1129765173  -0.1315491199  -0.0002460841  -0.0980433409  -0.0993737320  -0.0153416914  -0.1652528201  -0.1652570721  -0.0086778672  -0.1652397903  -0.1653411065  -0.0024023628  -0.1048735311  -0.0982772531  -0.0165669075  -0.1652484276  -0.1652519834 
 -0.6851821333  -0.6851821386  -0.6851823862  -0.0106859349  -0.6850557384  -0.6850504291  -0.0016820239  -0.6850735878  -0.6850892686  -0.0001827024  -0.6852006000  -0.6852649993  -0.0190593074  -0.6851137292  -0.6851398331  -0.0116311159  -0.6850781759  -0.6851693712  -0.0020374774  -0.6851969872  -0.6853406676  -0.0202530305  -0.6851389919  -0.6852042056 
 -0.5798097467  -0.5798097467  -0.5798337402  -0.0069116689  -0.5802036096  -0.5802556379  -0.0020293258  -0.5799674897  -0.5799679738  -0.0002643734  -0.5799917056  -0.5798177280  -0.0142689402  -0.5799762468  -0.5799474829  -0.0078256810  -0.5802502692  -0.5800635438  -0.0025076538  -0.5800099925  -0.5800262088  -0.0155032439  -0.5801327603  -0.5801306786 
 -0.0344758000  -0.0344758000  -0.0816357606  -0.0095128064  -0.0815094640  -0.0816795041  -0.0017899733  -0.0610913036  -0.0816795055  -0.0002080877  -0.0409103594  -0.0344758000  -0.0175703513  -0.0816795042  -0.0816795042  -0.0104482993  -0.0344798063  -0.0344757999  -0.0021836190  -0.0540020736  -0.0748095063  -0.0179983816  -0.0344758000  -0.0816030622 
 -0.0984190370  -0.0986794536  -0.0986794536  -0.0101140484  -0.1127676661  -0.1114167938  -0.0017346480  -0.0890261806  -0.0976194758  -0.0001950774  -0.0792690087  -0.0911805524  -0.0183334585  -0.1104995884  -0.1127733314  -0.0110545065  -0.1130420926  -0.1064407385  -0.0021087198  -0.0817013052  -0.0895008658  -0.0195333305  -0.1128989943  -0.1127940045 
 -0.3799459833  -0.3799458895  -0.3799458895  -0.0068375620  -0.3799770566  -0.3798593211  -0.0020361450  -0.3800622944  -0.3797946173  -0.0002659770  -0.3800072169  -0.3799293502  -0.0141748824  -0.3801209231  -0.3799607056  -0.0077509621  -0.3797581464  -0.3797651637  -0.0025168856  -0.3800742615  -0.3797486240  -0.0154099829  -0.3797817821  -0.3796756563 
 -0.3861233615  -0.3861233614  -0.4892592087  -0.0086696350  -0.4892497499  -0.4892672958  -0.0018675606  -0.4892533334  -0.3473226370  -0.0002263330  -0.3428712995  -0.3876404878  -0.0165001828  -0.4892676028  -0.4892664155  -0.0095981648  -0.4892658244  -0.4892672651  -0.0022886565  -0.4892524920  -0.3473203336  -0.0177155850  -0.4892509971  -0.4892635499 
