 -0.0605285082  -0.0605285082  -0.0607838486  -0.0074451904  -0.0609551315  -0.0247460570  -0.0019802320  -0.0316316861  -0.0207934960  -0.0002528286  -0.0193633214  -0.0194251312  -0.0149460955  -0.0608644726  -0.0608644738  -0.0083636085  -0.0218371321  -0.0218690429  -0.0024411907  -0.0300836265  -0.0326423935  -0.0153264217  -0.0247447430  -0.0608645270 
 -0.3255385627  -0.3255385629  -0.3258928054  -0.0097072945  -0.3905525002  -0.3905331266  -0.0017720768  -0.3258806538  -0.3258938020  -0.0002038791  -0.3255511839  -0.3254448250  -0.0178171992  -0.3258682721  -0.3258748265  -0.0106443936  -0.3258883905  -0.3258864864  -0.0021593908  -0.3258893590  -0.3258843919  -0.0190214445  -0.3258899569  -0.3258906746 
 -0.0076961912  -0.0076959330  -0.0076959330  -0.0104386729  -0.0107381299  -0.0122644714  -0.0016769086  -0.0082340696  -0.0064627039  -0.0001880529  -0.0053311268  -0.0056870854  -0.0106092742  -0.0106092742  -0.0122659174  -0.0105697412  -0.0105698588  -0.0122709171  -0.0016882126  -0.0016884864  -0.0064434338  -0.0106084785  -0.0106084785  -0.0122696991 
 -0.0076112601  -0.0076122993  -0.0076122993  -0.0077996191  -0.0105642373  -0.0116124794  -0.0019135880  -0.0057924599  -0.0066163825  -0.0002451592  -0.0074398187  -0.0074400107  -0.0082924362  -0.0083069103  -0.0099797101  -0.0079195742  -0.0079196089  -0.0081446717  -0.0019234214  -0.0019237877  -0.0063379002  -0.0082473101  -0.0082473101  -0.0103487501 
 -0.5170436215  -0.5170436205  -0.5170436205  -0.0101300507  -0.5169776766  -0.5169490927  -0.0017331755  -0.5170413019  -0.5170137954  -0.0001947312  -0.5170117273  -0.5170740932  -0.0183537690  -0.5169724073  -0.5169512158  -0.0110706410  -0.5169485636  -0.5169289853  -0.0021067263  -0.5170207375  -0.5169318216  -0.0195534689  -0.5169469561  -0.5169748009 
 -0.0126304027  -0.0191900416  -0.0192606612  -0.0106859349  -0.0164472244  -0.0192606662  -0.0016524302  -0.0040926607  -0.0042524213  -0.0001827024  -0.0046662700  -0.0056159865  -0.0108687176  -0.0108687176  -0.0192606669  -0.0108068560  -0.0108068579  -0.0125859420  -0.0016592912  -0.0016593420  -0.0042482411  -0.0108697297  -0.0108697297  -0.0164606057 
 -0.5286616016  -0.5286616053  -0.5286639157  -0.0077996191  -0.5289786538  -0.5289822471  -0.0019476180  -0.5289074049  -0.5288915307  -0.0002451592  -0.5291392603  -0.5289707008  -0.0153959428  -0.5286255814  -0.5286498780  -0.0087209641  -0.5286416501  -0.5285760559  -0.0023970381  -0.5289238305  -0.5289613534  -0.0166206993  -0.5288872123  -0.5289364219 
 -0.7270828474  -0.7270828474  -0.7270845764  -0.0130508821  -0.7292087565  -0.7292521471  -0.0014644053  -0.7260205750  -0.7278959033  -0.0001315276  -0.7232919709  -0.7256049427  -0.0220609414  -0.7292575349  -0.7917525363  -0.0140155934  -0.7279305151  -0.7291959287  -0.0017428659  -0.7232566781  -0.7221337603  -0.0232292368  -0.7292148828  -0.7917610178 
 -0.0327249837  -0.0327249837  -0.0211612468  -0.0078992455  -0.0334943506  -0.0343693911  -0.0019384506  -0.0286349047  -0.0285495393  -0.0002430034  -0.0179391547  -0.0146933888  -0.0155223905  -0.0534731289  -0.0206470557  -0.0088214133  -0.0340882021  -0.0341136690  -0.0023846272  -0.0282778644  -0.0286395803  -0.0159160217  -0.0206497158  -0.0534615494 
 -0.5358467783  -0.5358467878  -0.5358468089  -0.0077568752  -0.5358483700  -0.5358284154  -0.0019515513  -0.5358871405  -0.5346986648  -0.0002460841  -0.5358701651  -0.5358722420  -0.0153416914  -0.5359876828  -0.5346835288  -0.0086778672  -0.5358720444  -0.5357394471  -0.0024023628  -0.5360709451  -0.5360240779  -0.0165669075  -0.5358854567  -0.5353674298 
 -0.8375142428  -0.8375208104  -0.8375208101  -0.0086696350  -0.8325518305  -0.9241634162  -0.0018675606  -0.8383356210  -0.8382605847  -0.0002263330  -0.8329263913  -0.8324799525  -0.0165001828  -0.8328758227  -0.8326726000  -0.0095981648  -0.8324298565  -0.9241142323  -0.0022886565  -0.8383935902  -0.8383126122  -0.0177155850  -0.8327101669  -0.8327379722 
 -0.1101105589  -0.1090256612  -0.1090256615  -0.0099343921  -0.1215625968  -0.1167092281  -0.0017511797  -0.1090648852  -0.1105631810  -0.0001989650  -0.1079738564  -0.1096950919  -0.0181054355  -0.1160915021  -0.1166366513  -0.0108733666  -0.0382463119  -0.1214947559  -0.0021311003  -0.0951388030  -0.1105723917  -0.0193072392  -0.1160065357  -0.1099104348 
 -0.5498557305  -0.5498596568  -0.5498741787  -0.0096716629  -0.5496862644  -0.5488640080  -0.0017753556  -0.5455986660  -0.5478572537  -0.0002046502  -0.5456344353  -0.5487691194  -0.0177719749  -0.5480777237  -0.5474250783  -0.0106084677  -0.5495806443  -0.5455985941  -0.0021638296  -0.5456115941  -0.5456016231  -0.0189766033  -0.5455551683  -0.5472467711 
 -0.3569095903  -0.3569095904  -0.3034388894  -0.0080615589  -0.3352035649  -0.3351510581  -0.0019235148  -0.2674032193  -0.2798631346  -0.0002394911  -0.3119171981  -0.2589199499  -0.0157284015  -0.3345619950  -0.3324889206  -0.0089850670  -0.3342590303  -0.3346291344  -0.0023644071  -0.3105655390  -0.2579767769  -0.0169503417  -0.3343909087  -0.3345893686 
 -0.5621342170  -0.5621342147  -0.5621342147  -0.0130508821  -0.5620904645  -0.5620691186  -0.0014644053  -0.5621900559  -0.5621152239  -0.0001315276  -0.5621331577  -0.5621611362  -0.0220609414  -0.5621622924  -0.5621207565  -0.0140155934  -0.5620895611  -0.5620849774  -0.0017428659  -0.5621876901  -0.5621396086  -0.0232292368  -0.5621763210  -0.5621225382 
 -0.0083330149  -0.0083261604  -0.0083261604  -0.0093852031  -0.0097721039  -0.0120191513  -0.0017755019  -0.0069180288  -0.0069173249  -0.0002108488  -0.0087580408  -0.0087576718  -0.0097625801  -0.0097625801  -0.0120123641  -0.0095316280  -0.0095340131  -0.0097926490  -0.0017395737  -0.0068965666  -0.0069064472  -0.0097169509  -0.0097169509  -0.0097965791 
 -0.1438163755  -0.1438181513  -0.1438103688  -0.0130508821  -0.1437964324  -0.1437893598  -0.0014644053  -0.1438307688  -0.1437299124  -0.0001315276  -0.1438155455  -0.1438158602  -0.0220609414  -0.1437593762  -0.1437871280  -0.0140155934  -0.1437959194  -0.1437912054  -0.0017428659  -0.1438152321  -0.1437602928  -0.0232292368  -0.1437763526  -0.1438124709 
 -0.3986392377  -0.3986710055  -0.3986392485  -0.0077996191  -0.4054326729  -0.4038654762  -0.0019476180  -0.5012417917  -0.3471862488  -0.0002451592  -0.3966082244  -0.4021707806  -0.0153959428  -0.4115078655  -0.4995148375  -0.0087209641  -0.4105882320  -0.4060502565  -0.0023970381  -0.4018295003  -0.3546441280  -0.0166206993  -0.4604613967  -0.4625879739 
 -0.5361701102  -0.5361701116  -0.5361635065  -0.0077996191  -0.5319053142  -0.5316835625  -0.0019476180  -0.5361567341  -0.5361553854  -0.0002451592  -0.5361012901  -0.5360865758  -0.0153959428  -0.5322932888  -0.5317685470  -0.0087209641  -0.5345141869  -0.5343523169  -0.0023970381  -0.5361448623  -0.5361459787  -0.0166206993  -0.5319903379  -0.5339307626 
 -0.8050203299  -0.8050185821  -0.8050185823  -0.0085578452  -0.8046526220  -0.8877120509  -0.0018778473  -0.8046800596  -0.8046165372  -0.0002287520  -0.8045226722  -0.8046365442  -0.0163582971  -0.8045449552  -0.8045262215  -0.0094854518  -0.8875992936  -0.8877399542  -0.0023025826  -0.8045693434  -0.8045299431  -0.0175749013  -0.8045247654  -0.8824567270 
 -0.4932185712  -0.4932185733  -0.4932189420  -0.0076731279  -0.4958753845  -0.4958797322  -0.0019592576  -0.4958290829  -0.4958350197  -0.0002478963  -0.4936833620  -0.4936951363  -0.0152353978  -0.4965916184  -0.4982989991  -0.0085934283  -0.4959155362  -0.4959857451  -0.0024127956  -0.4960123330  -0.4973922636  -0.0164615144  -0.4972398836  -0.4986941456 
 -0.0393220335  -0.0393220335  -0.0393213378  -0.0104472193  -0.0464229639  -0.0463181503  -0.0017039902  -0.0397328468  -0.0393183044  -0.0001878680  -0.0347013698  -0.0393502566  -0.0187563251  -0.0430241223  -0.0611342987  -0.0113904289  -0.0463173275  -0.0463178776  -0.0020672152  -0.0405150263  -0.0393220487  -0.0192048753  -0.0462476485  -0.0463182350 
 -0.3574263435  -0.3574517708  -0.3574517708  -0.0088169893  -0.3571886356  -0.3571886356  -0.0018540013  -0.2985639845  -0.2985639845  -0.0002231444  -0.2953157730  -0.2953157730  -0.0166872075  -0.2986077361  -0.2986077361  -0.0097467360  -0.2985372952  -0.2985372952  -0.0022702999  -0.2956063842  -0.2956063842  -0.0179010254  -0.2986406435  -0.2986406435 
 -0.4887171034  -0.4887171015  -0.4887171015  -0.0108602586  -0.4881110853  -0.4881190808  -0.0016659830  -0.4885498100  -0.4883916062  -0.0001789303  -0.4886463681  -0.4885335775  -0.0192805621  -0.4887025358  -0.4886707992  -0.0118068791  -0.4880550698  -0.4880495813  -0.0020157612  -0.4886814559  -0.4886201514  -0.0204724109  -0.4887043855  -0.4887018305 
 -0.0431772732  -0.0431772732  -0.0431757513  -0.0106859349  -0.0524180137  -0.0521880436  -0.0016820239  -0.0279305244  -0.0417693294  -0.0001827024  -0.0435956904  -0.0520071883  -0.0190593074  -0.0555440272  -0.0544020573  -0.0116311159  -0.0522663545  -0.0522684086  -0.0020374774  -0.0279296085  -0.0412688020  -0.0195183158  -0.0531906839  -0.0525243190 
 -0.1935692427  -0.1935692427  -0.2163565673  -0.0108602586  -0.2163278650  -0.2163269912  -0.0016659830  -0.1362646892  -0.1537358634  -0.0001789303  -0.1437958693  -0.1437342114  -0.0192805621  -0.2163541327  -0.2163585045  -0.0118068791  -0.2163630501  -0.2163693901  -0.0020157612  -0.1338716340  -0.1362711113  -0.0204724109  -0.2163452506  -0.2163513053 
 -0.5942433073  -0.5942432384  -0.5942432384  -0.0130508821  -0.5944653674  -0.5944921218  -0.0014644053  -0.5943259732  -0.5381540085  -0.0001315276  -0.5941370481  -0.5426300561  -0.0220609414  -0.5944883967  -0.5945295719  -0.0140155934  -0.5944220962  -0.5944632444  -0.0017428659  -0.5941747218  -0.5426558417  -0.0232292368  -0.5944668253  -0.5944728598 
 -0.0160112315  -0.0160111789  -0.0160111789  -0.0069166093  -0.0077348466  -0.0077371196  -0.0020161570  -0.0075307821  -0.0077699815  -0.0002642665  -0.0160160483  -0.0160144413  -0.0061148667  -0.0081911450  -0.0102257146  -0.0067722857  -0.0074313085  -0.0160027407  -0.0021825097  -0.0131144280  -0.0160147207  -0.0081992056  -0.0081911097  -0.0102391193 
 -0.0353627943  -0.0353627943  -0.0353628107  -0.0085075968  -0.0463636649  -0.0490217743  -0.0018824711  -0.0251922487  -0.0293003362  -0.0002298393  -0.0200190833  -0.0278389106  -0.0162945210  -0.0650683237  -0.0650682807  -0.0094347885  -0.0438428988  -0.0263509622  -0.0023088423  -0.0245371822  -0.0279812670  -0.0166155400  -0.0650590760  -0.0650682560 
 -0.8140370618  -0.8140507589  -0.8140507589  -0.0085905877  -0.8140696327  -0.8136470489  -0.0018748344  -0.8139738720  -0.8136853929  -0.0002280435  -0.8136361744  -0.8135504302  -0.0163998545  -0.8141457492  -0.8135454139  -0.0095184647  -0.8135426018  -0.8944310826  -0.0022985037  -0.8140315406  -0.8136665726  -0.0176161066  -0.8137536364  -0.8136627363 
 -0.0451380183  -0.0451380183  -0.0451183324  -0.0086696350  -0.0453766911  -0.0451930549  -0.0018675606  -0.0656375096  -0.0451930472  -0.0002263330  -0.0587606796  -0.0452013758  -0.0165001828  -0.0451930548  -0.0452124001  -0.0095981648  -0.1020774380  -0.0453278690  -0.0022886565  -0.0591521905  -0.0454681885  -0.0167582804  -0.1020823000  -0.0453274831 
 -0.6971011017  -0.6970984067  -0.6970984067  -0.0083958070  -0.6970524213  -0.6974803006  -0.0018927578  -0.6976482533  -0.6976457423  -0.0002322583  -0.6971035910  -0.6970748752  -0.0161526354  -0.6970863870  -0.6970697140  -0.0093220755  -0.6970557979  -0.6974786943  -0.0023227684  -0.6976479213  -0.6976455953  -0.0173709817  -0.6970814650  -0.6976567522 
 -0.3363784687  -0.3363784711  -0.3368681672  -0.0077568752  -0.3059903073  -0.3365733175  -0.0019515513  -0.3357540822  -0.2886985160  -0.0002460841  -0.3364466395  -0.2522568452  -0.0153416914  -0.3358803867  -0.3373139403  -0.0086778672  -0.3366276712  -0.3510390515  -0.0024023628  -0.3353618034  -0.2440980659  -0.0165669075  -0.3356040024  -0.3371534147 
 -0.1120093393  -0.1122673404  -0.1122673404  -0.0101300507  -0.1138370939  -0.1138111669  -0.0017331755  -0.0868965354  -0.1100055727  -0.0001947312  -0.0780107605  -0.1100475131  -0.0183537690  -0.1138365800  -0.1138669144  -0.0110706410  -0.1139067325  -0.1109840581  -0.0021067263  -0.0868844072  -0.1100269605  -0.0195534689  -0.1138333975  -0.1138811976 
 -0.4207257113  -0.4207257113  -0.4207830110  -0.0130508821  -0.4206875368  -0.4206878479  -0.0014644053  -0.4208654718  -0.4206476796  -0.0001315276  -0.4207318884  -0.4207526359  -0.0220609414  -0.4208145570  -0.4205413679  -0.0140155934  -0.4206958408  -0.4206988331  -0.0017428659  -0.4208535983  -0.3810561159  -0.0232292368  -0.4207867202  -0.4208706175 
 -0.5418171788  -0.5418171835  -0.5418171740  -0.0063306879  -0.5418019620  -0.5417970307  -0.0020827867  -0.5418315933  -0.5418304116  -0.0002769452  -0.5417991611  -0.5417989868  -0.0135315486  -0.5417734698  -0.5418162785  -0.0072399021  -0.5418012736  -0.5417899708  -0.0025800291  -0.5417820883  -0.5417560854  -0.0147720990  -0.5417758572  -0.5417691917 
 -0.3089871278  -0.3089871235  -0.3142118127  -0.0076731279  -0.3091277503  -0.3090492409  -0.0019592576  -0.3089849449  -0.2909625453  -0.0002478963  -0.3089883764  -0.2515669534  -0.0152353978  -0.3075622847  -0.3385129816  -0.0085934283  -0.3081630060  -0.3080581596  -0.0024127956  -0.3077065900  -0.2853660037  -0.0164615144  -0.3075715395  -0.3382161082 
 -0.5874652534  -0.5874652534  -0.5874608402  -0.0104582716  -0.5876974392  -0.5874145617  -0.0017029731  -0.5879327913  -0.5883478524  -0.0001876288  -0.5874990947  -0.5874988225  -0.0187703530  -0.5876929606  -0.5874404603  -0.0114015725  -0.5874046198  -0.5874187148  -0.0020658384  -0.5876896746  -0.5876914160  -0.0199665239  -0.5874354224  -0.5874442383 
 -0.1984088999  -0.1984088999  -0.1984060574  -0.0093852031  -0.1984091851  -0.1984076222  -0.0018017152  -0.1983989453  -0.1983972734  -0.0002108488  -0.1984081396  -0.1984077544  -0.0174083948  -0.1908553552  -0.1908526401  -0.0103196422  -0.1984089050  -0.1983882722  -0.0021995151  -0.1984029896  -0.1984056776  -0.0186161033  -0.1905982816  -0.1984097396 
 -0.4125324245  -0.4125324229  -0.4125324229  -0.0077996191  -0.4123988253  -0.4127479980  -0.0019476180  -0.4674011653  -0.3401081588  -0.0002451592  -0.4125023186  -0.3867738354  -0.0153959428  -0.4673769584  -0.4991493536  -0.0087209641  -0.4123455737  -0.4123092630  -0.0023970381  -0.4674009970  -0.3899260317  -0.0166206993  -0.4671895848  -0.4990115195 
 -0.3033774505  -0.3100923787  -0.3100923787  -0.0130508821  -0.3109861255  -0.3109861255  -0.0014644053  -0.3029219772  -0.3029219772  -0.0001315276  -0.3052788861  -0.3052788861  -0.0220609414  -0.3109164115  -0.3109164115  -0.0140155934  -0.3109845652  -0.3109845652  -0.0017428659  -0.3029321025  -0.3029321025  -0.0232292368  -0.3109116248  -0.3109116248 
 -0.3607634458  -0.3608316089  -0.3608316089  -0.0130508821  -0.4049766248  -0.4049766248  -0.0014644053  -0.3930888359  -0.3930888359  -0.0001315276  -0.3606444127  -0.3606444127  -0.0220609414  -0.3853498972  -0.3853498972  -0.0140155934  -0.4050273371  -0.4050273371  -0.0017428659  -0.3606818369  -0.3606818369  -0.0232292368  -0.4050456399  -0.4050456399 
 -0.4131697183  -0.4131697226  -0.4131697226  -0.0076468508  -0.4131150886  -0.4131155240  -0.0019616755  -0.4125852618  -0.4057533130  -0.0002484649  -0.4131931027  -0.4131484985  -0.0152020465  -0.4124018421  -0.4124927642  -0.0085669342  -0.4131143520  -0.4131240811  -0.0024160691  -0.4125684101  -0.3353461210  -0.0164284456  -0.4123858355  -0.4124468056 
 -0.3095611721  -0.3095611734  -0.3095483620  -0.0078559903  -0.3538935569  -0.3549267178  -0.0019424309  -0.3095313247  -0.2686305698  -0.0002439393  -0.3095777173  -0.2632717198  -0.0154674902  -0.3536636694  -0.3552233587  -0.0087778009  -0.3539023158  -0.3545026752  -0.0023900156  -0.3095344946  -0.2641618596  -0.0166916406  -0.3380821887  -0.3547003449 
 -0.5373878218  -0.5373878122  -0.5373878122  -0.0130508821  -0.5374171540  -0.5374220338  -0.0014644053  -0.5373615466  -0.5373887980  -0.0001315276  -0.5373553590  -0.5373425868  -0.0220609414  -0.5374076933  -0.5374207059  -0.0140155934  -0.5373833376  -0.5373898450  -0.0017428659  -0.5373188620  -0.5373449971  -0.0232292368  -0.5373708595  -0.5373420440 
 -0.5119677209  -0.5119677216  -0.5119677216  -0.0104386729  -0.5125170660  -0.5125397247  -0.0017047766  -0.5121079217  -0.5111686735  -0.0001880529  -0.5120692014  -0.5120600587  -0.0187454778  -0.5120698177  -0.5120706526  -0.0113818118  -0.5125655570  -0.5121316816  -0.0020682799  -0.5121626884  -0.4815275727  -0.0199418595  -0.5120665143  -0.5121513470 
 -0.0801149738  -0.0851556021  -0.0851556021  -0.0078992455  -0.0946722610  -0.0948687995  -0.0019384506  -0.0542129716  -0.0624423279  -0.0002430034  -0.0461617242  -0.0518562112  -0.0155223905  -0.0954893224  -0.0958440400  -0.0088214133  -0.0947365221  -0.0959356588  -0.0023846272  -0.0540038489  -0.0544570521  -0.0167460758  -0.0954673749  -0.0958431098 
 -0.5450970662  -0.5450970715  -0.5450970715  -0.0086696350  -0.5451135921  -0.5451675061  -0.0018675606  -0.5451082666  -0.5451080797  -0.0002263330  -0.5450974621  -0.5450942240  -0.0165001828  -0.5450888219  -0.5451598862  -0.0095981648  -0.5451011414  -0.5451558143  -0.0022886565  -0.5450986362  -0.5451058088  -0.0177155850  -0.5450815507  -0.5450948693 
 -0.8060372549  -0.8060345925  -0.8060345925  -0.0101140484  -0.8067438390  -0.8066480734  -0.0017346480  -0.8030221527  -0.8034581076  -0.0001950774  -0.8075507891  -0.8072083771  -0.0183334585  -0.8033308735  -0.8040008709  -0.0110545065  -0.8067064302  -0.8068483630  -0.0021087198  -0.8034765257  -0.8034122228  -0.0195333305  -0.8033518247  -0.8036283089 
 -0.0458893764  -0.0458893764  -0.0518817664  -0.0099714664  -0.0492178663  -0.0285150770  -0.0017477682  -0.0524927453  -0.0703972374  -0.0001981627  -0.0335623494  -0.0286337772  -0.0181524909  -0.0285684868  -0.0285150764  -0.0109107471  -0.0391800967  -0.0704173211  -0.0021264818  -0.0443147401  -0.0702821820  -0.0185922755  -0.0286191653  -0.0705348214 
 -0.2623438431  -0.2622066547  -0.2622066547  -0.0074374092  -0.2618501403  -0.2618501403  -0.0019809480  -0.2608039446  -0.2608039446  -0.0002529970  -0.2491018327  -0.2491018327  -0.0149362194  -0.2570879880  -0.2570879880  -0.0083557630  -0.2621566197  -0.2621566197  -0.0024421601  -0.2035024901  -0.2035024901  -0.0161648704  -0.2622502233  -0.2622502233 
 -0.2663199947  -0.2737081584  -0.2737081584  -0.0076635269  -0.3188781561  -0.3188781561  -0.0019601410  -0.2663364797  -0.2663364797  -0.0002481040  -0.2736690872  -0.2736690872  -0.0152232120  -0.2663909914  -0.2663909914  -0.0085837480  -0.2739407229  -0.2739407229  -0.0024139916  -0.2734680337  -0.2734680337  -0.0164494318  -0.2737115403  -0.2737115403 
 -0.2950332305  -0.2950332315  -0.3028703548  -0.0085327210  -0.3579473284  -0.4079924832  -0.0018801592  -0.2738612065  -0.3001826476  -0.0002292956  -0.2976990168  -0.3025976274  -0.0163264091  -0.2742780535  -0.2741819702  -0.0094601202  -0.3570362003  -0.4076159592  -0.0023057124  -0.2736720927  -0.3012527121  -0.0175432834  -0.2732751483  -0.2732286691 
 -0.5907215403  -0.5907215403  -0.5900305933  -0.0117861250  -0.5908223371  -0.5907452193  -0.0015807862  -0.5907671961  -0.5906643672  -0.0001588955  -0.5907152171  -0.5906939068  -0.0204556887  -0.5907363751  -0.5898102140  -0.0127403916  -0.5906488323  -0.5906103690  -0.0019004220  -0.5905953981  -0.5904151341  -0.0216375826  -0.5903943063  -0.5903887844 
 -0.3200840708  -0.3200840768  -0.3200834549  -0.0108602586  -0.3200844323  -0.3200870350  -0.0016659830  -0.3200514445  -0.3200786111  -0.0001789303  -0.3200008785  -0.3198244585  -0.0192805621  -0.3200804890  -0.3200822540  -0.0118068791  -0.3200685480  -0.3200163750  -0.0020157612  -0.3200397540  -0.3177338549  -0.0204724109  -0.3200390513  -0.3200259581 
 -0.3945122828  -0.3945251507  -0.3945251507  -0.0130508821  -0.3945110594  -0.3945110594  -0.0014644053  -0.3945095261  -0.3945095261  -0.0001315276  -0.3945857894  -0.3945857894  -0.0220609414  -0.3945121449  -0.3945121449  -0.0140155934  -0.3945549008  -0.3945549008  -0.0017428659  -0.3945996480  -0.3945996480  -0.0232292368  -0.3945888959  -0.3945888959 
 -0.0622981253  -0.0622891087  -0.0622891087  -0.0077568752  -0.0955982029  -0.0833989192  -0.0019515513  -0.0689764336  -0.0702389620  -0.0002460841  -0.0521019307  -0.0563688864  -0.0153416914  -0.0902776839  -0.0952966718  -0.0086778672  -0.0942250018  -0.0940310031  -0.0024023628  -0.0573437602  -0.0701887818  -0.0165669075  -0.0902828692  -0.0954659522 
 -0.1051621397  -0.1046473166  -0.1046473151  -0.0104582716  -0.1328606612  -0.1329155524  -0.0017029731  -0.0931770706  -0.0931428697  -0.0001876288  -0.1009415369  -0.0985245166  -0.0187703530  -0.1244671928  -0.1247034500  -0.0114015725  -0.1315547556  -0.1329210222  -0.0020658384  -0.0929023168  -0.0931166307  -0.0199665239  -0.1244544526  -0.1247038216 
 -0.0084132875  -0.0084152338  -0.0084152338  -0.0104386729  -0.0107381300  -0.0122644715  -0.0016769086  -0.0048167510  -0.0064627039  -0.0001880529  -0.0053311442  -0.0056870877  -0.0106092794  -0.0106092794  -0.0122648071  -0.0105697412  -0.0105698588  -0.0122709852  -0.0016882126  -0.0016884864  -0.0064434338  -0.0106084801  -0.0106084801  -0.0122696992 
 -0.1309933330  -0.1309933330  -0.1311602513  -0.0085578452  -0.1754230671  -0.1754188057  -0.0018778473  -0.1071457871  -0.1129278561  -0.0002287520  -0.1271741465  -0.1271106892  -0.0163582971  -0.1573861316  -0.1572987785  -0.0094854518  -0.1610456141  -0.1607720167  -0.0023025826  -0.1067635124  -0.1074629290  -0.0175749013  -0.1575122128  -0.1574943877 
 -0.2768410019  -0.2328104533  -0.2328104533  -0.0080312884  -0.2375272566  -0.2375272566  -0.0019263002  -0.2307029334  -0.2307029334  -0.0002401461  -0.2376185590  -0.2376185590  -0.0156899817  -0.2377737892  -0.2377737892  -0.0089545466  -0.2363182690  -0.2363182690  -0.0023681780  -0.2303969188  -0.2303969188  -0.0169122474  -0.2373906436  -0.2373906436 
 -0.0297762443  -0.0297762443  -0.0297830009  -0.0075639863  -0.0649344546  -0.0299014980  -0.0019693006  -0.0381383515  -0.0586632635  -0.0002502580  -0.0191098790  -0.0191181897  -0.0150968734  -0.0651623631  -0.0299563088  -0.0084833854  -0.0259319886  -0.0278299512  -0.0024263918  -0.0412432630  -0.0564943853  -0.0154824213  -0.0649320552  -0.0650452845 
 -0.1045304454  -0.1023723022  -0.0921006398  -0.0104582716  -0.1314257248  -0.1307641927  -0.0017029731  -0.0942841436  -0.0942805965  -0.0001876288  -0.1007764303  -0.0984592244  -0.0187703530  -0.1232182575  -0.1234445535  -0.0114015725  -0.1307694746  -0.1067456883  -0.0020658384  -0.0942499440  -0.0953601679  -0.0199665239  -0.1245687802  -0.1245660203 
 -0.4943591859  -0.4943591935  -0.4943591935  -0.0076635269  -0.4943854748  -0.4940217091  -0.0019601410  -0.4940658874  -0.4952932841  -0.0002481040  -0.4947175740  -0.4941689362  -0.0152232120  -0.4921941843  -0.4920927411  -0.0085837480  -0.4940345793  -0.4917542706  -0.0024139916  -0.4940516155  -0.4952609813  -0.0164494318  -0.4937071147  -0.4934160432 
 -0.6851821320  -0.6851821345  -0.6851823788  -0.0106859349  -0.6850557385  -0.6850504291  -0.0016820239  -0.6850735874  -0.6850892742  -0.0001827024  -0.6852005994  -0.6852650017  -0.0190593074  -0.6851137337  -0.6851398374  -0.0116311159  -0.6850781755  -0.6851693701  -0.0020374774  -0.6851969900  -0.6853406689  -0.0202530305  -0.6851389926  -0.6852042058 
 -0.1078920658  -0.1096751818  -0.1096751818  -0.0099343921  -0.1241801848  -0.1192353759  -0.0017511797  -0.0988162610  -0.1080248012  -0.0001989650  -0.1093172594  -0.1096702200  -0.0181054355  -0.1191504014  -0.1192458821  -0.0108733666  -0.1080842603  -0.1097001577  -0.0021311003  -0.0923573011  -0.1078948717  -0.0193072392  -0.1181450593  -0.1193929500 
 -0.5907215402  -0.5907215402  -0.5900305935  -0.0117861250  -0.5908223375  -0.5907452192  -0.0015807862  -0.5907671962  -0.5906643673  -0.0001588955  -0.5907152172  -0.5906939068  -0.0204556887  -0.5907363752  -0.5898102138  -0.0127403916  -0.5906488324  -0.5906103690  -0.0019004220  -0.5905953982  -0.5904151339  -0.0216375826  -0.5903943061  -0.5903887843 
 -0.2617935738  -0.2716890852  -0.2716890852  -0.0102640463  -0.2584599750  -0.2584599750  -0.0017208454  -0.2045458870  -0.2045458870  -0.0001918316  -0.2672526246  -0.2672526246  -0.0185238387  -0.2607954585  -0.2607954585  -0.0112057432  -0.2649950180  -0.2649950180  -0.0020900339  -0.2041074234  -0.2041074234  -0.0197220979  -0.2607854370  -0.2607854370 
 -0.5450970662  -0.5450970715  -0.5450970715  -0.0086696350  -0.5451135921  -0.5451675061  -0.0018675606  -0.5451082666  -0.5451080797  -0.0002263330  -0.5450974621  -0.5450942240  -0.0165001828  -0.5450888219  -0.5451598862  -0.0095981648  -0.5451011414  -0.5451558135  -0.0022886565  -0.5450986362  -0.5451058088  -0.0177155850  -0.5450815507  -0.5450948693 
 -0.2732631134  -0.2737665659  -0.2737665659  -0.0077634285  -0.2736890251  -0.2736890251  -0.0019509482  -0.2738363161  -0.2738363161  -0.0002459423  -0.2736249794  -0.2736249794  -0.0153500090  -0.2736090091  -0.2736090091  -0.0086844746  -0.2737874566  -0.2737874566  -0.0024015465  -0.2737077632  -0.2737077632  -0.0165751547  -0.2737778358  -0.2737778358 
 -0.1552807633  -0.1552807615  -0.1553434965  -0.0130508821  -0.1551161929  -0.1550864023  -0.0014644053  -0.1551993606  -0.1551149295  -0.0001315276  -0.1597540725  -0.1554173455  -0.0220609414  -0.1550284368  -0.1550363160  -0.0140155934  -0.1553250059  -0.1552691781  -0.0017428659  -0.1552245773  -0.1551735061  -0.0232292368  -0.1550374393  -0.1550494341 
 -0.1408022476  -0.1408022476  -0.1405567784  -0.0077568752  -0.1653491208  -0.1548831090  -0.0019515513  -0.1099031045  -0.1256211035  -0.0002460841  -0.0950094543  -0.0955084095  -0.0153416914  -0.1652528200  -0.1652570713  -0.0086778672  -0.1652372382  -0.1556750220  -0.0024023628  -0.1081332801  -0.1099461015  -0.0165669075  -0.1653366588  -0.1652519804 
 -0.7048835864  -0.7048835864  -0.7049188890  -0.0130508821  -0.7049543448  -0.7049181673  -0.0014644053  -0.7049519457  -0.7049272429  -0.0001315276  -0.7023404755  -0.7028921732  -0.0220609414  -0.7049211658  -0.7049531344  -0.0140155934  -0.7048834591  -0.7049487846  -0.0017428659  -0.7029262257  -0.7029262723  -0.0232292368  -0.7049478855  -0.7049382304 
 -0.2620199959  -0.2644483288  -0.2644483288  -0.0083958070  -0.2847166500  -0.2847166500  -0.0018927578  -0.2100515026  -0.2100515026  -0.0002322583  -0.2657750708  -0.2657750708  -0.0161526354  -0.2778943798  -0.2778943798  -0.0093220755  -0.2847542676  -0.2847542676  -0.0023227684  -0.2100678883  -0.2100678883  -0.0173709817  -0.2848195453  -0.2848195453 
 -0.8203743576  -0.8203730749  -0.8203730749  -0.0117861250  -0.9116759701  -0.9117035632  -0.0015807862  -0.8199482983  -0.8203932741  -0.0001588955  -0.6829382083  -0.6828806435  -0.0204556887  -0.9116764404  -0.9116246565  -0.0127403916  -0.8203089184  -0.8185904800  -0.0019004220  -0.6838795436  -0.6838861442  -0.0216375826  -0.6838851924  -0.6838883322 
 -0.4301874275  -0.4301874223  -0.4301923911  -0.0130508821  -0.4301889350  -0.4301804670  -0.0014644053  -0.4301774774  -0.4301580514  -0.0001315276  -0.4301891619  -0.4301803641  -0.0220609414  -0.4301619590  -0.4301305087  -0.0140155934  -0.4301815879  -0.4301799741  -0.0017428659  -0.4301823568  -0.4301420753  -0.0232292368  -0.4301531155  -0.4301195666 
 -0.4301874275  -0.4301874223  -0.4301923911  -0.0130508821  -0.4301889350  -0.4301804670  -0.0014644053  -0.4301774774  -0.4301580514  -0.0001315276  -0.4301891619  -0.4301803641  -0.0220609414  -0.4301619590  -0.4301305087  -0.0140155934  -0.4301815879  -0.4301799741  -0.0017428659  -0.4301823568  -0.4301420753  -0.0232292368  -0.4301531155  -0.4301195666 
 -0.8237096191  -0.8236874594  -0.8236874594  -0.0108602586  -0.8985710500  -0.8986010076  -0.0016659830  -0.8236820305  -0.8236874309  -0.0001789303  -0.8236776104  -0.8236827997  -0.0192805621  -0.8986290865  -0.8986493528  -0.0118068791  -0.8986331605  -0.8986656718  -0.0020157612  -0.8236564365  -0.8247046387  -0.0204724109  -0.8986840751  -0.8991477526 
 -0.6873659377  -0.6873659362  -0.6873322033  -0.0098105260  -0.8528962168  -0.8528849710  -0.0017625777  -0.6868942777  -0.7911226721  -0.0002016453  -0.6873773517  -0.6873488932  -0.0179482224  -0.8527581002  -0.8527889351  -0.0107484775  -0.8529230757  -0.8529293697  -0.0021465308  -0.6871103193  -0.7909969143  -0.0191513578  -0.8527794028  -0.8528254286 
 -0.0094123694  -0.0094050827  -0.0094050827  -0.0098620594  -0.0101094609  -0.0101050417  -0.0017330171  -0.0094095881  -0.0094687565  -0.0002005302  -0.0045008099  -0.0047837483  -0.0101595736  -0.0101595736  -0.0101511523  -0.0099761507  -0.0099761515  -0.0100933923  -0.0017466170  -0.0017466465  -0.0094200527  -0.0101583305  -0.0101583305  -0.0101539162 
 -0.0599520549  -0.0599520549  -0.0599520549  -0.0076982521  -0.0496776530  -0.0269363869  -0.0019569457  -0.0280284098  -0.0320772205  -0.0002473526  -0.0253004389  -0.0313025587  -0.0152672859  -0.0598108457  -0.0270438311  -0.0086187600  -0.0363750524  -0.0452083107  -0.0024096658  -0.0280322657  -0.0320866261  -0.0156564309  -0.0268933245  -0.0599475014 
 -0.1045304454  -0.1023868063  -0.1023629183  -0.0104582716  -0.1314257248  -0.1307641927  -0.0017029731  -0.0942841436  -0.0942805965  -0.0001876288  -0.1007764303  -0.0984592244  -0.0187703530  -0.1232182575  -0.1234445535  -0.0114015725  -0.1307694725  -0.1067456883  -0.0020658384  -0.0942499440  -0.0953601679  -0.0199665239  -0.1245687802  -0.1245660203 
 -0.3961751312  -0.3535354018  -0.3535354018  -0.0062051835  -0.3037570212  -0.3036611557  -0.0020943354  -0.3534058873  -0.4648764777  -0.0002796610  -0.3963513447  -0.3558253131  -0.0133722560  -0.3966601308  -0.3963063875  -0.0071133612  -0.3954802556  -0.4011402977  -0.0025956637  -0.3040851223  -0.4335123840  -0.0146141558  -0.3966367114  -0.3966310295 
 -0.1377306689  -0.1370187097  -0.1370187083  -0.0086696350  -0.1723859764  -0.1742436636  -0.0018675606  -0.1377307875  -0.1377453916  -0.0002263330  -0.1378028112  -0.1377983453  -0.0165001828  -0.1735342965  -0.1483080325  -0.0095981648  -0.1731716378  -0.1484290915  -0.0022886565  -0.1370210527  -0.1377658475  -0.0177155850  -0.1732028889  -0.1377074304 
 -0.6882961001  -0.6882960998  -0.6882716112  -0.0076208247  -0.6887503554  -0.6890343253  -0.0019640704  -0.6890767096  -0.6892239761  -0.0002490281  -0.6883163079  -0.6883367087  -0.0151690137  -0.6893597009  -0.6894548909  -0.0085406932  -0.6886324786  -0.6889576347  -0.0024193112  -0.6890719655  -0.6892254178  -0.0163956926  -0.6893375652  -0.6894317861 
 -0.6082125506  -0.6082125506  -0.6082224816  -0.0083958070  -0.6074326214  -0.5304528668  -0.0018927578  -0.6091297253  -0.6080644246  -0.0002322583  -0.6082217621  -0.6082281837  -0.0161526354  -0.6072219944  -0.5314039278  -0.0093220755  -0.6081938488  -0.6073923676  -0.0023227684  -0.6072358196  -0.6072518619  -0.0173709817  -0.6072069224  -0.6155180245 
 -0.0510961083  -0.0510961083  -0.0531389559  -0.0130508821  -0.0504351220  -0.0504500509  -0.0014644053  -0.0299434289  -0.0744600636  -0.0001315276  -0.0531951244  -0.0531148960  -0.0220609414  -0.0330199508  -0.0744600635  -0.0140155934  -0.0504201686  -0.0504254811  -0.0017428659  -0.0493494304  -0.0328868626  -0.0225705249  -0.0744600638  -0.0560327593 
 -0.2683400290  -0.2680450218  -0.2680450218  -0.0102640463  -0.2677413574  -0.2677413574  -0.0017208454  -0.2182280134  -0.2182280134  -0.0001918316  -0.2342811544  -0.2342811544  -0.0185238387  -0.2683793830  -0.2683793830  -0.0112057432  -0.2676903311  -0.2676903311  -0.0020900339  -0.2068391710  -0.2068391710  -0.0197220979  -0.2683899564  -0.2683899564 
 -0.7045334334  -0.7045334334  -0.7045289860  -0.0086696350  -0.7045466838  -0.7045489766  -0.0018675606  -0.7044742654  -0.7045300877  -0.0002263330  -0.7016770652  -0.7018965277  -0.0165001828  -0.7045501409  -0.7045358135  -0.0095981648  -0.7045448926  -0.7021165665  -0.0022886565  -0.7018264411  -0.7018265939  -0.0177155850  -0.7021021987  -0.7018323387 
 -0.5326628919  -0.5326786679  -0.5326620910  -0.0077568752  -0.5664878236  -0.5665977010  -0.0019515513  -0.5315556492  -0.5308787782  -0.0002460841  -0.5664992163  -0.5665284207  -0.0153416914  -0.5314637192  -0.5321308438  -0.0086778672  -0.5394867475  -0.5665425196  -0.0024023628  -0.5318475861  -0.5304526573  -0.0165669075  -0.5314226670  -0.5313080908 
 -0.1644124869  -0.1644124869  -0.1283151074  -0.0062051835  -0.1468091056  -0.1469229547  -0.0020943354  -0.1270295165  -0.1271172690  -0.0002796610  -0.1456454486  -0.1450263428  -0.0133722560  -0.1946105478  -0.1944492356  -0.0071133612  -0.1461525585  -0.1467977771  -0.0025956637  -0.1270013160  -0.1260522825  -0.0146141558  -0.1729708873  -0.1465703981 
 -0.3527769438  -0.3527769392  -0.3516485168  -0.0076982521  -0.3510543179  -0.3534862618  -0.0019569457  -0.3528991841  -0.2765366596  -0.0002473526  -0.3530149260  -0.2689940297  -0.0152672859  -0.3529643394  -0.3513017496  -0.0086187600  -0.3534557850  -0.3499091528  -0.0024096658  -0.3528697752  -0.2256641340  -0.0164931323  -0.3526846464  -0.3506164795 
 -0.3865739735  -0.3865739751  -0.3956374028  -0.0099714664  -0.3950529049  -0.3950388095  -0.0017477682  -0.3869408124  -0.3925200365  -0.0001981627  -0.3880762474  -0.3956862957  -0.0181524909  -0.3949427991  -0.3949228030  -0.0109107471  -0.3950570120  -0.3950393024  -0.0021264818  -0.3869208012  -0.3956247051  -0.0193538959  -0.3949429239  -0.3949392410 
 -0.0973718631  -0.0971052177  -0.0971052177  -0.0062051835  -0.1086654962  -0.1086762165  -0.0020943354  -0.0970941810  -0.0968116831  -0.0002796610  -0.0996842976  -0.0981411008  -0.0133722560  -0.1019582657  -0.0962688536  -0.0071133612  -0.1085499819  -0.1086549849  -0.0025956637  -0.0970975540  -0.0968634073  -0.0146141558  -0.1038678225  -0.1038833304 
 -0.5341710490  -0.5341710541  -0.5341710541  -0.0130508821  -0.5360822989  -0.5360405787  -0.0014644053  -0.5360999897  -0.5360725577  -0.0001315276  -0.5341057595  -0.5354789181  -0.0220609414  -0.5359336780  -0.5359454540  -0.0140155934  -0.5360735428  -0.5360496837  -0.0017428659  -0.5360970155  -0.5359422264  -0.0232292368  -0.5359143851  -0.5359547713 
 -0.3607634458  -0.3608316089  -0.3608316089  -0.0130508821  -0.4049766248  -0.4049766248  -0.0014644053  -0.3930888359  -0.3930888359  -0.0001315276  -0.3606444127  -0.3606444127  -0.0220609414  -0.3853498972  -0.3853498972  -0.0140155934  -0.4050273371  -0.4050273371  -0.0017428659  -0.3606818369  -0.3606818369  -0.0232292368  -0.4050456399  -0.4050456399 
 -0.3856298987  -0.3856298984  -0.3856298984  -0.0076218530  -0.4672105353  -0.4671678149  -0.0019639758  -0.3884023613  -0.3481274861  -0.0002490058  -0.3879123086  -0.4253824134  -0.0151703188  -0.4672412513  -0.4671396530  -0.0085417299  -0.3846237683  -0.3851554555  -0.0024191831  -0.3892983728  -0.3528955252  -0.0163969866  -0.3846841226  -0.3850538788 
 -0.1031683873  -0.1031683873  -0.0483028453  -0.0086696350  -0.1032097224  -0.0484895400  -0.0018675606  -0.0586163704  -0.0691899864  -0.0002263330  -0.0213928151  -0.0832096724  -0.0165001828  -0.0484131630  -0.1032097165  -0.0095981648  -0.0484692048  -0.0485461259  -0.0022886565  -0.0586386365  -0.0586244196  -0.0167538640  -0.1032097172  -0.1032097172 
 -0.0135372599  -0.0135361659  -0.0135361659  -0.0130508821  -0.0134140159  -0.0135373736  -0.0014376745  -0.0067661700  -0.0067665375  -0.0001315276  -0.0020191716  -0.0135224652  -0.0133258329  -0.0133258329  -0.0135367770  -0.0131875162  -0.0131875169  -0.0135370261  -0.0014425647  -0.0014425778  -0.0067661614  -0.0133278861  -0.0133278861  -0.0135373225 
 -0.8551958254  -0.8551958454  -0.8551958317  -0.0076982521  -0.8551478500  -0.8551678911  -0.0019569457  -0.8550936386  -0.8553710583  -0.0002473526  -0.8552155101  -0.8552097762  -0.0152672859  -0.8550653000  -0.8552420002  -0.0086187600  -0.8551652188  -0.8551921810  -0.0024096658  -0.8551156843  -0.8553245232  -0.0164931323  -0.8550861832  -0.8551970786 
 -0.0394341938  -0.0394341938  -0.0394354162  -0.0102640463  -0.0431675541  -0.0284075093  -0.0017208454  -0.0428846482  -0.0437057775  -0.0001918316  -0.0212596952  -0.0394278566  -0.0185238387  -0.0285383199  -0.0648099633  -0.0112057432  -0.0428761736  -0.0415491274  -0.0020900339  -0.0372636360  -0.0447548819  -0.0189714907  -0.0491233277  -0.0648099461 
 -0.0532190739  -0.0532190739  -0.0537640317  -0.0108602586  -0.0637934519  -0.0624705242  -0.0016659830  -0.0504787378  -0.0491233413  -0.0001789303  -0.0185737033  -0.0548864109  -0.0192805621  -0.0816910199  -0.0413625259  -0.0118068791  -0.0623928114  -0.0628003593  -0.0020157612  -0.0417271384  -0.0538256301  -0.0197904644  -0.0818164740  -0.0816954427 
 -0.6839815654  -0.6839814814  -0.6839814809  -0.0072903726  -0.6839833574  -0.6839794033  -0.0019944781  -0.6839938476  -0.6839982979  -0.0002561787  -0.6839857688  -0.6839883368  -0.0147495979  -0.6839928224  -0.6839985159  -0.0082075121  -0.6839885249  -0.6839930068  -0.0024604771  -0.6839947856  -0.6839991707  -0.0159798298  -0.6839951143  -0.6840033862 
 -0.0877817632  -0.0880387909  -0.0880387909  -0.0104386729  -0.1060432213  -0.1137538260  -0.0017047766  -0.0716441365  -0.0725819361  -0.0001880529  -0.0773102123  -0.0819310332  -0.0187454778  -0.1017467736  -0.1137434922  -0.0113818118  -0.1060746701  -0.1137600676  -0.0020682799  -0.0723360174  -0.0725784171  -0.0199418595  -0.1017361841  -0.1061062330 
 -0.0076961912  -0.0076959330  -0.0076959330  -0.0104386729  -0.0107381299  -0.0122644714  -0.0016769086  -0.0082340819  -0.0064627039  -0.0001880529  -0.0053311283  -0.0056870843  -0.0106092736  -0.0106092736  -0.0122659173  -0.0105697412  -0.0105698588  -0.0122709170  -0.0016882126  -0.0016884864  -0.0064434339  -0.0106084751  -0.0106084751  -0.0122696990 
 -0.3945122828  -0.3945251507  -0.3945251507  -0.0130508821  -0.3945110594  -0.3945110594  -0.0014644053  -0.3945095261  -0.3945095261  -0.0001315276  -0.3945857894  -0.3945857894  -0.0220609414  -0.3945121449  -0.3945121449  -0.0140155934  -0.3945549008  -0.3945549008  -0.0017428659  -0.3945996480  -0.3945996480  -0.0232292368  -0.3945888959  -0.3945888959 
 -0.4470806282  -0.4470806282  -0.4471730030  -0.0062051835  -0.4471074531  -0.4471061617  -0.0020943354  -0.4471698413  -0.4471702460  -0.0002796610  -0.4471722366  -0.4471723157  -0.0133722560  -0.4471322730  -0.5370091127  -0.0071133612  -0.5370883695  -0.5370724528  -0.0025956637  -0.4471713339  -0.4470733330  -0.0146141558  -0.4471375443  -0.5369852119 
 -0.0161833302  -0.0246750169  -0.0247658618  -0.0112622455  -0.0204008849  -0.0111534515  -0.0016237495  -0.0063157478  -0.0068114709  -0.0001702317  -0.0058488558  -0.0073807101  -0.0136736830  -0.0136736831  -0.0111534533  -0.0113566868  -0.0113569151  -0.0111534484  -0.0017566029  -0.0054440472  -0.0056627524  -0.0136709834  -0.0136709834  -0.0204009328 
 -0.3228973785  -0.3228973785  -0.3229138861  -0.0074374092  -0.3918200683  -0.3910997452  -0.0019809480  -0.3224374779  -0.3224272727  -0.0002529970  -0.3223858163  -0.3233033648  -0.0149362194  -0.3209603039  -0.3204298180  -0.0083557630  -0.3225205501  -0.3224060862  -0.0024421601  -0.3225612599  -0.3223926764  -0.0161648704  -0.3221847548  -0.3220355170 
 -0.1780928071  -0.1780732857  -0.1780690423  -0.0130508821  -0.1780288000  -0.1780474613  -0.0014644053  -0.1780900295  -0.1780853825  -0.0001315276  -0.1780920421  -0.1780736051  -0.0220609414  -0.1779894588  -0.1780519417  -0.0140155934  -0.1780438016  -0.1779802271  -0.0017428659  -0.1780766690  -0.1779980593  -0.0232292368  -0.1780401264  -0.1780071697 
 -0.4935520742  -0.4935520786  -0.4936375188  -0.0130508821  -0.4935289116  -0.4935369781  -0.0014644053  -0.4935937035  -0.4936374719  -0.0001315276  -0.4936259694  -0.4936343888  -0.0220609414  -0.4935978193  -0.4936147602  -0.0140155934  -0.4936104929  -0.4936153842  -0.0017428659  -0.4936339059  -0.4936384644  -0.0232292368  -0.4936082225  -0.4936101957 
 -0.3878488784  -0.3878590644  -0.3878590644  -0.0130508821  -0.3879025915  -0.3879025915  -0.0014644053  -0.3878668929  -0.3878668929  -0.0001315276  -0.3879203323  -0.3879203323  -0.0220609414  -0.3879292951  -0.3879292951  -0.0140155934  -0.3878491373  -0.3878491373  -0.0017428659  -0.3879268820  -0.3879268820  -0.0232292368  -0.3878667717  -0.3878667717 
 -0.0892382734  -0.0920180728  -0.0920180728  -0.0106859349  -0.1211264012  -0.1211555381  -0.0016820239  -0.0848145625  -0.0723140341  -0.0001827024  -0.0735336042  -0.0830687072  -0.0190593074  -0.1209537249  -0.1211030432  -0.0116311159  -0.1210991258  -0.1062881626  -0.0020374774  -0.0723177420  -0.0722633815  -0.0202530305  -0.1209521008  -0.1208044239 
 -0.1019278046  -0.1009985592  -0.1009985582  -0.0076982521  -0.1035523557  -0.0994020896  -0.0019569457  -0.0687645447  -0.0856825466  -0.0002473526  -0.0540537914  -0.0626419615  -0.0152672859  -0.0961020483  -0.0998604321  -0.0086187600  -0.1016397875  -0.1016192348  -0.0024096658  -0.0592421655  -0.0692125935  -0.0164931323  -0.0969320765  -0.1016214407 
 -0.2851312174  -0.2814403381  -0.2814403381  -0.0101140484  -0.2799303501  -0.2799303501  -0.0017346480  -0.2606087698  -0.2606087698  -0.0001950774  -0.2249698670  -0.2249698670  -0.0183334585  -0.2798983764  -0.2798983764  -0.0110545065  -0.2799127212  -0.2799127212  -0.0021087198  -0.2606104763  -0.2606104763  -0.0195333305  -0.2800978609  -0.2800978609 
 -0.2540661885  -0.2221323041  -0.2221323041  -0.0080615589  -0.2453517181  -0.2453517181  -0.0019235148  -0.2148940791  -0.2148940791  -0.0002394911  -0.1728870508  -0.1728870508  -0.0157284015  -0.2462562191  -0.2462562191  -0.0089850670  -0.2439659113  -0.2439659113  -0.0023644071  -0.1671981480  -0.1671981480  -0.0169503417  -0.2452680112  -0.2452680112 
 -0.1809992124  -0.1809992124  -0.1810000762  -0.0076218530  -0.1809976646  -0.1809865692  -0.0019639758  -0.1779506276  -0.1809980862  -0.0002490058  -0.1043872093  -0.1048396153  -0.0151703188  -0.1809985205  -0.1809957653  -0.0085417299  -0.1809960988  -0.1809988100  -0.0024191831  -0.1482627001  -0.1809963275  -0.0163969866  -0.1809957917  -0.1809948429 
 -0.1273907728  -0.1273907728  -0.1271170499  -0.0085327210  -0.1632106984  -0.1619731208  -0.0018801592  -0.1262489364  -0.1258810797  -0.0002292956  -0.1365264816  -0.1174740386  -0.0163264091  -0.1529044015  -0.1531001980  -0.0094601202  -0.1625360714  -0.1625254321  -0.0023057124  -0.1297629407  -0.1257301056  -0.0175432834  -0.1716160188  -0.1716219750 
 -0.0099158598  -0.0099159923  -0.0099159923  -0.0077259380  -0.0085647936  -0.0085605498  -0.0019448799  -0.0048621746  -0.0048529989  -0.0002467535  -0.0098939708  -0.0098904617  -0.0090907617  -0.0068282025  -0.0085621779  -0.0076496030  -0.0076502327  -0.0085618515  -0.0020644960  -0.0051281893  -0.0048553825  -0.0089166146  -0.0089166166  -0.0085621495 
 -0.8178027220  -0.8177963202  -0.8177963202  -0.0075014887  -0.8177656904  -0.8177266995  -0.0019750515  -0.8178219672  -0.8178237131  -0.0002516104  -0.8178134195  -0.8178211637  -0.0150175503  -0.8178094302  -0.8177923302  -0.0084203717  -0.8177656297  -0.8176630039  -0.0024341774  -0.8180238161  -0.8180174841  -0.0162455123  -0.8178095091  -0.8178172126 
 -0.0092361878  -0.0092271966  -0.0092271966  -0.0085327210  -0.0095873892  -0.0100892839  -0.0018688000  -0.0069610224  -0.0069651467  -0.0002292956  -0.0078317789  -0.0078298473  -0.0074716765  -0.0100179072  -0.0110533829  -0.0087381880  -0.0087381134  -0.0100927059  -0.0020789238  -0.0063487471  -0.0071152381  -0.0097481353  -0.0091942935  -0.0109720373 
 -0.5939194017  -0.5939194017  -0.5939156524  -0.0099343921  -0.5939023471  -0.5939021117  -0.0017511797  -0.5938955837  -0.5939240585  -0.0001989650  -0.5938519391  -0.5938385236  -0.0181054355  -0.5938961930  -0.5938652562  -0.0108733666  -0.5938526363  -0.5938153925  -0.0021311003  -0.5938720090  -0.5938606716  -0.0193072392  -0.5938382272  -0.5937908792 
 -0.3200840712  -0.3200840768  -0.3200834551  -0.0108602586  -0.3200844347  -0.3200870294  -0.0016659830  -0.3200514445  -0.3200786114  -0.0001789303  -0.3200008785  -0.3198244587  -0.0192805621  -0.3200804892  -0.3200822540  -0.0118068791  -0.3200685480  -0.3200163750  -0.0020157612  -0.3200397540  -0.3177338549  -0.0204724109  -0.3200390513  -0.3200259581 
 -0.5858971774  -0.5858971774  -0.5858972019  -0.0108602586  -0.5858859438  -0.5858859204  -0.0016659830  -0.5859027730  -0.5859054947  -0.0001789303  -0.5859131730  -0.5859145141  -0.0192805621  -0.5859018034  -0.5859017028  -0.0118068791  -0.5858849243  -0.5858967031  -0.0020157612  -0.5859062323  -0.5859123562  -0.0204724109  -0.5859039689  -0.5859178834 
 -0.1935692383  -0.1935692383  -0.2163565676  -0.0108602586  -0.2163278651  -0.2163269913  -0.0016659830  -0.1362646897  -0.1537358635  -0.0001789303  -0.1437958699  -0.1437342106  -0.0192805621  -0.2163541328  -0.2163585045  -0.0118068791  -0.2163630501  -0.2163693902  -0.0020157612  -0.1338716339  -0.1362711113  -0.0204724109  -0.2163452506  -0.2163513054 
 -0.3866789222  -0.3867365588  -0.3867365588  -0.0130508821  -0.3865773257  -0.3865773257  -0.0014644053  -0.3867585357  -0.3867585357  -0.0001315276  -0.3867470647  -0.3867470647  -0.0220609414  -0.3866709837  -0.3866709837  -0.0140155934  -0.3865759075  -0.3865759075  -0.0017428659  -0.3867451828  -0.3867451828  -0.0232292368  -0.3866726110  -0.3866726110 
 -0.7173546838  -0.7173487974  -0.7173487974  -0.0064769086  -0.7168695972  -0.8091772670  -0.0020693317  -0.7174513856  -0.7174377798  -0.0002737812  -0.7168389174  -0.8095530870  -0.0137171346  -0.7174329006  -0.7174490402  -0.0073873303  -0.7374796365  -0.8091616207  -0.0025618137  -0.7174125955  -0.7173661260  -0.0149561128  -0.7172959631  -0.7170663481 
 -0.0138203090  -0.0138203093  -0.0138203093  -0.0095901688  -0.0099304934  -0.0099314388  -0.0017598305  -0.0103775086  -0.0138681429  -0.0002064136  -0.0054162666  -0.0064726834  -0.0099358169  -0.0099358169  -0.0129599363  -0.0097036354  -0.0097036358  -0.0099310122  -0.0017790278  -0.0017796161  -0.0103867843  -0.0099311730  -0.0099311730  -0.0113112894 
 -0.2782404138  -0.2782404138  -0.2783113646  -0.0130508821  -0.2783082944  -0.2783376926  -0.0014644053  -0.2783164486  -0.2783244863  -0.0001315276  -0.2782828315  -0.2783043272  -0.0220609414  -0.2783380848  -0.2783279404  -0.0140155934  -0.2783369561  -0.2783208317  -0.0017428659  -0.2783154430  -0.2783444903  -0.0232292368  -0.2783309143  -0.2783231309 
 -0.1648121603  -0.1648121603  -0.1648107721  -0.0076982521  -0.1647997440  -0.1648064375  -0.0019569457  -0.1396222560  -0.1404494047  -0.0002473526  -0.0906858876  -0.0934947448  -0.0152672859  -0.1677799362  -0.1648078782  -0.0086187600  -0.1648072343  -0.1648129501  -0.0024096658  -0.1054433308  -0.1395914198  -0.0164931323  -0.1678294177  -0.1679711102 
 -0.2613327654  -0.2671272490  -0.2671272490  -0.0104386729  -0.2678080289  -0.2678080289  -0.0017047766  -0.2060258839  -0.2060258839  -0.0001880529  -0.1740408326  -0.1740408326  -0.0187454778  -0.2684810793  -0.2684810793  -0.0113818118  -0.2669000106  -0.2669000106  -0.0020682799  -0.2060583881  -0.2060583881  -0.0199418595  -0.2679036415  -0.2679036415 
 -0.7940557567  -0.7940551703  -0.7940551731  -0.0077996191  -0.7941307344  -0.7940049847  -0.0019476180  -0.7941824724  -0.7941622430  -0.0002451592  -0.7940025638  -0.7939962732  -0.0153959428  -0.7942089848  -0.7941475509  -0.0087209641  -0.7940073899  -0.7940045226  -0.0023970381  -0.7941509600  -0.7940892936  -0.0166206993  -0.7941522051  -0.7941118950 
 -0.2809833033  -0.2809833033  -0.2810269944  -0.0130508821  -0.2810220235  -0.2810141323  -0.0014644053  -0.2810283952  -0.2809987827  -0.0001315276  -0.2809135953  -0.2810159535  -0.0220609414  -0.2810272799  -0.2810041082  -0.0140155934  -0.2810130336  -0.2810019956  -0.0017428659  -0.2810284557  -0.2810200094  -0.0232292368  -0.2810079743  -0.2810337748 
 -0.0164230402  -0.0164231646  -0.0164231646  -0.0086696350  -0.0224592496  -0.0224636159  -0.0018636243  -0.0134974268  -0.0141918396  -0.0002263330  -0.0123149196  -0.0164713160  -0.0129132860  -0.0272548372  -0.0146579105  -0.0092903881  -0.0225060829  -0.0224496983  -0.0021451664  -0.0164005320  -0.0164595244  -0.0104790457  -0.0207504108  -0.0273535341 
 -0.4972085416  -0.4972085416  -0.4972010059  -0.0086696350  -0.4972014974  -0.4972084373  -0.0018675606  -0.4972091688  -0.3201805071  -0.0002263330  -0.4972049491  -0.3589465677  -0.0165001828  -0.4972006190  -0.4972008029  -0.0095981648  -0.4972082182  -0.4972060865  -0.0022886565  -0.4972012797  -0.3584845467  -0.0177155850  -0.4972084647  -0.4972041484 
 -0.1335188143  -0.1335188143  -0.1603762836  -0.0085578452  -0.1756577175  -0.1756590544  -0.0018778473  -0.1077949783  -0.1291355383  -0.0002287520  -0.1278685810  -0.1270801433  -0.0163582971  -0.1567496814  -0.1567485313  -0.0094854518  -0.1612078961  -0.1769695360  -0.0023025826  -0.1101475059  -0.1289529621  -0.0175749013  -0.1567438825  -0.1567452038 
 -0.5818446922  -0.5818446922  -0.5820398230  -0.0112622455  -0.5818689122  -0.5818698371  -0.0016289928  -0.5818620624  -0.5818623188  -0.0001702317  -0.5818391876  -0.5818439256  -0.0197907712  -0.5818549737  -0.5803767277  -0.0122121857  -0.5818460054  -0.5818442794  -0.0019656840  -0.5818555330  -0.5818609512  -0.0209782979  -0.5818457717  -0.5803809556 
 -0.7983624677  -0.7983576328  -0.7983576327  -0.0080312884  -0.7983769494  -0.7983716555  -0.0019263002  -0.7984078207  -0.7979838911  -0.0002401461  -0.7983597281  -0.7982914755  -0.0156899817  -0.7984090567  -0.7979652238  -0.0089545466  -0.7983737178  -0.7983129660  -0.0023681780  -0.7984294351  -0.7979998927  -0.0169122474  -0.7984277670  -0.7979975650 
 -0.8142061862  -0.8147967980  -0.8147967980  -0.0112622455  -0.8148867187  -0.8152794713  -0.0016289928  -0.8144015123  -0.8143998900  -0.0001702317  -0.8142411240  -0.8154458353  -0.0197907712  -0.8147662767  -0.8144836285  -0.0122121857  -0.8142759451  -0.8143569451  -0.0019656840  -0.8143431639  -0.8144348995  -0.0209782979  -0.8144635912  -0.8144816686 
 -0.1335188143  -0.1335188143  -0.1603762836  -0.0085578452  -0.1756577175  -0.1756590544  -0.0018778473  -0.1077949783  -0.1291355383  -0.0002287520  -0.1278685810  -0.1270801433  -0.0163582971  -0.1567496814  -0.1567485313  -0.0094854518  -0.1612078961  -0.1769695360  -0.0023025826  -0.1101475059  -0.1289529621  -0.0175749013  -0.1567438825  -0.1567452038 
 -0.1780928071  -0.1780732857  -0.1780690423  -0.0130508821  -0.1780288000  -0.1780474613  -0.0014644053  -0.1780900295  -0.1780853825  -0.0001315276  -0.1780920421  -0.1780736051  -0.0220609414  -0.1779894588  -0.1780519417  -0.0140155934  -0.1780438016  -0.1779802271  -0.0017428659  -0.1780766690  -0.1779980593  -0.0232292368  -0.1780401264  -0.1780071697 
 -0.1780928071  -0.1780732857  -0.1780690423  -0.0130508821  -0.1780288000  -0.1780474613  -0.0014644053  -0.1780900295  -0.1780853825  -0.0001315276  -0.1780920421  -0.1780736051  -0.0220609414  -0.1779894588  -0.1780519417  -0.0140155934  -0.1780438016  -0.1779802271  -0.0017428659  -0.1780766690  -0.1779980593  -0.0232292368  -0.1780401264  -0.1780071697 
 -0.0533576180  -0.0529083534  -0.0475067041  -0.0076982521  -0.0461685834  -0.0583018750  -0.0019569457  -0.0271402505  -0.0290082140  -0.0002473526  -0.0264950008  -0.0192983932  -0.0152672859  -0.0230418242  -0.0231631719  -0.0086187600  -0.0196957342  -0.0359333891  -0.0024096658  -0.0269467646  -0.0273207108  -0.0156554887  -0.0584102702  -0.0584971166 
 -0.0803524058  -0.0803524058  -0.0803497060  -0.0117861250  -0.0801297856  -0.0773053415  -0.0015807862  -0.0766845303  -0.0649124844  -0.0001588955  -0.0622383290  -0.0803004746  -0.0204556887  -0.0947572639  -0.0544088914  -0.0127403916  -0.0790082572  -0.0790058092  -0.0019004220  -0.0633949851  -0.0766637945  -0.0210044975  -0.0544088955  -0.0544469777 
 -0.0682772267  -0.0688964293  -0.0688964293  -0.0062558388  -0.0693241044  -0.0684324175  -0.0020896742  -0.0480888017  -0.0597056975  -0.0002785649  -0.0640291673  -0.0669939149  -0.0134365487  -0.0852893910  -0.0807592720  -0.0071644349  -0.0692819640  -0.0693037010  -0.0025893533  -0.0602197576  -0.0609430058  -0.0146779039  -0.0830420199  -0.0806736336 
 -0.1769323605  -0.1769941073  -0.1769340974  -0.0130508821  -0.1770199221  -0.1771066833  -0.0014644053  -0.1268184504  -0.1768660931  -0.0001315276  -0.1766602149  -0.1769270321  -0.0220609414  -0.1770262271  -0.1770157585  -0.0140155934  -0.1770090852  -0.1770804066  -0.0017428659  -0.1257309001  -0.1767008632  -0.0232292368  -0.1770271505  -0.1770053029 
 -0.5547474943  -0.5547474943  -0.5547526065  -0.0076635269  -0.6970483306  -0.6970494875  -0.0019601410  -0.6045649908  -0.5868799537  -0.0002481040  -0.6344632271  -0.6344497933  -0.0152232120  -0.6368670737  -0.5871380066  -0.0085837480  -0.6968911864  -0.6968367734  -0.0024139916  -0.6046839209  -0.5869649609  -0.0164494318  -0.6361026770  -0.6990986606 
 -0.3788124737  -0.3788124721  -0.3471340391  -0.0104386729  -0.3864817239  -0.3864962603  -0.0017047766  -0.3788080812  -0.3496299999  -0.0001880529  -0.3838786505  -0.3804322928  -0.0187454778  -0.3788154433  -0.3788118376  -0.0113818118  -0.3863903372  -0.3864206260  -0.0020682799  -0.3266735276  -0.3065645102  -0.0199418595  -0.3788171901  -0.3788165486 
 -0.2319421849  -0.2079701830  -0.2079701830  -0.0066758252  -0.2275963604  -0.2275963604  -0.0020510277  -0.1870092281  -0.1870092281  -0.0002694768  -0.1923586400  -0.1923586400  -0.0139696032  -0.1749039487  -0.1749039487  -0.0075878897  -0.2267423096  -0.2267423096  -0.0025370338  -0.1805446102  -0.1805446102  -0.0152064427  -0.1845781836  -0.1845781836 
 -0.0093355636  -0.0093356911  -0.0093356911  -0.0094306154  -0.0097594276  -0.0099391498  -0.0017710975  -0.0093409957  -0.0093413975  -0.0002098662  -0.0062633683  -0.0066569234  -0.0099480012  -0.0099480016  -0.0099542034  -0.0095420244  -0.0095420254  -0.0097425055  -0.0017826378  -0.0017833979  -0.0093412558  -0.0100654551  -0.0100654551  -0.0099431442 
 -0.8368009182  -0.8368021339  -0.8368021333  -0.0130508821  -0.8367986468  -0.8367629110  -0.0014644053  -0.8368169743  -0.8368370019  -0.0001315276  -0.8368030095  -0.8367831658  -0.0220609414  -0.8368106556  -0.8367885971  -0.0140155934  -0.8367998782  -0.8367887943  -0.0017428659  -0.8368181814  -0.8368643752  -0.0232292368  -0.8368120277  -0.8368168870 
 -0.2669609768  -0.2663566646  -0.2663566646  -0.0097072945  -0.2670092662  -0.2670092662  -0.0017720768  -0.2664978077  -0.2664978077  -0.0002038791  -0.2691205921  -0.2691205921  -0.0178171992  -0.2667769046  -0.2667769046  -0.0106443936  -0.2697930492  -0.2697930492  -0.0021593908  -0.2539047531  -0.2539047531  -0.0190214445  -0.2663398097  -0.2663398097 
 -0.7270828474  -0.7270828474  -0.7270845764  -0.0130508821  -0.7292087565  -0.7292521471  -0.0014644053  -0.7260205750  -0.7278959033  -0.0001315276  -0.7232919709  -0.7256049427  -0.0220609414  -0.7292575349  -0.7917525363  -0.0140155934  -0.7279305151  -0.7291959287  -0.0017428659  -0.7232566781  -0.7221337603  -0.0232292368  -0.7292148828  -0.7917610178 
 -0.1078920658  -0.1096751818  -0.1096751818  -0.0099343921  -0.1241801848  -0.1192353759  -0.0017511797  -0.0988162610  -0.1080248012  -0.0001989650  -0.1093172594  -0.1096702200  -0.0181054355  -0.1191504014  -0.1192458821  -0.0108733666  -0.1080842603  -0.1097001577  -0.0021311003  -0.0923573011  -0.1078948717  -0.0193072392  -0.1181450593  -0.1193929500 
 -0.1296085792  -0.1296745222  -0.1297092781  -0.0130508821  -0.1296651104  -0.1295907069  -0.0014644053  -0.1296278916  -0.1296197180  -0.0001315276  -0.1296282965  -0.1296146284  -0.0220609414  -0.1296638221  -0.1296192966  -0.0140155934  -0.1296019860  -0.1296001921  -0.0017428659  -0.1296868036  -0.1295576959  -0.0232292368  -0.1272361716  -0.1296731186 
 -0.4674617942  -0.4674615624  -0.4674615624  -0.0086696350  -0.5480733948  -0.5951659011  -0.0018675606  -0.5344151473  -0.5480863191  -0.0002263330  -0.4674544205  -0.5479865609  -0.0165001828  -0.5481032449  -0.5355519958  -0.0095981648  -0.5488913874  -0.5489418570  -0.0022886565  -0.4674250508  -0.5480618456  -0.0177155850  -0.5479634214  -0.5480072761 
 -0.0611753083  -0.0611753083  -0.0611738398  -0.0077996191  -0.0676762710  -0.0318591504  -0.0019476180  -0.0382778977  -0.0382099877  -0.0002451592  -0.0182799523  -0.0189331813  -0.0153959428  -0.0316471222  -0.0318591504  -0.0087209641  -0.0554231156  -0.0678417265  -0.0023970381  -0.0382735980  -0.0382737079  -0.0157907440  -0.0317624683  -0.0676714640 
 -0.3861233615  -0.3861233614  -0.4892592087  -0.0086696350  -0.4892497499  -0.4892672958  -0.0018675606  -0.4892533334  -0.3473226370  -0.0002263330  -0.3428712995  -0.3876404878  -0.0165001828  -0.4892676028  -0.4892664155  -0.0095981648  -0.4892658244  -0.4892672651  -0.0022886565  -0.4892524920  -0.3473203336  -0.0177155850  -0.4892509971  -0.4892635499 
 -0.3843348080  -0.3842818907  -0.3842818907  -0.0086696350  -0.3843631022  -0.3843631022  -0.0018675606  -0.3843704971  -0.3843704971  -0.0002263330  -0.3843281278  -0.3843281278  -0.0165001828  -0.3842842904  -0.3842842904  -0.0095981648  -0.3843393127  -0.3843393127  -0.0022886565  -0.3841351439  -0.3841351439  -0.0177155850  -0.3843329141  -0.3843329141 
 -0.1702522460  -0.1703876525  -0.1703876525  -0.0086696350  -0.1707560642  -0.1698442031  -0.0018675606  -0.1689196094  -0.1703712490  -0.0002263330  -0.1689158546  -0.1703822208  -0.0165001828  -0.1708437696  -0.1708337969  -0.0095981648  -0.1708040849  -0.1698482105  -0.0022886565  -0.1689093918  -0.1703609277  -0.0177155850  -0.1709151954  -0.1708718934 
 -0.5424936333  -0.5424936332  -0.5424048163  -0.0104386729  -0.6294488910  -0.6294712553  -0.0017047766  -0.6288707597  -0.6065089267  -0.0001880529  -0.5484957667  -0.5409207264  -0.0187454778  -0.6558626206  -0.6562511328  -0.0113818118  -0.6295449344  -0.6288551372  -0.0020682799  -0.6046814096  -0.6054118375  -0.0199418595  -0.6554274003  -0.6559826495 
 -0.0071483846  -0.0071452458  -0.0071452458  -0.0106859349  -0.0110071851  -0.0089403942  -0.0016524302  -0.0044035395  -0.0044741857  -0.0001827024  -0.0046662499  -0.0052785071  -0.0108595969  -0.0108595970  -0.0089365037  -0.0108068669  -0.0108068704  -0.0089296551  -0.0016592912  -0.0016593420  -0.0045791722  -0.0108579171  -0.0108579171  -0.0161677935 
 -0.5942433073  -0.5942432384  -0.5942432384  -0.0130508821  -0.5944653674  -0.5944921218  -0.0014644053  -0.5943259732  -0.5381540085  -0.0001315276  -0.5941370481  -0.5426300561  -0.0220609414  -0.5944883967  -0.5945295719  -0.0140155934  -0.5944220962  -0.5944632444  -0.0017428659  -0.5941747218  -0.5426558417  -0.0232292368  -0.5944668253  -0.5944728598 
 -0.7192732497  -0.7192732497  -0.7192742056  -0.0086696350  -0.7192765886  -0.7192757742  -0.0018675606  -0.7207427273  -0.7206781317  -0.0002263330  -0.7192739338  -0.7192738787  -0.0165001828  -0.7192739608  -0.7190446695  -0.0095981648  -0.7192752554  -0.7192741651  -0.0022886565  -0.7212046844  -0.7211808507  -0.0177155850  -0.7192740050  -0.7192745344 
 -0.3784981452  -0.3784981450  -0.3761828828  -0.0104386729  -0.3785049659  -0.3785028176  -0.0017047766  -0.3779142930  -0.3469413707  -0.0001880529  -0.3779181811  -0.2755435507  -0.0187454778  -0.3784946356  -0.3779944907  -0.0113818118  -0.3784954686  -0.3779158407  -0.0020682799  -0.3779162052  -0.2752723144  -0.0199418595  -0.3779192890  -0.3776185754 
 -0.8246285371  -0.8246235290  -0.8246235290  -0.0117861250  -0.8246255051  -0.8246184501  -0.0015807862  -0.8246368672  -0.8246404928  -0.0001588955  -0.8246303983  -0.8246220897  -0.0204556887  -0.8246380949  -0.8246407266  -0.0127403916  -0.8246312086  -0.8246138169  -0.0019004220  -0.8246386459  -0.8246375570  -0.0216375826  -0.8246381699  -0.8246382383 
 -0.5170436213  -0.5170436215  -0.5170436215  -0.0101300507  -0.5169776762  -0.5169490930  -0.0017331755  -0.5170413022  -0.5170137963  -0.0001947312  -0.5170117262  -0.5170740914  -0.0183537690  -0.5169724032  -0.5169512162  -0.0110706410  -0.5169485630  -0.5169289847  -0.0021067263  -0.5170207335  -0.5169318166  -0.0195534689  -0.5169469573  -0.5169748022 
 -0.2613327667  -0.2671272488  -0.2671272488  -0.0104386729  -0.2678080293  -0.2678080293  -0.0017047766  -0.2060258840  -0.2060258840  -0.0001880529  -0.1740408326  -0.1740408326  -0.0187454778  -0.2684810803  -0.2684810803  -0.0113818118  -0.2669000162  -0.2669000162  -0.0020682799  -0.2060583873  -0.2060583873  -0.0199418595  -0.2679036377  -0.2679036377 
 -0.9131335217  -0.9131546673  -0.9131546644  -0.0130508821  -0.9131086639  -0.9132467204  -0.0014644053  -0.9132208867  -0.9132147573  -0.0001315276  -0.9131609986  -0.9131819567  -0.0220609414  -0.9131965963  -0.9131650190  -0.0140155934  -0.9131192992  -0.9132347917  -0.0017428659  -0.9132209061  -0.9132031289  -0.0232292368  -0.9131989709  -0.9131864124 
 -0.0103761925  -0.0076467748  -0.0076339959  -0.0074779329  -0.0077699995  -0.0077696489  -0.0019424545  -0.0051470561  -0.0062238367  -0.0002521201  -0.0102898719  -0.0103694032  -0.0077694731  -0.0077694731  -0.0063774364  -0.0076026100  -0.0076030642  -0.0077694687  -0.0019496770  -0.0051512411  -0.0085759807  -0.0077692830  -0.0077692830  -0.0077694472 
 -0.0451142316  -0.0451142316  -0.0454217094  -0.0080312884  -0.0654476928  -0.0665840198  -0.0019263002  -0.0402008497  -0.0401938904  -0.0002401461  -0.0198341675  -0.0408047632  -0.0156899817  -0.0665440376  -0.0239571686  -0.0089545466  -0.0486099164  -0.0666353015  -0.0023681780  -0.0402018625  -0.0402022221  -0.0160912975  -0.0238846399  -0.0665421074 
 -0.3788124721  -0.3788124719  -0.3471340388  -0.0104386729  -0.3864817246  -0.3864962600  -0.0017047766  -0.3788080772  -0.3496300000  -0.0001880529  -0.3838786473  -0.3804322906  -0.0187454778  -0.3788154416  -0.3788118397  -0.0113818118  -0.3863903370  -0.3864206258  -0.0020682799  -0.3266735318  -0.3065645102  -0.0199418595  -0.3788171904  -0.3788165508 
 -0.2226558317  -0.2079570128  -0.2079570128  -0.0077568752  -0.2258410504  -0.2258410504  -0.0019515513  -0.1825391517  -0.1825391517  -0.0002460841  -0.1704653394  -0.1704653394  -0.0153416914  -0.2412566216  -0.2412566216  -0.0086778672  -0.2467079792  -0.2467079792  -0.0024023628  -0.1613456237  -0.1613456237  -0.0165669075  -0.2412108702  -0.2412108702 
 -0.1928518558  -0.1928518558  -0.1928541331  -0.0080312884  -0.1928523099  -0.1928492918  -0.0019263002  -0.1915182372  -0.1928558971  -0.0002401461  -0.1267062673  -0.1915636988  -0.0156899817  -0.1928450475  -0.1928534320  -0.0089545466  -0.1928472942  -0.1928494053  -0.0023681780  -0.1915090906  -0.1928559268  -0.0169122474  -0.1928471228  -0.1928471789 
 -0.5063101934  -0.5063101915  -0.5063101915  -0.0096909895  -0.5296596533  -0.5296602529  -0.0017735772  -0.5068263953  -0.5072753752  -0.0002042320  -0.5068177817  -0.4515045297  -0.0177965045  -0.5296401958  -0.5296029989  -0.0106279539  -0.5296789138  -0.5293918032  -0.0021614220  -0.5067870352  -0.5074743480  -0.0190009252  -0.5296711617  -0.5297055286 
 -0.4950817794  -0.4950817794  -0.4950926042  -0.0130508821  -0.4950671974  -0.4950705265  -0.0014644053  -0.4950981396  -0.4950448980  -0.0001315276  -0.4950847329  -0.4950865068  -0.0220609414  -0.4950706515  -0.4950704372  -0.0140155934  -0.4950664014  -0.4950711607  -0.0017428659  -0.4950395454  -0.4950488757  -0.0232292368  -0.4950651334  -0.4950665532 
 -0.1843820241  -0.1843622280  -0.1843647902  -0.0130508821  -0.1843880479  -0.1843805242  -0.0014644053  -0.1844449637  -0.1843588256  -0.0001315276  -0.1844244497  -0.1843899387  -0.0220609414  -0.1843763828  -0.1843822222  -0.0140155934  -0.1843884574  -0.1843925361  -0.0017428659  -0.1688633559  -0.1843870960  -0.0232292368  -0.1843877956  -0.1843976225 
 -0.3972646201  -0.3972646201  -0.3290836080  -0.0112622455  -0.3968616910  -0.3972532721  -0.0016289928  -0.3290821081  -0.3977683558  -0.0001702317  -0.3290906356  -0.3298644309  -0.0197907712  -0.3972583361  -0.3959039636  -0.0122121857  -0.3290924847  -0.3291048445  -0.0019656840  -0.3290711280  -0.3290985065  -0.0209782979  -0.3290805752  -0.3290650009 
 -0.4134271504  -0.4134271479  -0.4134271479  -0.0078992455  -0.4133703319  -0.4133810803  -0.0019384506  -0.4164867699  -0.4152767558  -0.0002430034  -0.4134298234  -0.4143686240  -0.0155223905  -0.4169303644  -0.4170754407  -0.0088214133  -0.4133707616  -0.4137575862  -0.0023846272  -0.4166892524  -0.3897383026  -0.0167460758  -0.4167147961  -0.4170076046 
 -0.2625533783  -0.2627549919  -0.2627549919  -0.0080909430  -0.2523729747  -0.2523729747  -0.0019208109  -0.2558437083  -0.2558437083  -0.0002388552  -0.2629106274  -0.2629106274  -0.0157656963  -0.2561566815  -0.2561566815  -0.0090146938  -0.2625801533  -0.2625801533  -0.0023607466  -0.2536572442  -0.2536572442  -0.0169873206  -0.2629318794  -0.2629318794 
 -0.0610790170  -0.0610790170  -0.0610982865  -0.0130508821  -0.0557614463  -0.0557554156  -0.0014644053  -0.0551199917  -0.0550987178  -0.0001315276  -0.0576425871  -0.0583716818  -0.0220609414  -0.0323035182  -0.0793730697  -0.0140155934  -0.0551598404  -0.0551686027  -0.0017428659  -0.0309164645  -0.0547968306  -0.0225723493  -0.0322079005  -0.0796057927 
 -0.3607634458  -0.3608316089  -0.3608316089  -0.0130508821  -0.4049766248  -0.4049766248  -0.0014644053  -0.3930888359  -0.3930888359  -0.0001315276  -0.3606444127  -0.3606444127  -0.0220609414  -0.3853498972  -0.3853498972  -0.0140155934  -0.4050273371  -0.4050273371  -0.0017428659  -0.3606818369  -0.3606818369  -0.0232292368  -0.4050456399  -0.4050456399 
 -0.2678518124  -0.2678625049  -0.2678625049  -0.0108602586  -0.2678564920  -0.2678564920  -0.0016659830  -0.2678558301  -0.2678558301  -0.0001789303  -0.2504787948  -0.2504787948  -0.0192805621  -0.2678567538  -0.2678567538  -0.0118068791  -0.2609215928  -0.2609215928  -0.0020157612  -0.2503117983  -0.2503117983  -0.0204724109  -0.2678567806  -0.2678567806 
 -0.0736167105  -0.0736167105  -0.0736167105  -0.0098620594  -0.0736167106  -0.0736167106  -0.0017578356  -0.0550600038  -0.0310725983  -0.0002005302  -0.0354998112  -0.0310726026  -0.0180136296  -0.0736167106  -0.0736167104  -0.0108004366  -0.0549296683  -0.0310726024  -0.0021401111  -0.0486683786  -0.0674371392  -0.0184482978  -0.0736167105  -0.0310726026 
 -0.6368422649  -0.6368422682  -0.6367186043  -0.0098620594  -0.6367498615  -0.6367509485  -0.0017578356  -0.6367435178  -0.6363580397  -0.0002005302  -0.6370405520  -0.6370401982  -0.0180136296  -0.6365919864  -0.6365716147  -0.0108004366  -0.6367595987  -0.6367600909  -0.0021401111  -0.6367207141  -0.6367517416  -0.0192162109  -0.6364569509  -0.6365882665 
 -0.0589108689  -0.0589108689  -0.0588747351  -0.0130508821  -0.0587044259  -0.0590351177  -0.0014644053  -0.0655957705  -0.0364887670  -0.0001315276  -0.0589757415  -0.0589648882  -0.0220609414  -0.0826151892  -0.0365151727  -0.0140155934  -0.0585728531  -0.0587120468  -0.0017428659  -0.0727922015  -0.0364887668  -0.0225704996  -0.0824426255  -0.0826151890 
 -0.3134204670  -0.3134204671  -0.3135563400  -0.0080615589  -0.3566063993  -0.3566514833  -0.0019235148  -0.2713964907  -0.2662875117  -0.0002394911  -0.3135264960  -0.2628450806  -0.0157284015  -0.3538767751  -0.3543364772  -0.0089850670  -0.3553157047  -0.3562041769  -0.0023644071  -0.2714179215  -0.2150430686  -0.0169503417  -0.3541561250  -0.3540879184 
 -0.0736167105  -0.0736167105  -0.0736167105  -0.0098620594  -0.0736167106  -0.0736167106  -0.0017578356  -0.0550600038  -0.0310725983  -0.0002005302  -0.0354998112  -0.0310726026  -0.0180136296  -0.0736167106  -0.0736167104  -0.0108004366  -0.0549296683  -0.0310726024  -0.0021401111  -0.0486683786  -0.0674371392  -0.0184482978  -0.0736167105  -0.0310726026 
 -0.1026873447  -0.1026873447  -0.1092262455  -0.0076208247  -0.1490612258  -0.1490599797  -0.0019640704  -0.0991706329  -0.1012539843  -0.0002490281  -0.0957025796  -0.0963253148  -0.0151690137  -0.1606023269  -0.1606078239  -0.0085406932  -0.1598489935  -0.1490603743  -0.0024193112  -0.0939507245  -0.1016370898  -0.0163956926  -0.1597314453  -0.1597165140 
 -0.2973868515  -0.3057520626  -0.3057520626  -0.0096909895  -0.3058861610  -0.3058861610  -0.0017735772  -0.2983081456  -0.2983081456  -0.0002042320  -0.2932984296  -0.2932984296  -0.0177965045  -0.3070974399  -0.3070974399  -0.0106279539  -0.3056841170  -0.3056841170  -0.0021614220  -0.2954147431  -0.2954147431  -0.0190009252  -0.3070948397  -0.3070948397 
 -0.0151806889  -0.0151803326  -0.0151803326  -0.0130508821  -0.0134841069  -0.0151800888  -0.0014428432  -0.0081363634  -0.0120379001  -0.0001315276  -0.0024733650  -0.0151813923  -0.0166179653  -0.0166179653  -0.0151810109  -0.0137480171  -0.0137515498  -0.0231104653  -0.0014512605  -0.0014514215  -0.0083027105  -0.0166170665  -0.0166170665  -0.0151786672 
 -0.4887171034  -0.4887171015  -0.4887171015  -0.0108602586  -0.4881110853  -0.4881190808  -0.0016659830  -0.4885498100  -0.4883916062  -0.0001789303  -0.4886463681  -0.4885335775  -0.0192805621  -0.4887025358  -0.4886707992  -0.0118068791  -0.4880550698  -0.4880495813  -0.0020157612  -0.4886814559  -0.4886201514  -0.0204724109  -0.4887043855  -0.4887018305 
 -0.0068282580  -0.0069041235  -0.0069041235  -0.0096569038  -0.0099033647  -0.0099015354  -0.0017476528  -0.0054046723  -0.0054010836  -0.0002049695  -0.0067293832  -0.0067289505  -0.0099510219  -0.0099510219  -0.0099429667  -0.0097700697  -0.0097700710  -0.0098923326  -0.0017542232  -0.0017551680  -0.0054017962  -0.0099500573  -0.0099500573  -0.0099464947 
 -0.1690335196  -0.1690335196  -0.1690328972  -0.0074451904  -0.1690319057  -0.1690321043  -0.0019802320  -0.1505886495  -0.1565857963  -0.0002528286  -0.1039004506  -0.1065281592  -0.0149460955  -0.1690293665  -0.1690326463  -0.0083636085  -0.1453261069  -0.1452294302  -0.0024411907  -0.1042837047  -0.1067225094  -0.0161746628  -0.1690337549  -0.1690328701 
 -0.0454184203  -0.0454184203  -0.0456544702  -0.0080312884  -0.0654476928  -0.0665438587  -0.0019263002  -0.0402008497  -0.0401938904  -0.0002401461  -0.0214995391  -0.0430218113  -0.0156899817  -0.0665440376  -0.0239571686  -0.0089545466  -0.0486099164  -0.0241663204  -0.0023681780  -0.0401996820  -0.0402023751  -0.0160912975  -0.0238846399  -0.0665421074 
 -0.0056313875  -0.0056310274  -0.0056310272  -0.0077568752  -0.0080475012  -0.0080476108  -0.0019152258  -0.0046614282  -0.0047295807  -0.0002460841  -0.0070881955  -0.0070896766  -0.0080472959  -0.0080472959  -0.0080477157  -0.0078890352  -0.0078887606  -0.0080478775  -0.0019197445  -0.0019204202  -0.0046767937  -0.0080476801  -0.0080476801  -0.0080477161 
 -0.3193222307  -0.3193222305  -0.3199019101  -0.0074374092  -0.3887640709  -0.3190107233  -0.0019809480  -0.3197490227  -0.3195080123  -0.0002529970  -0.3196571778  -0.3196888105  -0.0149362194  -0.3188018617  -0.3171069057  -0.0083557630  -0.3196887102  -0.3196923401  -0.0024421601  -0.3199923851  -0.3194039547  -0.0161648704  -0.3197237595  -0.3199969830 
 -0.0357727868  -0.0357727868  -0.0362076312  -0.0072903726  -0.0383164367  -0.0478642046  -0.0019944781  -0.0281702339  -0.0281074703  -0.0002561787  -0.0365592777  -0.0197545458  -0.0147495979  -0.0253081659  -0.0579988877  -0.0082075121  -0.0235454559  -0.0419167439  -0.0024604771  -0.0371724583  -0.0348520482  -0.0151322758  -0.0253081658  -0.0252236743 
 -0.0139316018  -0.0139315962  -0.0139316023  -0.0095901688  -0.0099249622  -0.0099269505  -0.0017598305  -0.0104774224  -0.0104886706  -0.0002064136  -0.0054162666  -0.0064726834  -0.0099363027  -0.0099363027  -0.0099128086  -0.0097036917  -0.0097036931  -0.0099260701  -0.0017790278  -0.0017796161  -0.0139422178  -0.0099256864  -0.0099256864  -0.0113165450 
 -0.8184791736  -0.8184775019  -0.8184775019  -0.0064776711  -0.8184751714  -0.8184735021  -0.0020692616  -0.8184852965  -0.8184869104  -0.0002737647  -0.8184871804  -0.8184854688  -0.0137181023  -0.8184824060  -0.8184933043  -0.0073880991  -0.8184851846  -0.8184875320  -0.0025617187  -0.8184918635  -0.8184963699  -0.0149570723  -0.8184897971  -0.8185023137 
